13 0.018789115646258472
14 0.007861224489795905
77 0.003449781659388618
78 -0.0004912663755458169
79 -0.004501502321769988
15 -0.004609098338327451
80 -0.00479661479661482
12 -0.005549809471965145
23 -0.006459356246590321
21 -0.007082993197278973
81 -0.007242697242697243
75 -0.007446808510638365
87 -0.008020719738276996
96 -0.008372474057891901
83 -0.008872508872508835
82 -0.009387978142076448
84 -0.010968886462882048
85 -0.011273867975995614
22 -0.011302452316076328
76 -0.01156718451894251
88 -0.01160349059176436
94 -0.011824877250409193
18 -0.012210125204137215
16 -0.01224461999455194
17 -0.01304821574502863
49 -0.01309244614125995
97 -0.013337889557135097
86 -0.01356130790190733
98 -0.013816543816543876
95 -0.014217854217854252
11 -0.015019063180827923
19 -0.015862162898392818
89 -0.017175635072384555
93 -0.017372302649549254
10 -0.017732716385411018
92 -0.01783916849015312
90 -0.017957900492072142
50 -0.01863611565739229
63 -0.01930498773507769
72 -0.020158513254987666
66 -0.02042849344978165
73 -0.020891441071916858
20 -0.02106238082266413
100 -0.021288561288561332
69 -0.022062278066102097
24 -0.022634159629528715
67 -0.02286844978165938
48 -0.02307000817216021
91 -0.023737373737373696
46 -0.025289301310043727
47 -0.025416098226466597
71 -0.026206331877729236
74 -0.02686885245901635
70 -0.027705320600272837
68 -0.0282714363735663
43 -0.02875578546147568
52 -0.02910675381263618
99 -0.029215632686526292
27 -0.030670482420277933
45 -0.03100899918189255
64 -0.03304549169163708
51 -0.03396241830065354
26 -0.03437329700272466
25 -0.03583651226158024
65 -0.03612656846699392
54 -0.03711444141689365
53 -0.03802836105808558
44 -0.03910602343962923
55 -0.0407255864702672
29 -0.0412122037591935
42 -0.04166575790621585
28 -0.04320174244486776
40 -0.04422688846468488
61 -0.04646673936750258
32 -0.04738432226456158
34 -0.04759193680196109
62 -0.0478259683578831
41 -0.04954719039825404
30 -0.05131535947712398
56 -0.051583969465648694
57 -0.05520174482006529
58 -0.055415644589806426
59 -0.05556405353728476
31 -0.0571946564885494
39 -0.057215258855585704
33 -0.05754151919411904
35 -0.05927579635175584
37 -0.059324434758921074
38 -0.059378577269010406
60 -0.060595303113052806
36 -0.06263143557613708
