none:
(40, 45, 34, 0.08, 0.75, 'log2') 0.036390616167326174
(60, 26, 12, 0.08, 1.0, 'log2') 0.0198952434881087
(90, 35, 22, 0.1, 0.5, 'log2') 0.010955943474646703
(70, 30, 15, 0.06, 0.75, 'log2') 0.010851302156258727
(90, 42, 32, 0.08, 0.75, 'log2') 0.010757660167130914
(50, 13, 36, 0.06, 1.0, 'log2') 0.003826784726065269
(90, 15, 24, 0.02, 0.75, 'log2') 0.0023513215859030383
(80, 44, 25, 0.06, 0.5, 'log2') 0.001726057906458782
(30, 16, 34, 0.1, 0.5, 'log2') 0.001483870967741903
(70, 36, 25, 0.04, 0.5, 'log2') -0.0004881450488144999
(50, 47, 22, 0.06, 1.0, 'log2') -0.0006012924978926556
(90, 29, 36, 0.1, 1.0, 'log2') -0.0007985631389886654
(90, 28, 22, 0.02, 0.75, 'log2') -0.0009731078458553064
(50, 50, 23, 0.1, 0.75, 'log2') -0.0011214953271028421
(80, 14, 12, 0.1, 1.0, 'log2') -0.0013036211699164186
(80, 25, 17, 0.08, 0.5, 'log2') -0.0014573991031390148
(90, 4, 39, 0.04, 1.0, 'log2') -0.0015216798472866223
(70, 16, 37, 0.1, 0.5, 'log2') -0.0015817029484707162
(80, 48, 32, 0.1, 0.75, 'log2') -0.002066647997759742
(90, 24, 13, 0.1, 0.75, 'log2') -0.003065998329156267
(50, 29, 34, 0.02, 1.0, 'log2') -0.0033763682290204548
(80, 30, None, 0.02, 0.75, 'log2') -0.004472445306009417
(70, 44, 25, 0.08, 0.75, 'log2') -0.007302962548910029
(80, 48, None, 0.02, 0.5, 'log2') -0.00801622831561277
(80, 36, 14, 0.06, 1.0, 'log2') -0.008165680473372792
(50, 30, 21, 0.1, 0.5, 'log2') -0.008381355932203438
(90, 20, 23, 0.1, 0.5, 'log2') -0.008563122923588054
(30, 43, 26, 0.02, 0.75, 'log2') -0.008778061949417411
(40, 7, 11, 0.04, 1.0, 'log2') -0.00915014164305961
(30, 19, 26, 0.04, 1.0, 'log2') -0.009623278043294922
(40, 50, 26, 0.08, 0.5, 'log2') -0.009796149490373725
(80, 37, 22, 0.08, 0.5, 'log2') -0.009986033519553104
(80, 29, 11, 0.06, 1.0, 'log2') -0.010095828635851222
(80, 28, 15, 0.04, 0.75, 'log2') -0.011317851147174098
(30, 8, 26, 0.04, 0.5, 'log2') -0.011419444444444354
(40, 41, 18, 0.08, 0.5, 'log2') -0.011565513329551896
(80, 43, 34, 0.08, 1.0, 'log2') -0.012595697122101207
(70, 46, 24, 0.02, 0.75, 'log2') -0.012731092436974808
(30, 38, 21, 0.08, 1.0, 'log2') -0.012788379379094404
(30, 40, 27, 0.02, 0.5, 'log2') -0.013448962183679296
(70, 11, 34, 0.06, 0.75, 'log2') -0.013566931289351254
(90, 12, 16, 0.08, 0.5, 'log2') -0.013932985443559528
(30, 13, 23, 0.02, 1.0, 'log2') -0.014293370944992962
(60, 46, 27, 0.06, 0.5, 'log2') -0.014526818309463677
(30, 41, 16, 0.02, 1.0, 'log2') -0.014598961338719043
(90, 46, 20, 0.08, 0.5, 'log2') -0.014774373259052953
(90, 32, 13, 0.06, 0.75, 'log2') -0.014840959821428652
(30, 20, 17, 0.08, 0.75, 'log2') -0.014905553989286707
(90, 3, 36, 0.06, 0.5, 'log2') -0.015027247956403306
(60, 34, 27, 0.1, 1.0, 'log2') -0.015183627698346004
(60, 28, 22, 0.06, 0.5, 'log2') -0.015243697478991668
(30, 28, 38, 0.06, 0.75, 'log2') -0.015401810979060593
(50, 46, 40, 0.02, 0.5, 'log2') -0.015792009067724596
(90, 38, 21, 0.08, 1.0, 'log2') -0.015981620718462857
(80, 46, 39, 0.02, 0.75, 'log2') -0.016347923055478164
(70, 25, 34, 0.08, 0.5, 'log2') -0.016399114309438172
(30, 44, 38, 0.02, 0.75, 'log2') -0.017569186875891596
(50, 49, 38, 0.02, 0.5, 'log2') -0.018260011280315836
(80, 32, 13, 0.1, 0.5, 'log2') -0.01875805999439309
(50, 40, 18, 0.1, 0.5, 'log2') -0.019264374295377713
(50, 20, 13, 0.1, 1.0, 'log2') -0.019308105055069205
(30, 8, 14, 0.06, 1.0, 'log2') -0.019686706181202444
(60, 30, None, 0.02, 0.75, 'log2') -0.01982461024498885
(70, 36, 18, 0.04, 1.0, 'log2') -0.0201342281879195
(80, 20, 27, 0.02, 0.75, 'log2') -0.020473959768531332
(70, 25, 35, 0.08, 0.5, 'log2') -0.020809088390135795
(40, 20, 40, 0.1, 1.0, 'log2') -0.02094344904815235
(50, 7, 32, 0.06, 1.0, 'log2') -0.02098870834480865
(50, 36, 22, 0.1, 0.5, 'log2') -0.021646959459459474
(70, 22, 22, 0.1, 1.0, 'log2') -0.021760936193925957
(80, 50, 28, 0.02, 0.75, 'log2') -0.021811089439955456
(40, 43, 22, 0.08, 0.75, 'log2') -0.02194169261251074
(50, 26, 36, 0.06, 0.75, 'log2') -0.022396856581532416
(70, 6, 14, 0.02, 1.0, 'log2') -0.023709898546750718
(90, 7, 17, 0.04, 0.5, 'log2') -0.02389923329682375
(50, 43, 14, 0.08, 0.5, 'log2') -0.024267461669505976
(40, 29, 34, 0.1, 0.5, 'log2') -0.024310734463276924
(80, 4, 11, 0.04, 1.0, 'log2') -0.024344827586206916
(90, 16, 15, 0.1, 1.0, 'log2') -0.024394023242944134
(90, 16, 15, 0.02, 1.0, 'log2') -0.024394023242944134
(60, 6, 16, 0.02, 0.75, 'log2') -0.024691799669785422
(50, 23, 40, 0.1, 0.75, 'log2') -0.024693877551020437
(80, 18, 14, 0.1, 0.5, 'log2') -0.025118285555246322
(60, 38, 10, 0.02, 0.75, 'log2') -0.025289586305278125
(80, 48, 23, 0.02, 1.0, 'log2') -0.025306293706293753
(60, 18, 12, 0.04, 0.5, 'log2') -0.025346229324362236
(80, 28, 16, 0.08, 0.5, 'log2') -0.025538204127161134
(30, 13, 40, 0.1, 1.0, 'log2') -0.02555804823331462
(50, 17, 21, 0.06, 0.5, 'log2') -0.02561403508771936
(60, 42, 29, 0.1, 1.0, 'log2') -0.025825597749648363
(60, 45, 11, 0.02, 1.0, 'log2') -0.025860690836425906
(50, 42, 15, 0.1, 0.75, 'log2') -0.025993150684931448
(60, 37, 34, 0.08, 1.0, 'log2') -0.026284030311535242
(80, 5, None, 0.08, 0.75, 'log2') -0.02643421411059661
(70, 15, 19, 0.02, 1.0, 'log2') -0.026445799833656827
(80, 50, 14, 0.08, 1.0, 'log2') -0.027033802816901455
(80, 14, 20, 0.08, 0.75, 'log2') -0.027065006915629356
(70, 26, 22, 0.06, 0.75, 'log2') -0.027426183844011166
(80, 40, 15, 0.04, 0.5, 'log2') -0.02782852339590921
(90, 37, 12, 0.08, 1.0, 'log2') -0.027828780625176054
(40, 45, 21, 0.06, 0.75, 'log2') -0.028067441201473566
(60, 26, 16, 0.1, 0.75, 'log2') -0.028138163437236696
(80, 20, 34, 0.1, 1.0, 'log2') -0.02818532818532821
(70, 19, 19, 0.08, 0.5, 'log2') -0.02866518353726366
(30, 42, 37, 0.06, 0.75, 'log2') -0.028672364672364673
(70, 50, 22, 0.08, 1.0, 'log2') -0.028722986247544165
(30, 14, 38, 0.04, 0.75, 'log2') -0.028814794059960826
(90, 24, 20, 0.06, 0.5, 'log2') -0.029044850498338885
(50, 42, 11, 0.06, 0.75, 'log2') -0.029093508721761464
(90, 19, 39, 0.06, 0.75, 'log2') -0.029187259747391562
(40, 34, 34, 0.1, 0.75, 'log2') -0.02934140163242323
(30, 4, 21, 0.08, 1.0, 'log2') -0.02937168388718239
(30, 8, 27, 0.04, 0.5, 'log2') -0.029380234505862624
(40, 20, 36, 0.1, 0.75, 'log2') -0.029513422818791973
(70, 21, 37, 0.08, 1.0, 'log2') -0.02993090105030408
(50, 44, 32, 0.1, 1.0, 'log2') -0.03025395033860051
(70, 5, 38, 0.1, 1.0, 'log2') -0.030371584699453582
(80, 31, 16, 0.02, 0.5, 'log2') -0.03039204704564546
(90, 27, 18, 0.08, 0.75, 'log2') -0.03043562708102112
(50, 33, 30, 0.04, 0.5, 'log2') -0.030450577302168443
(50, 33, 30, 0.02, 1.0, 'log2') -0.030450577302168443
(30, 20, 23, 0.06, 0.5, 'log2') -0.030462411347517697
(80, 50, 10, 0.04, 0.75, 'log2') -0.030672913117546854
(60, 44, 17, 0.08, 1.0, 'log2') -0.031015228426395928
(40, 25, 17, 0.06, 0.75, 'log2') -0.03116699632664595
(70, 10, 30, 0.06, 0.75, 'log2') -0.031239374828626324
(60, 8, 16, 0.04, 0.75, 'log2') -0.031249654409731896
(80, 50, 37, 0.04, 1.0, 'log2') -0.031719709659408124
(70, 13, 17, 0.04, 1.0, 'log2') -0.031792164490136256
(40, 22, 26, 0.08, 1.0, 'log2') -0.03184225352112674
(40, 17, 14, 0.04, 0.5, 'log2') -0.032212240314429985
(50, 45, 12, 0.04, 0.5, 'log2') -0.032277028964726104
(40, 38, 29, 0.1, 0.75, 'log2') -0.03228279386712094
(40, 13, 33, 0.04, 1.0, 'log2') -0.032323570432357
(90, 8, 24, 0.08, 0.5, 'log2') -0.03243442622950827
(60, 21, 24, 0.08, 0.5, 'log2') -0.0325881699527908
(60, 48, 28, 0.06, 0.5, 'log2') -0.03300987306064876
(70, 36, 28, 0.02, 1.0, 'log2') -0.03305974316024569
(30, 7, 12, 0.08, 0.75, 'log2') -0.03311326124075125
(20, 27, 28, 0.02, 0.5, 'log2') -0.033180790960452095
(80, 22, 36, 0.02, 0.5, 'log2') -0.033267738359201736
(50, 18, 12, 0.06, 1.0, 'log2') -0.0334913914761502
(50, 43, 29, 0.1, 0.75, 'log2') -0.033512979683972884
(90, 3, 30, 0.06, 0.5, 'log2') -0.03351771117166211
(90, 3, 30, 0.1, 0.75, 'log2') -0.03351771117166211
(60, 49, 36, 0.02, 1.0, 'log2') -0.03354703247480399
(30, 7, None, 0.06, 0.5, 'log2') -0.03361002785515319
(90, 33, 24, 0.08, 0.5, 'log2') -0.033731592108919094
(80, 14, 36, 0.04, 0.5, 'log2') -0.03383516483516478
(60, 49, 39, 0.08, 1.0, 'log2') -0.03387270155586986
(90, 42, 31, 0.1, 1.0, 'log2') -0.03387670091641205
(90, 33, 19, 0.1, 1.0, 'log2') -0.03398727172108471
(40, 13, 17, 0.04, 1.0, 'log2') -0.03436378923766812
(20, 16, 34, 0.1, 0.5, 'log2') -0.03445472385758335
(40, 18, 31, 0.06, 0.5, 'log2') -0.034683473389355714
(80, 8, 13, 0.1, 0.75, 'log2') -0.03494487320837927
(70, 39, 31, 0.04, 0.5, 'log2') -0.03519262981574536
(90, 42, 30, 0.06, 0.5, 'log2') -0.035224672062517365
(80, 21, 37, 0.06, 0.75, 'log2') -0.03535940512255573
(90, 27, 34, 0.1, 1.0, 'log2') -0.03547388781431337
(30, 29, 37, 0.02, 1.0, 'log2') -0.03565032587135161
(90, 18, 14, 0.06, 0.75, 'log2') -0.03570358034970856
(90, 23, 24, 0.1, 0.75, 'log2') -0.03572772551189806
(90, 34, 19, 0.02, 0.75, 'log2') -0.035763560500695415
(80, 30, 37, 0.06, 1.0, 'log2') -0.03604657610202385
(90, 31, 35, 0.08, 0.75, 'log2') -0.03610529217199552
(90, 10, 27, 0.06, 0.75, 'log2') -0.03630672498633129
(70, 41, 10, 0.04, 0.5, 'log2') -0.036341394025604476
(70, 20, 25, 0.04, 0.5, 'log2') -0.036401985111662566
(70, 20, 25, 0.02, 1.0, 'log2') -0.036401985111662566
(80, 5, 29, 0.02, 0.75, 'log2') -0.0364340239912759
(30, 10, 33, 0.04, 1.0, 'log2') -0.03648686416992733
(70, 48, 21, 0.1, 1.0, 'log2') -0.036512676056338005
(60, 37, 36, 0.1, 0.5, 'log2') -0.036552015787989785
(30, 33, 26, 0.08, 0.75, 'log2') -0.036748936170212944
(50, 42, 38, 0.1, 0.5, 'log2') -0.03684299858557283
(90, 19, 27, 0.06, 0.75, 'log2') -0.0370641696502341
(30, 16, 27, 0.1, 1.0, 'log2') -0.0371364021462863
(30, 37, 33, 0.04, 0.5, 'log2') -0.03732330400227084
(60, 4, 36, 0.1, 1.0, 'log2') -0.03737834882449421
(80, 19, 18, 0.02, 0.75, 'log2') -0.03759867513110675
(50, 12, 31, 0.04, 0.75, 'log2') -0.03765957446808505
(80, 7, 27, 0.04, 1.0, 'log2') -0.037681159420289864
(30, 31, 33, 0.04, 1.0, 'log2') -0.03786017548825371
(90, 27, 10, 0.06, 0.75, 'log2') -0.037865956253505306
(30, 34, 12, 0.08, 0.75, 'log2') -0.03795298165137614
(60, 43, 22, 0.1, 0.5, 'log2') -0.0381167183535382
(80, 3, 14, 0.06, 0.75, 'log2') -0.038178315905338385
(60, 45, 25, 0.08, 0.75, 'log2') -0.03830513254371119
(70, 33, 19, 0.1, 0.5, 'log2') -0.03841442953020127
(40, 45, 26, 0.1, 1.0, 'log2') -0.03849604966139955
(20, 5, 25, 0.04, 1.0, 'log2') -0.0385029272372455
(40, 38, 30, 0.1, 0.75, 'log2') -0.03863559322033903
(60, 10, None, 0.04, 1.0, 'log2') -0.03872941822173428
(30, 12, 26, 0.06, 0.5, 'log2') -0.03875595404875333
(40, 25, 15, 0.02, 1.0, 'log2') -0.0389592760180995
(80, 48, 11, 0.02, 1.0, 'log2') -0.039109106287003176
(30, 48, 18, 0.08, 0.75, 'log2') -0.039201608271108475
(70, 21, 34, 0.02, 0.5, 'log2') -0.03930052529720761
(30, 29, 10, 0.08, 0.5, 'log2') -0.03944622559020697
(60, 21, None, 0.1, 1.0, 'log2') -0.039456218627997676
(80, 26, 22, 0.1, 0.5, 'log2') -0.0395549374130736
(90, 5, 18, 0.08, 1.0, 'log2') -0.040021881838074216
(80, 4, 30, 0.1, 0.5, 'log2') -0.04024217687074824
(60, 35, 23, 0.02, 0.5, 'log2') -0.040508141493542815
(80, 48, 30, 0.06, 1.0, 'log2') -0.04058246989638753
(70, 18, 31, 0.06, 0.5, 'log2') -0.04060715275852504
(30, 31, 24, 0.1, 0.75, 'log2') -0.04091218130311605
(70, 35, 34, 0.08, 0.75, 'log2') -0.0409202453987729
(90, 7, 36, 0.1, 0.5, 'log2') -0.04105895196506544
(90, 7, 18, 0.04, 1.0, 'log2') -0.04113729788983281
(70, 5, 39, 0.1, 0.75, 'log2') -0.041139896373056935
(20, 49, 34, 0.02, 1.0, 'log2') -0.041163458776213656
(90, 19, 11, 0.1, 0.75, 'log2') -0.041267842149454205
(30, 31, None, 0.02, 0.5, 'log2') -0.04132523311669968
(20, 30, 27, 0.08, 1.0, 'log2') -0.04138777841233584
(40, 28, 24, 0.1, 0.5, 'log2') -0.04145143177989894
(70, 24, 24, 0.02, 0.75, 'log2') -0.041639755011135766
(50, 21, 31, 0.04, 0.75, 'log2') -0.04185391692221906
(60, 31, 40, 0.02, 1.0, 'log2') -0.04185630416550167
(60, 31, 40, 0.1, 0.5, 'log2') -0.04185630416550167
(30, 43, 15, 0.1, 0.5, 'log2') -0.04203650884198518
(40, 15, 16, 0.02, 1.0, 'log2') -0.042094196804036914
(20, 18, 12, 0.08, 0.75, 'log2') -0.04235427921524035
(90, 38, 39, 0.1, 0.5, 'log2') -0.04236630645608189
(70, 3, 29, 0.1, 0.5, 'log2') -0.04248633879781417
(90, 48, 30, 0.06, 0.5, 'log2') -0.04253474152306833
(80, 36, 27, 0.02, 0.75, 'log2') -0.04261487050960725
(50, 19, 37, 0.06, 0.75, 'log2') -0.04276100803101622
(50, 28, 34, 0.02, 1.0, 'log2') -0.04277528089887647
(70, 15, 30, 0.04, 0.75, 'log2') -0.042809826110957606
(30, 7, 17, 0.08, 1.0, 'log2') -0.04297395687482502
(20, 23, 24, 0.02, 0.75, 'log2') -0.04300085009917835
(70, 18, 17, 0.04, 1.0, 'log2') -0.04309166666666662
(40, 18, 32, 0.04, 0.5, 'log2') -0.04319932998324947
(30, 15, 22, 0.04, 0.5, 'log2') -0.04325280898876396
(80, 29, 21, 0.1, 0.5, 'log2') -0.043276867536795174
(90, 14, 38, 0.06, 0.5, 'log2') -0.043441095890410876
(80, 7, 22, 0.02, 1.0, 'log2') -0.04345459518599558
(90, 7, 32, 0.06, 0.75, 'log2') -0.04353278688524579
(80, 32, 26, 0.08, 1.0, 'log2') -0.04376141710489896
(40, 15, 33, 0.02, 0.75, 'log2') -0.043777901785714224
(60, 16, 18, 0.1, 0.75, 'log2') -0.043800111358574575
(80, 38, 19, 0.08, 1.0, 'log2') -0.04386047804335738
(70, 22, 40, 0.06, 0.5, 'log2') -0.043961218836565015
(60, 30, 32, 0.08, 0.5, 'log2') -0.04402785515320333
(20, 49, 40, 0.02, 1.0, 'log2') -0.044147041929925246
(80, 43, 40, 0.04, 1.0, 'log2') -0.04425472747497207
(60, 40, 31, 0.08, 0.75, 'log2') -0.044294530154277555
(90, 23, 21, 0.1, 1.0, 'log2') -0.04438916528468763
(80, 48, 18, 0.08, 0.5, 'log2') -0.04450168918918904
(40, 40, 22, 0.02, 0.5, 'log2') -0.04530554773303284
(90, 9, 14, 0.02, 1.0, 'log2') -0.04531353135313523
(40, 14, 18, 0.02, 0.5, 'log2') -0.04536954087346017
(90, 15, 21, 0.1, 0.5, 'log2') -0.04537215050810209
(90, 32, 29, 0.1, 1.0, 'log2') -0.04539036544850487
(90, 31, 21, 0.06, 1.0, 'log2') -0.045484856904695725
(70, 3, None, 0.02, 0.5, 'log2') -0.045593220338982894
(80, 31, 14, 0.06, 0.75, 'log2') -0.0457198660714284
(50, 35, 16, 0.04, 0.5, 'log2') -0.04598295454545444
(70, 37, 16, 0.1, 1.0, 'log2') -0.04628619623278049
(90, 38, 22, 0.04, 0.5, 'log2') -0.04663783482142859
(70, 45, 11, 0.02, 0.75, 'log2') -0.046638127853881266
(80, 40, 23, 0.1, 0.5, 'log2') -0.046993299832495734
(70, 33, 40, 0.1, 1.0, 'log2') -0.047006404901141705
(60, 42, 34, 0.04, 0.5, 'log2') -0.047215189873417725
(40, 46, 29, 0.06, 0.75, 'log2') -0.04724128154238724
(70, 47, 29, 0.04, 0.5, 'log2') -0.047303370786516814
(40, 25, 34, 0.1, 1.0, 'log2') -0.047339680761691295
(70, 50, 20, 0.1, 1.0, 'log2') -0.047356643356643274
(90, 7, 19, 0.06, 0.5, 'log2') -0.04745146294777117
(60, 22, 31, 0.08, 0.5, 'log2') -0.04753752084491374
(60, 8, 35, 0.04, 0.5, 'log2') -0.04767333516031769
(60, 14, 25, 0.04, 1.0, 'log2') -0.04804149377593351
(50, 30, 22, 0.06, 0.75, 'log2') -0.048106525376464024
(40, 19, 30, 0.06, 0.5, 'log2') -0.048132361189007176
(70, 3, 34, 0.08, 0.5, 'log2') -0.04822967812329492
(70, 3, 34, 0.04, 1.0, 'log2') -0.04822967812329492
(90, 40, 22, 0.04, 0.75, 'log2') -0.0482885627250068
(20, 50, 24, 0.04, 0.5, 'log2') -0.0486224635610174
(20, 50, 24, 0.06, 0.75, 'log2') -0.0486224635610174
(20, 26, 19, 0.02, 0.5, 'log2') -0.048715986394557834
(80, 27, 20, 0.04, 0.75, 'log2') -0.048846581434130024
(80, 8, 21, 0.1, 0.75, 'log2') -0.048893768871808824
(50, 42, 34, 0.04, 0.5, 'log2') -0.048934495361259475
(90, 10, 23, 0.02, 0.5, 'log2') -0.04895256375102798
(30, 11, 14, 0.04, 0.5, 'log2') -0.049020327498588444
(70, 36, 16, 0.04, 1.0, 'log2') -0.04910140845070414
(90, 4, None, 0.06, 0.75, 'log2') -0.049103542234332324
(50, 25, 32, 0.04, 0.75, 'log2') -0.04916271281049398
(40, 28, 29, 0.06, 0.75, 'log2') -0.049304225352112596
(20, 49, 31, 0.08, 0.5, 'log2') -0.04947413546727634
(20, 34, 24, 0.08, 0.5, 'log2') -0.04985979971387703
(90, 10, 22, 0.08, 1.0, 'log2') -0.050093099671412865
(40, 47, 19, 0.1, 0.75, 'log2') -0.050294617563739284
(30, 43, 11, 0.1, 0.5, 'log2') -0.05033582089552243
(70, 34, 12, 0.02, 0.5, 'log2') -0.05064817435607134
(40, 26, 31, 0.06, 0.5, 'log2') -0.05076771653543301
(40, 49, 21, 0.02, 1.0, 'log2') -0.05120011402508552
(40, 11, 20, 0.08, 0.75, 'log2') -0.05123184357541894
(80, 21, 17, 0.06, 1.0, 'log2') -0.051311203319501945
(10, 13, 23, 0.08, 0.75, 'log2') -0.051387412587412716
(90, 37, 29, 0.1, 0.75, 'log2') -0.05138765294771956
(70, 19, 36, 0.08, 1.0, 'log2') -0.051411569332964195
(70, 39, 18, 0.02, 1.0, 'log2') -0.05149621742785083
(40, 4, 40, 0.06, 0.75, 'log2') -0.05165382498624088
(40, 7, 23, 0.1, 0.75, 'log2') -0.051957245974458506
(30, 36, 12, 0.1, 1.0, 'log2') -0.05206367583212743
(10, 20, 25, 0.04, 0.75, 'log2') -0.052426884139482516
(30, 5, 21, 0.04, 0.5, 'log2') -0.05253826885610893
(50, 35, 30, 0.04, 0.75, 'log2') -0.05293408134642356
(30, 41, 33, 0.06, 1.0, 'log2') -0.053110795454545404
(30, 13, 14, 0.06, 0.5, 'log2') -0.053247597512719146
(80, 16, 10, 0.08, 0.5, 'log2') -0.05332297259112731
(70, 13, 23, 0.06, 0.75, 'log2') -0.05339950372208414
(90, 31, None, 0.04, 0.5, 'log2') -0.05340513670256819
(60, 26, 17, 0.1, 1.0, 'log2') -0.05352908120258487
(70, 30, 31, 0.04, 0.5, 'log2') -0.05364902506963772
(40, 42, 17, 0.02, 0.5, 'log2') -0.05371558330967933
(30, 35, 24, 0.1, 1.0, 'log2') -0.05372258615778986
(20, 13, 13, 0.04, 1.0, 'log2') -0.05379145587408677
(70, 21, 16, 0.04, 0.75, 'log2') -0.055142299107142814
(90, 48, 10, 0.04, 0.75, 'log2') -0.055169683257918475
(50, 36, 13, 0.04, 0.5, 'log2') -0.05529028603794955
(40, 49, 32, 0.02, 1.0, 'log2') -0.055937234944868575
(30, 21, 30, 0.02, 0.5, 'log2') -0.05601867572156186
(70, 34, 31, 0.06, 0.75, 'log2') -0.05620776319463836
(20, 29, 26, 0.02, 1.0, 'log2') -0.056342710997442515
(30, 27, 12, 0.04, 0.5, 'log2') -0.05636517806670443
(50, 22, 15, 0.02, 0.75, 'log2') -0.05654168998321196
(60, 11, 39, 0.02, 0.5, 'log2') -0.05685761498209842
(60, 10, 34, 0.08, 0.5, 'log2') -0.05692963166575034
(40, 47, 10, 0.02, 1.0, 'log2') -0.05697748267898385
(30, 45, 17, 0.1, 0.5, 'log2') -0.05698571428571429
(70, 24, 34, 0.02, 0.5, 'log2') -0.05728026533996661
(30, 37, 19, 0.06, 0.75, 'log2') -0.057464549064095295
(50, 35, 32, 0.04, 1.0, 'log2') -0.05773111612175876
(60, 50, 38, 0.08, 0.5, 'log2') -0.05779999999999993
(40, 33, 25, 0.02, 0.75, 'log2') -0.058172375070185287
(60, 8, 12, 0.02, 1.0, 'log2') -0.05827509085826115
(80, 42, None, 0.08, 0.5, 'log2') -0.05876248612652596
(80, 4, 13, 0.02, 0.5, 'log2') -0.05882967032967016
(30, 40, 30, 0.02, 0.75, 'log2') -0.05903686767647901
(50, 7, 18, 0.06, 0.5, 'log2') -0.05924015529672752
(20, 23, 20, 0.06, 0.75, 'log2') -0.05930429864253386
(40, 24, 38, 0.02, 0.75, 'log2') -0.06011781206171105
(30, 5, 33, 0.1, 0.75, 'log2') -0.060200892857142745
(30, 8, 37, 0.02, 0.75, 'log2') -0.060244716351501575
(30, 7, 34, 0.04, 0.5, 'log2') -0.06039700166574123
(80, 5, 12, 0.06, 1.0, 'log2') -0.06045077433628304
(20, 11, 36, 0.1, 1.0, 'log2') -0.06085489313835782
(10, 15, 29, 0.08, 0.5, 'log2') -0.060860458533823915
(10, 16, 34, 0.02, 0.75, 'log2') -0.06098824188129911
(40, 39, 29, 0.04, 0.75, 'log2') -0.06116127200454283
(40, 42, 18, 0.06, 0.75, 'log2') -0.06132461625923811
(90, 42, 10, 0.04, 0.5, 'log2') -0.061390540923251045
(70, 17, 35, 0.04, 0.5, 'log2') -0.06152083908363222
(40, 9, 16, 0.08, 0.5, 'log2') -0.06162207357859523
(60, 29, 14, 0.06, 1.0, 'log2') -0.06172239393087942
(40, 34, 19, 0.08, 1.0, 'log2') -0.06172404063205418
(80, 46, 18, 0.02, 0.75, 'log2') -0.06183043234138115
(50, 18, 33, 0.02, 0.5, 'log2') -0.062079290268921346
(90, 21, 15, 0.06, 0.75, 'log2') -0.06213632585203648
(20, 30, 29, 0.06, 1.0, 'log2') -0.06214774671990869
(40, 25, 20, 0.02, 0.75, 'log2') -0.062288040426726574
(40, 36, 24, 0.08, 1.0, 'log2') -0.06236641221374053
(30, 31, 11, 0.1, 1.0, 'log2') -0.062374285714285715
(70, 8, 37, 0.08, 1.0, 'log2') -0.06257675438596472
(90, 26, 15, 0.1, 0.5, 'log2') -0.06306532663316569
(50, 21, 30, 0.08, 1.0, 'log2') -0.06317967231324624
(70, 17, 18, 0.08, 0.5, 'log2') -0.06321557719054233
(30, 22, 40, 0.02, 0.75, 'log2') -0.06329561527581333
(70, 44, 13, 0.06, 0.5, 'log2') -0.06370589895568725
(50, 22, 39, 0.06, 0.75, 'log2') -0.06379588431590642
(20, 24, None, 0.06, 0.75, 'log2') -0.06388401697312593
(60, 18, 10, 0.1, 0.5, 'log2') -0.06393331449562015
(20, 28, 32, 0.04, 0.75, 'log2') -0.06400739476678052
(40, 25, 40, 0.08, 0.5, 'log2') -0.0640862944162435
(60, 42, 28, 0.04, 1.0, 'log2') -0.06414429530201339
(30, 5, 34, 0.08, 0.5, 'log2') -0.06445345261392223
(90, 8, 36, 0.04, 0.5, 'log2') -0.06452660300136406
(20, 17, 29, 0.08, 0.5, 'log2') -0.06453005927180357
(60, 32, 19, 0.06, 0.75, 'log2') -0.06464828362408538
(50, 47, 18, 0.08, 0.5, 'log2') -0.0647128712871287
(30, 38, 39, 0.06, 1.0, 'log2') -0.0647340275823249
(20, 44, 14, 0.04, 1.0, 'log2') -0.06485315084117486
(50, 19, 17, 0.08, 1.0, 'log2') -0.06499299130922334
(80, 16, None, 0.02, 0.5, 'log2') -0.0654415798134941
(10, 26, 15, 0.06, 1.0, 'log2') -0.06579616036137786
(60, 24, 10, 0.1, 0.75, 'log2') -0.06603541845187087
(70, 6, 18, 0.04, 0.5, 'log2') -0.06732035106966527
(40, 15, 37, 0.1, 0.75, 'log2') -0.06743247006404897
(40, 15, 37, 0.1, 0.5, 'log2') -0.06743247006404897
(90, 13, 26, 0.04, 0.75, 'log2') -0.0676236263736262
(30, 44, 11, 0.02, 0.75, 'log2') -0.06766801853997674
(50, 38, 40, 0.04, 0.5, 'log2') -0.06830193983694119
(60, 3, 16, 0.04, 1.0, 'log2') -0.06835714285714271
(50, 18, 32, 0.02, 0.75, 'log2') -0.0684673157162725
(20, 42, 19, 0.08, 0.75, 'log2') -0.06863558840250143
(20, 22, 13, 0.08, 1.0, 'log2') -0.06888731195004262
(50, 38, 33, 0.06, 1.0, 'log2') -0.06921222315671434
(40, 5, 11, 0.02, 1.0, 'log2') -0.06921857304643268
(20, 44, 24, 0.04, 1.0, 'log2') -0.06938448325221877
(20, 36, 14, 0.08, 0.75, 'log2') -0.06939645308924491
(80, 6, 26, 0.06, 1.0, 'log2') -0.06940983606557367
(40, 8, 37, 0.04, 1.0, 'log2') -0.06942430113479103
(50, 39, None, 0.02, 0.75, 'log2') -0.06950294860994098
(40, 21, 33, 0.02, 0.5, 'log2') -0.06992729306487692
(80, 42, 40, 0.1, 0.75, 'log2') -0.06994419642857129
(90, 8, 12, 0.08, 0.5, 'log2') -0.06998066298342533
(20, 29, 19, 0.02, 0.75, 'log2') -0.07038854225751573
(10, 6, 13, 0.08, 1.0, 'log2') -0.07186902754356389
(40, 4, 19, 0.08, 0.5, 'log2') -0.07221148536720029
(40, 19, 21, 0.08, 1.0, 'log2') -0.07258326336411974
(10, 6, None, 0.04, 1.0, 'log2') -0.07260748185371307
(20, 24, 21, 0.1, 0.5, 'log2') -0.07293732193732205
(50, 42, 39, 0.04, 0.75, 'log2') -0.07293969849246229
(40, 4, 27, 0.04, 0.5, 'log2') -0.07311520483915301
(20, 33, 40, 0.08, 0.75, 'log2') -0.07324424225191939
(20, 19, 22, 0.06, 0.75, 'log2') -0.07393130854385474
(30, 14, 24, 0.1, 0.5, 'log2') -0.07403646563814881
(50, 9, 40, 0.1, 0.5, 'log2') -0.07428335170893047
(20, 32, 16, 0.02, 1.0, 'log2') -0.07437482198803776
(50, 21, 16, 0.04, 1.0, 'log2') -0.07530150753768858
(20, 23, 15, 0.04, 0.75, 'log2') -0.07540974373415947
(10, 5, 20, 0.02, 0.75, 'log2') -0.07579079497907952
(70, 13, 12, 0.1, 0.75, 'log2') -0.07593584379358458
(60, 17, 16, 0.1, 0.5, 'log2') -0.07606904231625827
(20, 31, 37, 0.02, 0.5, 'log2') -0.07616853932584264
(10, 15, 32, 0.04, 0.5, 'log2') -0.07668443197755968
(60, 5, 28, 0.04, 0.75, 'log2') -0.07671526822558453
(30, 6, None, 0.04, 0.75, 'log2') -0.07700279329608938
(30, 27, None, 0.04, 0.5, 'log2') -0.07702091577162243
(50, 13, 22, 0.08, 0.75, 'log2') -0.07728634850166471
(50, 35, 25, 0.1, 0.5, 'log2') -0.07791878172588837
(80, 47, 21, 0.1, 0.5, 'log2') -0.07835307388606894
(10, 24, 25, 0.1, 0.5, 'log2') -0.0787985368598762
(10, 27, 38, 0.08, 0.5, 'log2') -0.07881508584294968
(10, 29, None, 0.08, 1.0, 'log2') -0.07888038548752846
(60, 18, 34, 0.08, 1.0, 'log2') -0.07918005540166215
(80, 21, 12, 0.04, 0.75, 'log2') -0.07982377622377626
(20, 49, 22, 0.04, 0.75, 'log2') -0.07989392201834851
(40, 16, 25, 0.1, 0.5, 'log2') -0.07990787269681736
(10, 19, 29, 0.06, 1.0, 'log2') -0.08048671328671332
(90, 22, 12, 0.04, 0.75, 'log2') -0.08137200223089802
(10, 44, 29, 0.08, 0.5, 'log2') -0.08170122124396488
(20, 25, 39, 0.08, 1.0, 'log2') -0.08195627484383876
(70, 50, 38, 0.02, 0.5, 'log2') -0.08234714003944775
(10, 19, 20, 0.06, 1.0, 'log2') -0.08250704225352104
(10, 4, 36, 0.02, 1.0, 'log2') -0.08265408106607444
(20, 33, 14, 0.04, 0.75, 'log2') -0.08300258843830896
(10, 28, 32, 0.08, 1.0, 'log2') -0.08331071529544824
(20, 41, 23, 0.02, 0.5, 'log2') -0.08356651376146791
(20, 41, 35, 0.06, 0.5, 'log2') -0.08383913291500296
(10, 14, 10, 0.06, 1.0, 'log2') -0.08457793143186416
(30, 16, 11, 0.1, 0.5, 'log2') -0.08490587564175706
(40, 31, 30, 0.08, 0.5, 'log2') -0.08500562113546957
(10, 32, 40, 0.08, 0.5, 'log2') -0.0852099886492622
(20, 22, 19, 0.04, 1.0, 'log2') -0.0856831065759637
(30, 23, 11, 0.08, 1.0, 'log2') -0.08620590765701172
(10, 45, 13, 0.1, 0.5, 'log2') -0.08625391403358967
(40, 13, None, 0.08, 0.5, 'log2') -0.08632862288722641
(20, 47, None, 0.1, 0.5, 'log2') -0.08644096728307266
(30, 18, 14, 0.1, 0.5, 'log2') -0.08729448198198217
(20, 41, None, 0.02, 0.75, 'log2') -0.08750710631040373
(10, 24, 35, 0.08, 0.75, 'log2') -0.08767827063447507
(20, 10, 40, 0.08, 0.5, 'log2') -0.08801960784313752
(20, 30, 10, 0.1, 0.75, 'log2') -0.08808443423319928
(20, 30, 12, 0.02, 1.0, 'log2') -0.08838858460651491
(70, 10, 19, 0.04, 1.0, 'log2') -0.08869768722466959
(10, 7, None, 0.04, 1.0, 'log2') -0.0887699635752313
(50, 17, 20, 0.04, 0.5, 'log2') -0.08884166666666657
(10, 24, 33, 0.1, 0.5, 'log2') -0.0896264044943822
(10, 33, 21, 0.02, 0.5, 'log2') -0.09016463241555499
(10, 6, 34, 0.06, 0.75, 'log2') -0.09343541202672608
(30, 37, 25, 0.06, 0.75, 'log2') -0.09373511060692007
(10, 32, 14, 0.1, 0.75, 'log2') -0.0943390313390314
(10, 31, 11, 0.1, 1.0, 'log2') -0.09441536273115221
(10, 3, 39, 0.08, 0.5, 'log2') -0.09445582941013582
(10, 10, 10, 0.04, 0.5, 'log2') -0.09599141630901299
(10, 20, 18, 0.08, 0.5, 'log2') -0.09677127509188593
(10, 45, 19, 0.06, 1.0, 'log2') -0.09691868758915843
(20, 41, 36, 0.08, 0.75, 'log2') -0.0985108820160368
(10, 45, 37, 0.1, 0.75, 'log2') -0.09886733238231105
(10, 13, 33, 0.02, 1.0, 'log2') -0.09919495091164106
(10, 22, 32, 0.08, 1.0, 'log2') -0.09977464788732396
(10, 49, 22, 0.06, 0.5, 'log2') -0.10098201541535828
(20, 12, 23, 0.02, 0.5, 'log2') -0.10172676056338043
(20, 44, 31, 0.08, 1.0, 'log2') -0.10196106498711706
(10, 35, 29, 0.1, 0.5, 'log2') -0.10260587238848112
(10, 32, 16, 0.02, 0.5, 'log2') -0.1032002265647126
(10, 33, 24, 0.02, 1.0, 'log2') -0.10333239357203268
(10, 3, 12, 0.06, 1.0, 'log2') -0.10376612450925411
(20, 12, 12, 0.1, 0.5, 'log2') -0.10462258796821809
(10, 37, 16, 0.08, 1.0, 'log2') -0.10611948790896156
(20, 21, 21, 0.04, 0.75, 'log2') -0.1067017344327551
(20, 9, 32, 0.08, 1.0, 'log2') -0.10744094488188977
(10, 21, 17, 0.08, 0.5, 'log2') -0.10865465803546302
(10, 40, 12, 0.02, 1.0, 'log2') -0.11034009717062021
(20, 48, 10, 0.06, 0.5, 'log2') -0.11106389129806302

zero:
(70, 24, 28, 0.02, 0.5, 'log2') 0.019517337031900076
(40, 38, 29, 0.04, 0.75, 'log2') 0.016320113314447576
(60, 38, 39, 0.04, 0.75, 'log2') 0.01554369204832815
(90, 31, 40, 0.04, 0.5, 'log2') 0.014389567147613698
(40, 39, 26, 0.08, 0.75, 'log2') 0.012495043896913043
(40, 47, 25, 0.04, 1.0, 'log2') 0.012294988610478355
(50, 25, 10, 0.02, 0.75, 'log2') 0.010354792560801131
(40, 46, 18, 0.08, 0.75, 'log2') 0.0078007945516458226
(40, 44, 32, 0.02, 1.0, 'log2') 0.007599771949828964
(70, 13, 16, 0.06, 0.5, 'log2') 0.004893322249930672
(30, 4, 10, 0.08, 0.75, 'log2') 0.0030386266094420767
(80, 24, 24, 0.06, 0.5, 'log2') 0.0026960376835688075
(60, 39, 13, 0.04, 0.5, 'log2') 0.0025939530940943577
(60, 43, 17, 0.1, 1.0, 'log2') 0.0008429985855728349
(60, 30, 29, 0.02, 0.5, 'log2') 0.000608013449145431
(50, 16, 27, 0.06, 1.0, 'log2') -0.0012461752433936151
(50, 36, 29, 0.1, 1.0, 'log2') -0.0012982258518727547
(70, 13, 17, 0.06, 0.75, 'log2') -0.0014068125173082697
(70, 36, 17, 0.04, 0.75, 'log2') -0.0015230125523012675
(70, 44, 25, 0.08, 0.75, 'log2') -0.002173669467787133
(20, 3, 16, 0.04, 1.0, 'log2') -0.002362714728245566
(70, 3, 11, 0.04, 0.5, 'log2') -0.0024868311616301807
(40, 14, 25, 0.02, 1.0, 'log2') -0.0038422818791946515
(40, 14, 25, 0.06, 1.0, 'log2') -0.0038422818791946515
(80, 44, 20, 0.02, 0.5, 'log2') -0.0038549832026875826
(60, 18, 12, 0.04, 0.75, 'log2') -0.004490140845070447
(50, 16, 13, 0.08, 0.75, 'log2') -0.00517367975148265
(30, 37, 19, 0.08, 0.5, 'log2') -0.006178815489749436
(40, 8, 16, 0.06, 0.5, 'log2') -0.007116564417177965
(60, 4, 34, 0.08, 1.0, 'log2') -0.007367123287671299
(30, 34, 26, 0.04, 0.5, 'log2') -0.007633674630261763
(40, 23, 11, 0.02, 0.5, 'log2') -0.007818859271997797
(50, 34, 40, 0.02, 1.0, 'log2') -0.008375948300084283
(50, 34, 40, 0.04, 0.75, 'log2') -0.008375948300084283
(40, 44, 19, 0.1, 1.0, 'log2') -0.008906917164816444
(30, 10, 23, 0.04, 0.75, 'log2') -0.009214205816554829
(90, 48, 39, 0.04, 0.5, 'log2') -0.009402943626770362
(40, 12, 10, 0.06, 0.5, 'log2') -0.009449828962371721
(70, 28, 40, 0.06, 0.75, 'log2') -0.009530164025576885
(80, 35, 13, 0.02, 1.0, 'log2') -0.009538677918424799
(80, 35, 13, 0.04, 0.75, 'log2') -0.009538677918424799
(60, 17, 18, 0.08, 0.75, 'log2') -0.009630041724617556
(40, 24, 12, 0.04, 0.75, 'log2') -0.009817403708987248
(80, 30, 30, 0.08, 0.75, 'log2') -0.01002500000000004
(70, 9, 30, 0.1, 0.5, 'log2') -0.010118261826182626
(80, 23, 19, 0.1, 1.0, 'log2') -0.010221729490022223
(70, 7, 27, 0.02, 0.75, 'log2') -0.010296215030170128
(30, 31, 30, 0.02, 0.75, 'log2') -0.01115613488240294
(30, 33, 24, 0.1, 0.75, 'log2') -0.011416761687571242
(80, 9, 30, 0.1, 1.0, 'log2') -0.011917282936181902
(40, 8, 31, 0.1, 1.0, 'log2') -0.01200166343221519
(50, 40, 28, 0.08, 1.0, 'log2') -0.012363892806770136
(80, 15, 32, 0.1, 1.0, 'log2') -0.012384488448844893
(50, 50, 25, 0.02, 0.5, 'log2') -0.012932055257964472
(30, 14, 17, 0.04, 0.75, 'log2') -0.012990970654627494
(70, 11, 26, 0.08, 0.5, 'log2') -0.013109956236323904
(20, 26, 12, 0.06, 1.0, 'log2') -0.01314023515916259
(60, 26, 19, 0.04, 0.75, 'log2') -0.013354893138357738
(40, 12, 29, 0.06, 0.5, 'log2') -0.013883766415199809
(80, 43, 32, 0.08, 1.0, 'log2') -0.013914988814317715
(60, 23, 39, 0.08, 0.5, 'log2') -0.014361172566371717
(30, 22, 22, 0.06, 0.5, 'log2') -0.014398976982097196
(90, 3, 19, 0.1, 0.5, 'log2') -0.014778930131004443
(80, 11, 29, 0.06, 0.5, 'log2') -0.015031567389514161
(30, 44, 26, 0.1, 0.75, 'log2') -0.015232524964336823
(40, 19, 13, 0.08, 1.0, 'log2') -0.015359366157328856
(70, 26, 16, 0.08, 0.75, 'log2') -0.016544385326239208
(50, 11, 24, 0.1, 0.75, 'log2') -0.017354981959478287
(30, 20, 33, 0.08, 0.5, 'log2') -0.01769535673839188
(80, 35, 38, 0.1, 1.0, 'log2') -0.017908205841446416
(90, 39, 29, 0.1, 0.5, 'log2') -0.0181969949916528
(30, 48, 19, 0.08, 0.5, 'log2') -0.018377142857143005
(20, 11, 27, 0.08, 0.75, 'log2') -0.018411847672778703
(80, 34, 12, 0.06, 0.75, 'log2') -0.018454802259887042
(40, 22, 32, 0.08, 1.0, 'log2') -0.018724775784753355
(80, 6, 21, 0.08, 0.5, 'log2') -0.018808743169398966
(90, 10, 13, 0.02, 0.5, 'log2') -0.01906319290465639
(60, 38, 31, 0.1, 1.0, 'log2') -0.019095505617977546
(50, 31, 30, 0.04, 0.5, 'log2') -0.019781206171108037
(50, 18, 15, 0.08, 0.75, 'log2') -0.019823726916620057
(70, 8, 12, 0.06, 1.0, 'log2') -0.019866555462885772
(40, 16, 10, 0.04, 1.0, 'log2') -0.019911453870322803
(30, 40, 37, 0.02, 1.0, 'log2') -0.019925544100801856
(40, 18, None, 0.08, 0.75, 'log2') -0.020264565156206057
(90, 21, 14, 0.1, 1.0, 'log2') -0.020409745293466272
(70, 37, 30, 0.1, 1.0, 'log2') -0.020787114845938384
(70, 23, 14, 0.08, 0.75, 'log2') -0.020931015143017408
(50, 17, 31, 0.02, 0.5, 'log2') -0.02108635097493046
(70, 34, 25, 0.04, 0.75, 'log2') -0.0211570709893796
(70, 34, 39, 0.08, 1.0, 'log2') -0.021466259372396608
(30, 40, 28, 0.04, 1.0, 'log2') -0.021847079037800716
(90, 47, 20, 0.04, 1.0, 'log2') -0.021849888392857144
(30, 42, 40, 0.06, 0.5, 'log2') -0.02208797486432461
(30, 14, 16, 0.1, 1.0, 'log2') -0.022299176837922194
(30, 40, 31, 0.1, 0.75, 'log2') -0.022339397384877804
(50, 30, 30, 0.02, 0.5, 'log2') -0.02240112201963533
(70, 25, 24, 0.04, 0.5, 'log2') -0.02254100639421745
(60, 46, None, 0.08, 0.75, 'log2') -0.023135878719820337
(70, 49, 13, 0.08, 1.0, 'log2') -0.023279706463449158
(70, 22, 40, 0.02, 0.5, 'log2') -0.023390772651473067
(40, 9, 17, 0.06, 0.5, 'log2') -0.02344125034886959
(90, 27, 16, 0.1, 0.75, 'log2') -0.023497344143136773
(70, 37, 29, 0.08, 1.0, 'log2') -0.02364525139664805
(80, 45, 15, 0.02, 0.5, 'log2') -0.02380912398544639
(60, 27, 30, 0.1, 0.75, 'log2') -0.024178139926945796
(90, 35, 11, 0.1, 0.5, 'log2') -0.02423781346858266
(50, 35, 25, 0.06, 0.75, 'log2') -0.02450676437429556
(60, 25, 27, 0.04, 0.5, 'log2') -0.02467777777777773
(80, 5, 39, 0.1, 1.0, 'log2') -0.024844262295082048
(80, 12, 12, 0.08, 1.0, 'log2') -0.02484553298079603
(30, 44, 16, 0.08, 1.0, 'log2') -0.02488597491448118
(40, 23, 39, 0.06, 0.5, 'log2') -0.024974647887323998
(90, 30, 30, 0.1, 0.75, 'log2') -0.02501800055386319
(20, 17, 39, 0.1, 0.75, 'log2') -0.025050476724621497
(50, 8, 12, 0.02, 0.75, 'log2') -0.025159040178571408
(30, 6, 16, 0.1, 1.0, 'log2') -0.025260067114093933
(60, 50, 40, 0.06, 1.0, 'log2') -0.02554311310190377
(30, 26, 12, 0.04, 0.5, 'log2') -0.025552375500858635
(50, 14, 29, 0.1, 1.0, 'log2') -0.02567222222222227
(90, 8, 25, 0.08, 0.75, 'log2') -0.02607387140902881
(50, 50, 32, 0.1, 1.0, 'log2') -0.026235127478753582
(80, 35, 16, 0.1, 1.0, 'log2') -0.026257342657342725
(50, 11, 15, 0.08, 0.75, 'log2') -0.02629515541865029
(70, 41, 34, 0.04, 0.5, 'log2') -0.026573738500139422
(70, 18, 18, 0.04, 0.5, 'log2') -0.026575000000000012
(90, 13, 28, 0.02, 0.75, 'log2') -0.026820793433652606
(30, 5, 34, 0.04, 0.5, 'log2') -0.026989157631359537
(50, 40, 26, 0.1, 1.0, 'log2') -0.027007629273806143
(40, 17, 29, 0.02, 1.0, 'log2') -0.02713605823068313
(30, 17, 29, 0.04, 0.75, 'log2') -0.027141652613828112
(80, 50, 32, 0.1, 0.75, 'log2') -0.02743912678421497
(20, 45, 23, 0.1, 0.75, 'log2') -0.027736389684813782
(80, 43, 26, 0.04, 1.0, 'log2') -0.028029074643556053
(90, 42, 38, 0.02, 0.75, 'log2') -0.028400111296605465
(30, 41, 12, 0.08, 1.0, 'log2') -0.028426966292134814
(90, 38, 38, 0.08, 1.0, 'log2') -0.028432026688907455
(90, 26, 33, 0.04, 0.5, 'log2') -0.028743426515361187
(90, 16, 38, 0.04, 0.5, 'log2') -0.028756519352182326
(40, 12, 23, 0.02, 0.5, 'log2') -0.028977877345281587
(90, 29, 33, 0.08, 0.5, 'log2') -0.029016302846090136
(70, 41, 15, 0.06, 1.0, 'log2') -0.02902088036117381
(90, 20, 37, 0.02, 0.75, 'log2') -0.029086154693091146
(70, 6, 30, 0.02, 0.75, 'log2') -0.029499041883383544
(60, 4, 31, 0.06, 0.75, 'log2') -0.02953201970443352
(60, 23, 33, 0.06, 0.5, 'log2') -0.029577308120133483
(40, 45, 18, 0.08, 0.75, 'log2') -0.029615275007124447
(80, 33, 15, 0.02, 0.5, 'log2') -0.029935520044855658
(30, 25, 26, 0.08, 0.75, 'log2') -0.03010502412716435
(40, 26, 16, 0.08, 0.5, 'log2') -0.030110763987503533
(70, 46, 17, 0.08, 0.75, 'log2') -0.03049775028121478
(70, 6, 27, 0.06, 1.0, 'log2') -0.030584539743239596
(50, 35, 11, 0.06, 0.5, 'log2') -0.03059225512528475
(40, 11, 21, 0.02, 0.75, 'log2') -0.030667965488449803
(60, 37, 12, 0.04, 0.75, 'log2') -0.03085310734463279
(30, 46, 31, 0.02, 0.5, 'log2') -0.031152204836415374
(80, 30, 18, 0.04, 0.5, 'log2') -0.03168892598775741
(50, 43, None, 0.08, 0.75, 'log2') -0.032234794908062206
(80, 43, 37, 0.04, 1.0, 'log2') -0.032374684962195484
(50, 27, 13, 0.02, 0.5, 'log2') -0.0323849844764325
(40, 7, 30, 0.08, 0.75, 'log2') -0.032445547284257005
(90, 4, 32, 0.08, 0.75, 'log2') -0.032556554919596595
(70, 18, 26, 0.02, 0.75, 'log2') -0.032586968525676455
(20, 13, 17, 0.08, 1.0, 'log2') -0.03259049773755656
(20, 42, 32, 0.04, 1.0, 'log2') -0.03260807328943613
(60, 45, 13, 0.02, 0.5, 'log2') -0.03279281846679968
(30, 5, 16, 0.1, 1.0, 'log2') -0.032870344441333
(50, 16, 28, 0.08, 1.0, 'log2') -0.03319475446428573
(70, 11, 33, 0.02, 0.75, 'log2') -0.033253706754530515
(90, 50, 17, 0.04, 0.5, 'log2') -0.03332305968058279
(50, 47, 22, 0.08, 0.75, 'log2') -0.033359706131675604
(70, 26, 13, 0.08, 1.0, 'log2') -0.03336700336700332
(80, 16, 36, 0.1, 1.0, 'log2') -0.03350935093509351
(50, 21, 21, 0.06, 1.0, 'log2') -0.03362692847124826
(60, 3, 28, 0.06, 1.0, 'log2') -0.033694702348443475
(60, 5, 15, 0.02, 0.5, 'log2') -0.03375414364640881
(50, 28, 37, 0.02, 1.0, 'log2') -0.033825597749648335
(20, 22, 19, 0.1, 0.5, 'log2') -0.033963068181818296
(70, 10, 19, 0.1, 1.0, 'log2') -0.03396314631463145
(20, 11, 16, 0.04, 0.75, 'log2') -0.03413734871939206
(40, 5, 19, 0.08, 1.0, 'log2') -0.034203220433092756
(80, 3, 16, 0.08, 0.75, 'log2') -0.03454147276211333
(70, 40, 38, 0.06, 0.75, 'log2') -0.03459663865546223
(30, 11, 30, 0.1, 0.5, 'log2') -0.034609353122374606
(20, 7, 17, 0.06, 0.5, 'log2') -0.03469491525423723
(10, 9, 27, 0.06, 0.5, 'log2') -0.03472640982691244
(90, 21, 36, 0.08, 0.75, 'log2') -0.03483071841453334
(50, 3, 14, 0.1, 0.75, 'log2') -0.034836565096952925
(70, 13, 30, 0.1, 0.5, 'log2') -0.035100523271825945
(40, 46, 33, 0.02, 0.5, 'log2') -0.03523958927552762
(40, 46, 33, 0.08, 0.75, 'log2') -0.03523958927552762
(50, 24, 33, 0.04, 0.5, 'log2') -0.035521970333053474
(70, 8, 16, 0.04, 1.0, 'log2') -0.03554206896551727
(80, 15, 35, 0.04, 0.75, 'log2') -0.03573982398239821
(30, 20, 19, 0.08, 0.5, 'log2') -0.035936883629191285
(50, 17, 36, 0.1, 0.5, 'log2') -0.035977839335180055
(30, 32, 16, 0.02, 0.75, 'log2') -0.03614853195164072
(90, 42, 32, 0.06, 0.5, 'log2') -0.03627647714604228
(40, 34, 29, 0.08, 1.0, 'log2') -0.03656893149140113
(90, 3, 21, 0.04, 1.0, 'log2') -0.036605679956308056
(20, 38, 32, 0.1, 1.0, 'log2') -0.03662116040955632
(90, 47, 21, 0.06, 1.0, 'log2') -0.03664339569952513
(40, 19, 28, 0.1, 1.0, 'log2') -0.03664519742369077
(60, 32, 31, 0.02, 1.0, 'log2') -0.036842841163310866
(30, 12, 15, 0.02, 1.0, 'log2') -0.03686318758815239
(60, 17, 35, 0.08, 0.75, 'log2') -0.03689933259176859
(60, 34, 15, 0.08, 0.5, 'log2') -0.036911764705882276
(60, 34, 15, 0.04, 0.5, 'log2') -0.036911764705882276
(70, 15, 21, 0.04, 0.5, 'log2') -0.03700413793103452
(50, 16, 23, 0.04, 1.0, 'log2') -0.03710027855153201
(40, 19, 18, 0.06, 1.0, 'log2') -0.03712708746108118
(30, 18, 11, 0.08, 0.5, 'log2') -0.037128571428571344
(30, 4, 33, 0.04, 0.5, 'log2') -0.03739844184752363
(40, 30, 23, 0.04, 0.75, 'log2') -0.03805626598465471
(70, 47, 14, 0.04, 0.5, 'log2') -0.03806715575620769
(80, 45, 11, 0.04, 1.0, 'log2') -0.03812181303116154
(50, 22, 39, 0.04, 0.5, 'log2') -0.03814473316568873
(70, 42, 19, 0.1, 1.0, 'log2') -0.0381734006734007
(60, 35, 23, 0.08, 0.5, 'log2') -0.03824978997479696
(70, 9, 22, 0.06, 0.5, 'log2') -0.03834751578369469
(30, 48, 30, 0.02, 0.75, 'log2') -0.03868027602070164
(40, 47, 32, 0.04, 0.75, 'log2') -0.038876244665718325
(60, 42, 30, 0.02, 1.0, 'log2') -0.03895551801801811
(80, 7, 29, 0.06, 0.75, 'log2') -0.03902599179206566
(90, 27, 15, 0.02, 1.0, 'log2') -0.03925472747497216
(30, 41, 29, 0.04, 0.75, 'log2') -0.03931916116058615
(50, 43, 22, 0.08, 0.5, 'log2') -0.03937394247038922
(50, 20, 24, 0.06, 0.75, 'log2') -0.03962395543175485
(40, 34, 26, 0.06, 1.0, 'log2') -0.03964014619061022
(80, 38, 19, 0.04, 0.75, 'log2') -0.03967245240761464
(60, 12, 10, 0.08, 1.0, 'log2') -0.03988142292490115
(30, 37, 34, 0.1, 1.0, 'log2') -0.04022759601706976
(80, 10, 11, 0.1, 1.0, 'log2') -0.04024986118822874
(30, 45, 11, 0.04, 0.5, 'log2') -0.04033508158508169
(30, 19, 39, 0.04, 0.75, 'log2') -0.040395956192080716
(80, 17, 38, 0.08, 1.0, 'log2') -0.040507026729126414
(20, 48, 37, 0.02, 1.0, 'log2') -0.040657290470723396
(40, 5, 34, 0.08, 0.5, 'log2') -0.04081260364842452
(90, 37, 12, 0.02, 0.5, 'log2') -0.04127838519764498
(40, 33, 26, 0.1, 1.0, 'log2') -0.04143746462931523
(70, 37, 28, 0.02, 0.75, 'log2') -0.04150864472950356
(40, 10, 28, 0.06, 0.75, 'log2') -0.04157366071428554
(60, 15, 27, 0.02, 1.0, 'log2') -0.04160077412220069
(40, 31, 22, 0.04, 0.5, 'log2') -0.04169912503528083
(40, 11, 12, 0.02, 1.0, 'log2') -0.04174922162468146
(90, 5, 37, 0.1, 0.75, 'log2') -0.041810509120609705
(70, 5, 19, 0.04, 0.75, 'log2') -0.041815688425671876
(60, 43, 31, 0.08, 0.75, 'log2') -0.04196753428491452
(90, 42, None, 0.02, 0.75, 'log2') -0.04205092720730684
(90, 10, 30, 0.08, 0.5, 'log2') -0.04210958904109577
(60, 7, 14, 0.02, 0.5, 'log2') -0.04252079866888505
(80, 38, 25, 0.1, 1.0, 'log2') -0.04279743661186953
(80, 38, 25, 0.02, 0.5, 'log2') -0.04279743661186953
(70, 17, 40, 0.04, 0.5, 'log2') -0.04283310344827585
(90, 23, 15, 0.08, 1.0, 'log2') -0.04286505957328891
(90, 19, 21, 0.1, 1.0, 'log2') -0.04295988934993081
(90, 33, 32, 0.08, 0.75, 'log2') -0.04297777777777762
(30, 46, 20, 0.1, 0.75, 'log2') -0.04307449856733532
(90, 38, 17, 0.1, 0.75, 'log2') -0.04313024035774166
(90, 38, 17, 0.08, 0.75, 'log2') -0.04313024035774166
(60, 42, 16, 0.08, 0.75, 'log2') -0.0431543244771056
(90, 4, 37, 0.08, 1.0, 'log2') -0.043222645617855104
(20, 12, 14, 0.02, 1.0, 'log2') -0.04348083427282967
(90, 5, 34, 0.1, 0.5, 'log2') -0.04364008738394312
(30, 22, 27, 0.02, 0.5, 'log2') -0.043820288217010415
(30, 47, 12, 0.08, 0.75, 'log2') -0.04383931133428983
(20, 24, 16, 0.1, 0.75, 'log2') -0.04398061020815523
(80, 19, 14, 0.02, 0.5, 'log2') -0.04400110987791337
(70, 16, 32, 0.04, 0.75, 'log2') -0.04413888123449969
(50, 15, 22, 0.04, 0.75, 'log2') -0.044524999999999954
(30, 38, 35, 0.06, 0.5, 'log2') -0.044615384615384494
(70, 16, 16, 0.02, 1.0, 'log2') -0.04467719589914092
(50, 36, 26, 0.06, 0.75, 'log2') -0.044992979500140313
(40, 22, 12, 0.1, 0.5, 'log2') -0.04512049900765522
(80, 19, 17, 0.08, 0.5, 'log2') -0.04525541365907811
(90, 4, 39, 0.1, 0.5, 'log2') -0.0453607405390688
(70, 6, 28, 0.02, 0.75, 'log2') -0.045411539513262086
(40, 32, 26, 0.04, 0.75, 'log2') -0.04575500987863393
(70, 12, 10, 0.02, 1.0, 'log2') -0.04578976796197925
(70, 13, 18, 0.04, 0.5, 'log2') -0.045834254143646266
(30, 12, 40, 0.08, 0.75, 'log2') -0.0458607132827858
(50, 30, 11, 0.08, 0.75, 'log2') -0.045937589464643616
(20, 50, 10, 0.06, 0.5, 'log2') -0.04612459783562458
(40, 21, 23, 0.08, 0.75, 'log2') -0.046209587513935356
(90, 30, 12, 0.06, 1.0, 'log2') -0.04621629213483139
(20, 50, 18, 0.08, 0.5, 'log2') -0.046278400920333675
(70, 29, 27, 0.04, 0.5, 'log2') -0.04634139560745061
(70, 7, 31, 0.08, 0.75, 'log2') -0.04634768302714543
(60, 14, 15, 0.04, 0.75, 'log2') -0.046941045606229054
(50, 38, 22, 0.06, 1.0, 'log2') -0.04706843142776677
(10, 27, 30, 0.08, 0.75, 'log2') -0.04711456859971723
(20, 19, 40, 0.02, 0.75, 'log2') -0.0478890775325411
(60, 33, 33, 0.08, 1.0, 'log2') -0.04801174496644296
(60, 8, 30, 0.04, 0.75, 'log2') -0.048019283746556354
(40, 50, 11, 0.06, 0.5, 'log2') -0.04812500000000009
(10, 17, 40, 0.02, 0.5, 'log2') -0.04812992125984253
(90, 6, 33, 0.1, 0.75, 'log2') -0.04832695462001078
(90, 6, 33, 0.1, 1.0, 'log2') -0.04832695462001078
(20, 29, 22, 0.06, 0.5, 'log2') -0.048372225384177604
(90, 34, 32, 0.02, 0.75, 'log2') -0.04839866555462872
(50, 20, 37, 0.1, 0.75, 'log2') -0.04855788005578797
(70, 22, 11, 0.1, 0.75, 'log2') -0.048691483361534046
(80, 16, 32, 0.02, 0.5, 'log2') -0.04901675363910996
(40, 4, 35, 0.1, 0.5, 'log2') -0.0490989742168006
(20, 31, 24, 0.1, 1.0, 'log2') -0.04910413694721827
(50, 9, 31, 0.1, 1.0, 'log2') -0.04916344561016001
(50, 6, 19, 0.08, 1.0, 'log2') -0.04917702292184464
(80, 24, 17, 0.02, 1.0, 'log2') -0.04918588496804659
(60, 41, 28, 0.08, 0.75, 'log2') -0.049449566918133535
(60, 16, 36, 0.1, 0.5, 'log2') -0.04972413793103439
(90, 27, 29, 0.04, 0.5, 'log2') -0.049872787610619425
(80, 9, 32, 0.06, 0.75, 'log2') -0.04991256830601078
(30, 12, 26, 0.1, 0.75, 'log2') -0.050028003360403105
(50, 30, 39, 0.06, 0.75, 'log2') -0.05037183098591533
(50, 46, 28, 0.04, 0.75, 'log2') -0.05037485907553547
(50, 46, 28, 0.1, 1.0, 'log2') -0.05037485907553547
(80, 20, 25, 0.1, 1.0, 'log2') -0.05065785851913
(90, 15, 34, 0.02, 0.75, 'log2') -0.05068662455369402
(90, 15, 34, 0.02, 0.5, 'log2') -0.05068662455369402
(70, 39, 11, 0.02, 1.0, 'log2') -0.05073156846000569
(50, 28, 19, 0.02, 0.75, 'log2') -0.050770316027087974
(70, 16, 29, 0.1, 1.0, 'log2') -0.05089177250138036
(20, 41, 18, 0.04, 0.5, 'log2') -0.050950213371266026
(80, 24, 15, 0.02, 0.5, 'log2') -0.05111948632049132
(80, 15, 39, 0.02, 0.5, 'log2') -0.05121003307607482
(80, 15, 38, 0.08, 0.75, 'log2') -0.05122038567493096
(80, 44, 13, 0.06, 1.0, 'log2') -0.051320966835300665
(70, 48, 26, 0.08, 0.5, 'log2') -0.0513404374649467
(20, 24, 24, 0.02, 0.5, 'log2') -0.05142290249433114
(20, 49, 34, 0.08, 1.0, 'log2') -0.05158953722334003
(80, 26, 22, 0.04, 0.5, 'log2') -0.05161936560934871
(90, 39, 11, 0.02, 0.75, 'log2') -0.05181638418079089
(70, 3, 30, 0.04, 0.5, 'log2') -0.05183606557377024
(70, 10, 21, 0.06, 0.75, 'log2') -0.05184839329854424
(50, 47, 28, 0.06, 0.5, 'log2') -0.05196261682242998
(40, 32, 18, 0.1, 0.75, 'log2') -0.05206925675675684
(80, 42, 23, 0.04, 0.75, 'log2') -0.052126709461345115
(30, 43, 40, 0.08, 0.5, 'log2') -0.052149210903873845
(50, 7, 38, 0.1, 1.0, 'log2') -0.05216171617161713
(50, 7, 38, 0.1, 0.5, 'log2') -0.05216171617161713
(90, 50, 31, 0.06, 0.5, 'log2') -0.052167832167832086
(20, 45, None, 0.02, 0.5, 'log2') -0.052544987146529644
(60, 23, 21, 0.02, 0.75, 'log2') -0.052694877505567825
(80, 13, 38, 0.02, 0.75, 'log2') -0.05271828665568356
(70, 41, 23, 0.1, 0.75, 'log2') -0.05277715565509507
(50, 14, 36, 0.06, 1.0, 'log2') -0.05284801333703789
(80, 24, 32, 0.02, 0.75, 'log2') -0.052908135030437106
(20, 40, 13, 0.1, 0.5, 'log2') -0.052968840161569684
(60, 40, 17, 0.04, 0.5, 'log2') -0.05311085972850669
(70, 7, 38, 0.08, 0.5, 'log2') -0.053119015047879595
(80, 23, 21, 0.08, 0.75, 'log2') -0.053301078241636574
(40, 44, 39, 0.1, 1.0, 'log2') -0.053356047700170425
(90, 16, 39, 0.1, 1.0, 'log2') -0.05357534246575325
(20, 27, 18, 0.02, 0.5, 'log2') -0.053722460658082984
(70, 14, 32, 0.08, 0.5, 'log2') -0.05389132821075727
(80, 28, 27, 0.06, 0.75, 'log2') -0.0540122256182272
(10, 40, 38, 0.04, 1.0, 'log2') -0.054203062960862296
(80, 40, 20, 0.1, 0.75, 'log2') -0.05458554284119446
(20, 38, 31, 0.1, 1.0, 'log2') -0.0547794959908362
(60, 22, 39, 0.04, 0.5, 'log2') -0.05545833333333325
(90, 46, 30, 0.1, 0.5, 'log2') -0.05549025069637866
(30, 37, 11, 0.08, 0.75, 'log2') -0.05554429646786337
(70, 23, 15, 0.04, 1.0, 'log2') -0.05567251461988295
(30, 32, 13, 0.08, 0.75, 'log2') -0.05576329331046319
(60, 8, 12, 0.04, 0.5, 'log2') -0.055927374301675985
(50, 41, 36, 0.1, 1.0, 'log2') -0.05624435665914215
(30, 32, 26, 0.08, 0.5, 'log2') -0.05629032258064528
(20, 33, 21, 0.02, 1.0, 'log2') -0.05631548811909542
(20, 32, 15, 0.1, 0.5, 'log2') -0.05633979475484611
(60, 24, 31, 0.02, 0.5, 'log2') -0.05638873396542098
(20, 10, 37, 0.1, 0.5, 'log2') -0.05670028011204478
(30, 41, 31, 0.06, 0.75, 'log2') -0.05684270300965359
(60, 29, 21, 0.02, 1.0, 'log2') -0.057238575834034064
(60, 29, 21, 0.08, 0.5, 'log2') -0.057238575834034064
(20, 18, 21, 0.1, 0.5, 'log2') -0.057314788532500625
(40, 5, 18, 0.08, 0.5, 'log2') -0.05736944444444426
(60, 26, 20, 0.04, 1.0, 'log2') -0.057513271863648956
(60, 10, 37, 0.04, 0.5, 'log2') -0.057656938325990996
(70, 14, 11, 0.1, 0.75, 'log2') -0.05770675637790855
(20, 23, 20, 0.08, 1.0, 'log2') -0.05792292434117319
(20, 11, 10, 0.04, 1.0, 'log2') -0.05804215997689866
(40, 48, 12, 0.06, 0.75, 'log2') -0.05814385150812069
(10, 25, 13, 0.04, 1.0, 'log2') -0.05925483503981806
(90, 24, 39, 0.1, 0.75, 'log2') -0.05980981256890837
(30, 31, 10, 0.04, 1.0, 'log2') -0.06010687463893703
(20, 46, 34, 0.1, 0.5, 'log2') -0.0601454649172846
(10, 35, 19, 0.06, 0.5, 'log2') -0.06036219581211107
(20, 13, 35, 0.1, 1.0, 'log2') -0.06059570863918678
(90, 16, 32, 0.08, 0.75, 'log2') -0.06081509846827113
(20, 50, 13, 0.08, 1.0, 'log2') -0.061002015548517224
(60, 4, 37, 0.06, 0.5, 'log2') -0.06115216201423078
(90, 32, 24, 0.06, 0.5, 'log2') -0.061611558766323814
(80, 17, 24, 0.1, 1.0, 'log2') -0.06161744410709339
(80, 9, 21, 0.04, 0.5, 'log2') -0.061624142661179465
(90, 8, 33, 0.02, 1.0, 'log2') -0.06186834198306459
(20, 40, 18, 0.04, 1.0, 'log2') -0.06210420841683371
(20, 9, 21, 0.1, 0.75, 'log2') -0.06233868695407175
(70, 15, 17, 0.1, 0.75, 'log2') -0.06233895493502891
(20, 20, 34, 0.04, 0.75, 'log2') -0.06314028675850442
(10, 41, 21, 0.02, 0.5, 'log2') -0.06339509692132274
(90, 28, 35, 0.04, 0.75, 'log2') -0.06373787752840107
(90, 35, 14, 0.08, 1.0, 'log2') -0.06379860139860129
(80, 33, 18, 0.04, 0.75, 'log2') -0.06393981610476455
(10, 41, 30, 0.1, 0.75, 'log2') -0.06400283687943274
(10, 11, 25, 0.1, 0.75, 'log2') -0.064878185382246
(90, 20, 32, 0.06, 0.5, 'log2') -0.06488141202426899
(20, 6, 11, 0.02, 1.0, 'log2') -0.06491438356164388
(10, 23, 21, 0.1, 1.0, 'log2') -0.0649165959852984
(30, 32, 18, 0.02, 0.5, 'log2') -0.06537588652482279
(20, 48, 12, 0.08, 0.75, 'log2') -0.06541822362747902
(30, 27, 23, 0.06, 0.75, 'log2') -0.0654379048155449
(30, 7, 24, 0.1, 0.5, 'log2') -0.06582006146968424
(70, 42, 13, 0.08, 0.5, 'log2') -0.06589924007880656
(50, 15, 10, 0.04, 1.0, 'log2') -0.06600684540787224
(50, 23, 40, 0.04, 0.75, 'log2') -0.06608305274971926
(20, 8, 29, 0.06, 1.0, 'log2') -0.06657761529808773
(60, 33, 31, 0.04, 0.5, 'log2') -0.06689404528934847
(50, 6, 38, 0.02, 0.75, 'log2') -0.06717715231788063
(30, 35, 24, 0.04, 1.0, 'log2') -0.06717905405405408
(30, 27, 35, 0.08, 1.0, 'log2') -0.06728741496598646
(90, 40, 34, 0.1, 1.0, 'log2') -0.06729310822031549
(90, 17, 10, 0.02, 0.5, 'log2') -0.0673417366946778
(10, 27, 35, 0.1, 1.0, 'log2') -0.06741633579126503
(10, 12, 30, 0.06, 0.5, 'log2') -0.06768841394825659
(20, 29, 37, 0.1, 0.75, 'log2') -0.06775487150522425
(10, 33, 31, 0.08, 0.75, 'log2') -0.06806333050607864
(10, 8, 37, 0.06, 0.5, 'log2') -0.06809151785714271
(80, 43, 28, 0.08, 0.5, 'log2') -0.06823906380607414
(30, 19, 12, 0.08, 0.5, 'log2') -0.06843830151040181
(20, 40, 40, 0.08, 0.75, 'log2') -0.06892703862660944
(20, 24, 30, 0.1, 0.5, 'log2') -0.06896063438119503
(80, 28, 35, 0.08, 0.75, 'log2') -0.06917937344053235
(40, 24, 39, 0.04, 0.75, 'log2') -0.06918788907753252
(40, 43, 21, 0.02, 1.0, 'log2') -0.06941963015647236
(40, 5, 38, 0.04, 0.5, 'log2') -0.0695695364238409
(10, 37, 28, 0.06, 0.75, 'log2') -0.07093431483578717
(50, 33, 10, 0.06, 1.0, 'log2') -0.07100489490354173
(50, 33, None, 0.04, 1.0, 'log2') -0.07117498597868763
(10, 28, 18, 0.06, 0.5, 'log2') -0.07125070581592323
(10, 45, 30, 0.04, 1.0, 'log2') -0.0713442994895065
(20, 50, 30, 0.08, 0.5, 'log2') -0.07147766323024066
(10, 43, 32, 0.06, 1.0, 'log2') -0.07172296338348007
(10, 43, 32, 0.1, 0.75, 'log2') -0.07172296338348007
(60, 17, 10, 0.1, 0.75, 'log2') -0.07245480225988703
(40, 44, 21, 0.06, 0.75, 'log2') -0.0724608819345662
(20, 30, 22, 0.04, 1.0, 'log2') -0.07283968163729385
(10, 42, 11, 0.06, 0.5, 'log2') -0.07286166235260282
(50, 25, 29, 0.04, 0.75, 'log2') -0.07297091217170297
(50, 27, 17, 0.06, 0.5, 'log2') -0.07313154172560112
(20, 27, 37, 0.04, 0.75, 'log2') -0.0731774376417234
(20, 43, 40, 0.02, 1.0, 'log2') -0.07346285714285726
(30, 44, 40, 0.04, 0.5, 'log2') -0.07360000000000001
(60, 16, 34, 0.02, 0.5, 'log2') -0.07404880754298379
(60, 13, 37, 0.02, 1.0, 'log2') -0.074275062137531
(40, 15, 16, 0.1, 0.75, 'log2') -0.07433436532507731
(10, 12, 26, 0.04, 0.5, 'log2') -0.07443264393515939
(10, 30, 38, 0.04, 1.0, 'log2') -0.07451814058956918
(20, 21, 28, 0.1, 0.5, 'log2') -0.0748323471400396
(10, 47, 23, 0.08, 0.5, 'log2') -0.07522161853016875
(10, 19, 18, 0.02, 1.0, 'log2') -0.07536015756893637
(30, 17, 24, 0.08, 0.75, 'log2') -0.07539808018068887
(10, 3, 33, 0.02, 0.5, 'log2') -0.07546469439017574
(30, 33, 14, 0.08, 0.75, 'log2') -0.07627445421037712
(80, 10, 29, 0.1, 0.5, 'log2') -0.07628979143798012
(70, 49, 11, 0.02, 0.5, 'log2') -0.07646924829157177
(10, 27, 11, 0.06, 0.75, 'log2') -0.07660458452722063
(60, 13, 39, 0.08, 0.5, 'log2') -0.07725921849202001
(10, 6, 24, 0.1, 0.75, 'log2') -0.07754327191513137
(50, 5, 39, 0.08, 0.5, 'log2') -0.07831642445845892
(20, 49, 35, 0.08, 1.0, 'log2') -0.07868382991032695
(10, 34, 33, 0.1, 1.0, 'log2') -0.07876458867065202
(10, 16, 10, 0.02, 0.5, 'log2') -0.0790506148126966
(10, 20, 27, 0.04, 0.75, 'log2') -0.07926760563380299
(10, 7, 28, 0.04, 0.75, 'log2') -0.07987370193657028
(10, 30, 30, 0.06, 0.75, 'log2') -0.08029203288914101
(10, 13, 31, 0.02, 1.0, 'log2') -0.08037720033528921
(10, 29, 13, 0.1, 0.75, 'log2') -0.08041892277002
(10, 26, 25, 0.08, 1.0, 'log2') -0.08045144804088583
(10, 46, 35, 0.02, 0.75, 'log2') -0.08065871663827387
(10, 27, 24, 0.08, 0.5, 'log2') -0.08159264497878371
(20, 31, 32, 0.02, 0.75, 'log2') -0.0817483706432418
(40, 17, 24, 0.04, 0.75, 'log2') -0.08268101761252455
(10, 7, 15, 0.02, 1.0, 'log2') -0.08310470324748045
(60, 27, 33, 0.04, 0.75, 'log2') -0.08397930648769586
(10, 3, 31, 0.06, 0.75, 'log2') -0.08526857779014757
(50, 17, 10, 0.08, 0.5, 'log2') -0.08607163323782224
(10, 12, None, 0.1, 0.5, 'log2') -0.08621454647570913
(10, 50, 19, 0.1, 0.75, 'log2') -0.08631713554987216
(10, 22, 10, 0.04, 0.75, 'log2') -0.08673082447572535

our:
(60, 24, 12, 0.06, 0.75, 'log2') 0.02924580236718965
(90, 40, 20, 0.1, 0.75, 'log2') 0.024706205381658405
(90, 40, 28, 0.08, 0.5, 'log2') 0.02454495614035084
(50, 37, 29, 0.04, 0.5, 'log2') 0.023217630853994444
(80, 48, 36, 0.04, 0.5, 'log2') 0.02177863436123345
(80, 34, 27, 0.1, 1.0, 'log2') 0.021763576522216124
(70, 30, 26, 0.02, 1.0, 'log2') 0.01966428178315902
(50, 29, 21, 0.1, 1.0, 'log2') 0.01874449339207045
(50, 46, 10, 0.1, 0.5, 'log2') 0.017832825906448906
(40, 41, 12, 0.02, 0.5, 'log2') 0.017729028697571744
(10, 31, 11, 0.06, 1.0, 'log2') 0.015387596899224799
(80, 30, 17, 0.1, 0.75, 'log2') 0.013137362637362577
(10, 29, 31, 0.06, 0.5, 'log2') 0.012652724270775996
(60, 30, 13, 0.1, 0.5, 'log2') 0.012399121603074355
(10, 41, 36, 0.1, 1.0, 'log2') 0.012343188726167421
(50, 18, 31, 0.08, 0.5, 'log2') 0.012222527472527374
(90, 38, 36, 0.1, 1.0, 'log2') 0.012112057127162817
(30, 25, 16, 0.08, 0.75, 'log2') 0.0108892571112952
(50, 27, 24, 0.1, 1.0, 'log2') 0.010654205607476598
(40, 43, 26, 0.08, 0.5, 'log2') 0.01037362637362636
(70, 37, 33, 0.08, 0.75, 'log2') 0.009255289914811712
(10, 42, 15, 0.08, 1.0, 'log2') 0.009066998892580225
(30, 9, 10, 0.1, 0.5, 'log2') 0.008334714167357066
(50, 46, 39, 0.02, 0.5, 'log2') 0.007074043490228471
(60, 46, 24, 0.08, 0.75, 'log2') 0.00673721825178668
(60, 46, 24, 0.04, 1.0, 'log2') 0.00673721825178668
(90, 26, 16, 0.06, 0.5, 'log2') 0.006643779181543482
(30, 12, 39, 0.08, 0.75, 'log2') 0.006345624656026373
(40, 8, 25, 0.04, 0.5, 'log2') 0.0061462341946123995
(50, 43, 20, 0.04, 0.75, 'log2') 0.0061242440901594
(50, 36, 26, 0.02, 0.5, 'log2') 0.005345064613692556
(40, 31, 14, 0.04, 0.75, 'log2') 0.0053283664459161115
(90, 40, 21, 0.06, 0.5, 'log2') 0.004205761316872388
(60, 39, 36, 0.1, 0.5, 'log2') 0.0037561779242174377
(30, 31, 12, 0.04, 0.75, 'log2') 0.0033407140880155136
(70, 26, 21, 0.06, 1.0, 'log2') 0.003110257816785536
(80, 18, 22, 0.06, 1.0, 'log2') 0.0029405316525074644
(70, 13, 38, 0.06, 0.75, 'log2') 0.002763805358119191
(10, 32, 24, 0.08, 0.75, 'log2') 0.0025448523323212667
(90, 50, 22, 0.08, 1.0, 'log2') 0.002087458745874541
(90, 47, 10, 0.02, 0.5, 'log2') 0.0020287451630734833
(70, 47, 10, 0.02, 0.75, 'log2') 0.0016440631054525036
(80, 38, 36, 0.06, 0.5, 'log2') 0.0013563975837451833
(20, 30, 19, 0.04, 1.0, 'log2') 0.0012861470669237104
(10, 21, 35, 0.02, 0.75, 'log2') 0.001235147830892466
(20, 34, 20, 0.08, 0.5, 'log2') 0.0012048524951750485
(90, 34, 26, 0.06, 0.5, 'log2') 0.0010543657331136584
(70, 43, 24, 0.04, 1.0, 'log2') 0.0003403788086741641
(20, 37, 10, 0.08, 1.0, 'log2') 0.000301271420674404
(30, 43, 32, 0.02, 0.75, 'log2') 0.00010794353722666586
(20, 23, 34, 0.04, 0.75, 'log2') -0.00023230088495574923
(60, 12, 38, 0.06, 0.5, 'log2') -0.00024931506849315316
(60, 28, 27, 0.02, 1.0, 'log2') -0.00027770140225465693
(90, 21, 12, 0.08, 0.75, 'log2') -0.0003023639362287258
(10, 40, 15, 0.08, 1.0, 'log2') -0.0003813208068527146
(40, 49, 18, 0.06, 0.75, 'log2') -0.0005116918844566506
(10, 39, 27, 0.06, 0.5, 'log2') -0.0005521811154058208
(60, 36, 20, 0.04, 1.0, 'log2') -0.0007034482758620574
(90, 49, 17, 0.08, 0.5, 'log2') -0.0007751511819681291
(50, 44, 10, 0.02, 1.0, 'log2') -0.0007920243699806451
(60, 24, 33, 0.06, 1.0, 'log2') -0.0010035645736221931
(70, 12, 37, 0.06, 0.5, 'log2') -0.001068493150684975
(40, 34, 16, 0.06, 1.0, 'log2') -0.001073399558498913
(30, 40, 11, 0.06, 0.5, 'log2') -0.0011624688624411912
(20, 46, 26, 0.08, 0.75, 'log2') -0.001286031042128629
(20, 46, 26, 0.06, 1.0, 'log2') -0.001286031042128629
(10, 37, 37, 0.08, 0.5, 'log2') -0.0013675450762829294
(10, 10, 25, 0.04, 0.5, 'log2') -0.001764057331863296
(20, 25, 13, 0.1, 0.5, 'log2') -0.001813141114499582
(30, 42, 28, 0.06, 0.75, 'log2') -0.002218552160748706
(20, 47, 21, 0.02, 0.5, 'log2') -0.0022473147893142453
(40, 39, 37, 0.06, 0.75, 'log2') -0.0025034387895461027
(30, 41, 34, 0.1, 0.5, 'log2') -0.0028386206896551967
(20, 27, 27, 0.04, 0.5, 'log2') -0.0032699200441135873
(10, 38, 10, 0.08, 0.5, 'log2') -0.003341597796143258
(60, 8, 39, 0.1, 0.5, 'log2') -0.0033743842364532006
(20, 39, 22, 0.08, 0.5, 'log2') -0.003447513812154702
(90, 23, 16, 0.08, 0.5, 'log2') -0.003603183315038498
(30, 37, 25, 0.08, 0.75, 'log2') -0.0037141280353200972
(10, 42, 24, 0.04, 0.5, 'log2') -0.0037368711995577823
(20, 12, 17, 0.08, 0.5, 'log2') -0.003752412462089854
(90, 17, 17, 0.04, 0.75, 'log2') -0.0039912160307439114
(10, 47, 28, 0.08, 0.5, 'log2') -0.004004961411245874
(10, 43, 26, 0.02, 1.0, 'log2') -0.004132049518569458
(10, 17, 15, 0.08, 1.0, 'log2') -0.004253381175821131
(50, 21, 37, 0.06, 0.5, 'log2') -0.004355726872246725
(30, 15, 15, 0.1, 0.5, 'log2') -0.004526896551724183
(50, 38, 16, 0.04, 1.0, 'log2') -0.004965460071843081
(70, 48, 12, 0.1, 0.5, 'log2') -0.005324532453245329
(40, 47, 36, 0.1, 0.75, 'log2') -0.005670244976603333
(30, 41, 11, 0.06, 1.0, 'log2') -0.005700831024930733
(50, 41, 28, 0.1, 0.75, 'log2') -0.005775885745674295
(10, 46, 17, 0.08, 1.0, 'log2') -0.005821596244131477
(10, 23, 11, 0.06, 1.0, 'log2') -0.005938792390405291
(10, 32, 27, 0.04, 0.75, 'log2') -0.006137054434926762
(80, 26, 23, 0.06, 1.0, 'log2') -0.006186813186813211
(30, 13, 33, 0.04, 0.75, 'log2') -0.00623655913978497
(10, 27, 37, 0.02, 1.0, 'log2') -0.006273480662983481
(10, 21, 24, 0.06, 0.75, 'log2') -0.0064070698702016135
(80, 35, 36, 0.08, 0.5, 'log2') -0.0065679824561404015
(30, 18, 15, 0.08, 0.75, 'log2') -0.006681367144432189
(20, 32, 25, 0.04, 0.75, 'log2') -0.006837016574585667
(70, 43, 39, 0.08, 0.75, 'log2') -0.006952825013713649
(50, 8, 13, 0.06, 0.5, 'log2') -0.0071361760660248255
(30, 35, 30, 0.04, 0.5, 'log2') -0.007451034482758654
(20, 12, 11, 0.04, 0.5, 'log2') -0.007484067608755909
(90, 45, 11, 0.02, 0.75, 'log2') -0.007611981313547708
(20, 48, 11, 0.08, 0.5, 'log2') -0.007822111388196188
(20, 48, 11, 0.04, 0.5, 'log2') -0.007822111388196188
(60, 20, 40, 0.02, 0.75, 'log2') -0.008029556650246353
(20, 30, 24, 0.08, 0.75, 'log2') -0.008582502768549407
(80, 30, 20, 0.06, 0.75, 'log2') -0.00864961496149617
(80, 31, 12, 0.1, 0.75, 'log2') -0.008651623555310945
(80, 38, 25, 0.04, 0.75, 'log2') -0.00867784496976361
(90, 24, 37, 0.08, 0.75, 'log2') -0.008876373626373673
(10, 40, 24, 0.02, 0.5, 'log2') -0.008915629322268324
(50, 33, 12, 0.08, 0.75, 'log2') -0.008924313834211255
(30, 46, 15, 0.1, 0.5, 'log2') -0.009060773480663033
(50, 10, 13, 0.06, 1.0, 'log2') -0.009213421342134216
(40, 25, None, 0.04, 0.5, 'log2') -0.00930456294667401
(10, 9, 38, 0.02, 0.75, 'log2') -0.009413061449435113
(10, 46, 23, 0.02, 1.0, 'log2') -0.00969730324711063
(40, 25, 32, 0.02, 0.75, 'log2') -0.009781888459414714
(10, 13, 15, 0.04, 1.0, 'log2') -0.010193156732891862
(60, 50, 11, 0.08, 0.75, 'log2') -0.010424710424710399
(30, 9, 24, 0.06, 0.75, 'log2') -0.010441135925006916
(90, 49, 27, 0.08, 0.5, 'log2') -0.010442916093535067
(40, 13, 39, 0.06, 0.75, 'log2') -0.010582229580574008
(70, 11, 14, 0.04, 0.75, 'log2') -0.010584682953609719
(40, 13, 30, 0.02, 0.5, 'log2') -0.010781938325991251
(80, 33, 23, 0.08, 1.0, 'log2') -0.011147721032399836
(60, 36, 22, 0.04, 0.5, 'log2') -0.011193495038588762
(30, 26, 15, 0.06, 1.0, 'log2') -0.011273128969897853
(50, 27, 27, 0.02, 0.75, 'log2') -0.011286855883163444
(20, 49, 13, 0.08, 0.75, 'log2') -0.011518252212389422
(60, 39, 31, 0.1, 0.5, 'log2') -0.011852876106194725
(80, 23, 36, 0.08, 0.5, 'log2') -0.01196585903083706
(90, 35, 12, 0.1, 0.5, 'log2') -0.012061005770816202
(70, 29, 25, 0.04, 1.0, 'log2') -0.012080592105263153
(60, 24, None, 0.04, 0.75, 'log2') -0.012109310628948128
(70, 12, 38, 0.08, 0.5, 'log2') -0.01212154393649059
(20, 38, 37, 0.1, 1.0, 'log2') -0.01215533980582534
(30, 36, 35, 0.04, 0.5, 'log2') -0.012218853362734292
(10, 12, 37, 0.06, 1.0, 'log2') -0.012224061810154596
(30, 50, 12, 0.04, 0.5, 'log2') -0.012330473290894064
(10, 11, 36, 0.1, 1.0, 'log2') -0.012379642365887211
(40, 49, 17, 0.08, 0.75, 'log2') -0.01242365887207708
(20, 49, 11, 0.02, 0.5, 'log2') -0.012614234284131812
(50, 32, 19, 0.1, 1.0, 'log2') -0.01262127894156564
(10, 6, 11, 0.06, 1.0, 'log2') -0.012645196807046554
(50, 13, 35, 0.1, 0.75, 'log2') -0.012968449931412959
(70, 25, 16, 0.04, 1.0, 'log2') -0.01297802197802201
(40, 13, 19, 0.08, 1.0, 'log2') -0.013224209078404435
(20, 38, 12, 0.08, 1.0, 'log2') -0.013225270157938498
(70, 40, 12, 0.04, 1.0, 'log2') -0.013281034957335576
(50, 35, 21, 0.08, 0.5, 'log2') -0.013565528634361288
(50, 26, 14, 0.1, 1.0, 'log2') -0.013622828784119132
(70, 49, 14, 0.08, 0.75, 'log2') -0.013644395361678698
(10, 45, 21, 0.06, 1.0, 'log2') -0.01376311430149091
(10, 45, 21, 0.08, 0.75, 'log2') -0.01376311430149091
(10, 49, None, 0.1, 1.0, 'log2') -0.01379034482758622
(70, 25, 37, 0.06, 0.5, 'log2') -0.013958904109589134
(70, 17, 40, 0.04, 1.0, 'log2') -0.013966511117211122
(30, 22, 30, 0.08, 0.5, 'log2') -0.013994497936726297
(10, 24, 17, 0.08, 0.5, 'log2') -0.014105466593042557
(40, 34, 21, 0.04, 1.0, 'log2') -0.014287682557178294
(80, 37, 20, 0.02, 1.0, 'log2') -0.014371224601867131
(20, 46, 18, 0.08, 0.5, 'log2') -0.014618585298197017
(90, 39, 14, 0.1, 1.0, 'log2') -0.014743624897175818
(10, 50, 35, 0.06, 0.5, 'log2') -0.014743838271946792
(40, 7, 15, 0.04, 0.75, 'log2') -0.014888705688375999
(60, 37, 13, 0.06, 0.75, 'log2') -0.014946236559139823
(60, 37, 13, 0.08, 1.0, 'log2') -0.014946236559139823
(40, 50, 15, 0.1, 1.0, 'log2') -0.014958540630182536
(20, 47, 30, 0.02, 0.5, 'log2') -0.015212355212355224
(80, 30, 19, 0.04, 0.75, 'log2') -0.01535802469135808
(20, 49, 16, 0.1, 1.0, 'log2') -0.015427385892116206
(30, 45, 11, 0.08, 1.0, 'log2') -0.015508006626173416
(50, 23, 40, 0.06, 0.75, 'log2') -0.015550975542731596
(20, 15, 38, 0.06, 0.5, 'log2') -0.01570016474464578
(80, 28, 32, 0.04, 0.5, 'log2') -0.015730706075533687
(90, 45, 27, 0.06, 0.5, 'log2') -0.01574567426531179
(10, 48, 21, 0.02, 0.75, 'log2') -0.01588251593239123
(70, 26, 29, 0.02, 0.5, 'log2') -0.015980742778542004
(40, 25, 37, 0.1, 1.0, 'log2') -0.016033627342888723
(10, 14, 25, 0.1, 0.75, 'log2') -0.01609641873278242
(70, 14, 14, 0.1, 0.75, 'log2') -0.01611431712008798
(40, 33, 27, 0.1, 0.5, 'log2') -0.016150454670708216
(60, 46, 23, 0.04, 0.5, 'log2') -0.016223872387238762
(10, 17, 17, 0.1, 0.75, 'log2') -0.016264860381531708
(60, 38, 25, 0.1, 0.5, 'log2') -0.016349903872562518
(80, 25, 13, 0.1, 1.0, 'log2') -0.016559758771929875
(20, 29, 30, 0.08, 0.5, 'log2') -0.016708965517241492
(30, 7, 15, 0.02, 0.75, 'log2') -0.016840507726269334
(40, 44, 16, 0.08, 0.75, 'log2') -0.017027401051757596
(20, 40, 16, 0.1, 1.0, 'log2') -0.017125897294312603
(70, 22, 15, 0.1, 0.5, 'log2') -0.01726723427629779
(10, 25, 20, 0.02, 0.5, 'log2') -0.017309491059147204
(50, 21, 32, 0.08, 1.0, 'log2') -0.017314535997810094
(50, 30, 14, 0.02, 0.5, 'log2') -0.017332413793103484
(10, 18, 19, 0.06, 1.0, 'log2') -0.017420154185022033
(40, 4, 29, 0.02, 0.5, 'log2') -0.017548563611491104
(80, 21, 37, 0.04, 0.5, 'log2') -0.01765415182241716
(80, 49, 30, 0.1, 0.75, 'log2') -0.017703744493392116
(80, 12, 13, 0.06, 0.75, 'log2') -0.01799175824175833
(20, 26, 17, 0.08, 0.5, 'log2') -0.018077134986225967
(60, 9, 30, 0.04, 0.5, 'log2') -0.018100711548987375
(70, 17, 16, 0.1, 1.0, 'log2') -0.018158904109589067
(30, 48, 18, 0.1, 0.5, 'log2') -0.018465579209289547
(90, 6, 19, 0.06, 1.0, 'log2') -0.018631779776505913
(30, 24, 31, 0.08, 0.75, 'log2') -0.01864350703060383
(50, 4, 16, 0.1, 0.75, 'log2') -0.018656593406593504
(70, 37, 28, 0.08, 0.75, 'log2') -0.01879329301814186
(90, 32, 30, 0.1, 1.0, 'log2') -0.01884488448844892
(60, 10, 17, 0.02, 0.5, 'log2') -0.018967511013215956
(40, 41, 35, 0.04, 1.0, 'log2') -0.018989537444933893
(40, 32, 15, 0.04, 0.75, 'log2') -0.019022160664819945
(10, 32, 13, 0.08, 0.5, 'log2') -0.019303290019353048
(80, 24, 14, 0.02, 0.5, 'log2') -0.019625859697386543
(70, 20, 37, 0.04, 0.5, 'log2') -0.02009871126953665
(70, 11, 25, 0.08, 1.0, 'log2') -0.020169769989047136
(70, 24, 29, 0.02, 1.0, 'log2') -0.020191885964912303
(50, 12, 29, 0.04, 0.75, 'log2') -0.020205479452054857
(70, 27, 14, 0.04, 1.0, 'log2') -0.020206896551724172
(10, 12, 13, 0.04, 0.5, 'log2') -0.020240000000000053
(10, 12, 32, 0.06, 0.5, 'log2') -0.020299003322259198
(40, 21, 33, 0.04, 0.75, 'log2') -0.020349862258953196
(60, 39, 39, 0.1, 0.75, 'log2') -0.020374037403740424
(80, 25, 35, 0.1, 0.5, 'log2') -0.020384615384615452
(40, 46, 14, 0.04, 0.5, 'log2') -0.020408614025400323
(20, 15, 21, 0.08, 1.0, 'log2') -0.020425296879315245
(30, 8, 31, 0.08, 0.5, 'log2') -0.02043442397580424
(60, 15, 30, 0.06, 0.5, 'log2') -0.02051520964647856
(50, 29, 25, 0.02, 0.5, 'log2') -0.020536008796041817
(10, 37, 36, 0.02, 1.0, 'log2') -0.020702866593164282
(50, 17, 16, 0.04, 0.5, 'log2') -0.020737073707370775
(50, 37, 40, 0.1, 1.0, 'log2') -0.020960903083700463
(60, 42, 20, 0.06, 0.75, 'log2') -0.02105161998901706
(80, 27, 19, 0.06, 0.75, 'log2') -0.02105782406138672
(80, 20, 39, 0.02, 1.0, 'log2') -0.02116648411829135
(40, 4, 19, 0.1, 0.5, 'log2') -0.021436797367699535
(10, 9, 34, 0.06, 0.5, 'log2') -0.021479845389287693
(10, 24, 39, 0.06, 0.75, 'log2') -0.02162258953168043
(30, 5, 21, 0.1, 1.0, 'log2') -0.021661184210526322
(60, 10, 27, 0.06, 0.75, 'log2') -0.021806203678287138
(80, 21, 18, 0.02, 0.75, 'log2') -0.021830947136563927
(70, 5, 33, 0.08, 1.0, 'log2') -0.02191541609822651
(40, 33, 10, 0.1, 1.0, 'log2') -0.021983516483516513
(70, 4, 39, 0.02, 0.5, 'log2') -0.02203436051268079
(40, 45, 36, 0.1, 1.0, 'log2') -0.022056796250344794
(20, 47, 27, 0.02, 1.0, 'log2') -0.022166574432761474
(60, 35, 17, 0.06, 1.0, 'log2') -0.02219128996692395
(30, 37, 31, 0.1, 0.75, 'log2') -0.022228050800662678
(10, 47, 29, 0.04, 1.0, 'log2') -0.02246699669966998
(90, 27, 36, 0.04, 0.5, 'log2') -0.022497264770240777
(50, 23, 18, 0.04, 0.5, 'log2') -0.022519230769230788
(70, 50, 14, 0.04, 0.5, 'log2') -0.022526199669056866
(40, 20, 27, 0.04, 1.0, 'log2') -0.022540033130866895
(50, 36, 36, 0.04, 1.0, 'log2') -0.022556536127964717
(30, 37, 30, 0.08, 0.75, 'log2') -0.022580645161290387
(40, 9, 12, 0.06, 0.75, 'log2') -0.022598403523259106
(10, 6, 22, 0.08, 0.5, 'log2') -0.022855561704482576
(30, 6, 20, 0.04, 1.0, 'log2') -0.022918384171475716
(80, 4, 39, 0.08, 1.0, 'log2') -0.023035665668391072
(50, 3, 31, 0.06, 1.0, 'log2') -0.02315976979994527
(70, 49, 12, 0.06, 0.75, 'log2') -0.023246968026460903
(10, 22, 28, 0.06, 1.0, 'log2') -0.02331400165700087
(10, 15, 15, 0.04, 0.75, 'log2') -0.02376616231086662
(40, 27, 35, 0.1, 0.5, 'log2') -0.023798342541436514
(20, 13, 10, 0.08, 1.0, 'log2') -0.023835730088495582
(70, 5, 34, 0.08, 1.0, 'log2') -0.02390948745910584
(80, 50, 28, 0.04, 1.0, 'log2') -0.023948309045916938
(70, 47, 13, 0.04, 0.5, 'log2') -0.02402529557327469
(30, 20, 33, 0.08, 0.5, 'log2') -0.024144392394599097
(90, 42, 24, 0.1, 0.5, 'log2') -0.02414995880252678
(50, 33, 14, 0.02, 0.75, 'log2') -0.024269942036986056
(30, 38, 37, 0.1, 0.5, 'log2') -0.024279018472566864
(70, 21, 21, 0.08, 1.0, 'log2') -0.024465512503435073
(20, 44, 33, 0.08, 1.0, 'log2') -0.024546714721375065
(20, 35, 31, 0.1, 1.0, 'log2') -0.024666298952013326
(10, 27, 26, 0.1, 0.75, 'log2') -0.024761510890543133
(70, 38, 12, 0.02, 0.5, 'log2') -0.024768595041322318
(10, 23, 35, 0.06, 0.75, 'log2') -0.02479350220264319
(70, 7, 10, 0.08, 0.75, 'log2') -0.02501374381528317
(20, 28, 12, 0.02, 0.5, 'log2') -0.025141196013289045
(50, 13, 23, 0.1, 1.0, 'log2') -0.02522433250756954
(70, 34, 12, 0.02, 0.5, 'log2') -0.025263593706872835
(60, 15, 23, 0.1, 1.0, 'log2') -0.02559396433470513
(60, 41, 11, 0.04, 0.5, 'log2') -0.025597014925373158
(60, 32, 32, 0.08, 0.75, 'log2') -0.025779488589496875
(10, 32, 16, 0.04, 0.75, 'log2') -0.025821182943603863
(20, 48, 21, 0.02, 0.75, 'log2') -0.02583241150442487
(70, 16, 17, 0.08, 1.0, 'log2') -0.025885259401592187
(70, 15, 37, 0.06, 0.75, 'log2') -0.026059275521405113
(60, 37, 39, 0.02, 1.0, 'log2') -0.026297720406481782
(40, 5, 22, 0.06, 0.75, 'log2') -0.02637037037037043
(40, 7, 17, 0.02, 0.5, 'log2') -0.026413849958779913
(40, 7, 16, 0.04, 0.5, 'log2') -0.026595218466611684
(70, 37, 27, 0.06, 0.75, 'log2') -0.026659334616442182
(40, 33, 24, 0.08, 0.75, 'log2') -0.02667586206896553
(70, 13, 11, 0.02, 1.0, 'log2') -0.02687843784378439
(80, 38, 33, 0.02, 0.75, 'log2') -0.02698569856985704
(30, 43, 38, 0.04, 0.75, 'log2') -0.027082066869300994
(60, 13, 20, 0.02, 0.75, 'log2') -0.027199232666483993
(90, 3, 37, 0.02, 1.0, 'log2') -0.027235085807681882
(20, 23, 33, 0.02, 0.75, 'log2') -0.027316399779127573
(40, 43, 12, 0.02, 1.0, 'log2') -0.02739514348785877
(50, 26, 38, 0.04, 0.75, 'log2') -0.027531645569620247
(20, 24, 18, 0.06, 0.5, 'log2') -0.027539310344827636
(20, 44, 24, 0.1, 0.5, 'log2') -0.027552370452039808
(30, 47, None, 0.06, 0.5, 'log2') -0.02760066188637625
(20, 24, 39, 0.08, 0.5, 'log2') -0.027719394773039918
(30, 14, 21, 0.08, 0.75, 'log2') -0.027813274580005556
(50, 10, 32, 0.02, 0.75, 'log2') -0.027831325301204846
(60, 38, 38, 0.06, 0.75, 'log2') -0.02785046728971965
(80, 35, 13, 0.02, 1.0, 'log2') -0.027909215955983523
(80, 28, 34, 0.02, 0.75, 'log2') -0.027913234486545892
(90, 14, 27, 0.06, 0.75, 'log2') -0.028009284543965108
(90, 36, 37, 0.06, 0.75, 'log2') -0.02810373216245885
(80, 9, 28, 0.06, 1.0, 'log2') -0.02833515582285409
(30, 4, None, 0.04, 0.5, 'log2') -0.028336998350742205
(90, 19, 22, 0.04, 0.75, 'log2') -0.028411829134720703
(20, 22, 18, 0.04, 0.75, 'log2') -0.02856946354883091
(70, 19, 28, 0.08, 0.75, 'log2') -0.028637983009043636
(60, 35, 22, 0.02, 0.5, 'log2') -0.028890723919625678
(20, 7, 14, 0.08, 0.75, 'log2') -0.02900552486187849
(90, 15, 40, 0.02, 1.0, 'log2') -0.029425758818703886
(90, 41, 29, 0.04, 0.5, 'log2') -0.029687927730632408
(90, 20, 35, 0.1, 0.75, 'log2') -0.029706849315068545
(50, 7, 31, 0.06, 0.5, 'log2') -0.029926047658175886
(80, 14, 23, 0.02, 0.5, 'log2') -0.02993962678375416
(70, 15, 40, 0.02, 1.0, 'log2') -0.029978040076859776
(50, 39, 12, 0.02, 0.75, 'log2') -0.03012972674579086
(80, 34, 22, 0.06, 0.75, 'log2') -0.030145564405383185
(40, 49, 35, 0.02, 0.75, 'log2') -0.030240530826652026
(40, 31, 21, 0.02, 1.0, 'log2') -0.030284216335540723
(60, 36, 13, 0.02, 0.75, 'log2') -0.03028917653538969
(30, 50, 28, 0.04, 0.75, 'log2') -0.030672571270412428
(80, 47, 35, 0.02, 0.5, 'log2') -0.030723322332233252
(80, 34, 36, 0.04, 0.5, 'log2') -0.030740740740740825
(60, 14, 37, 0.08, 1.0, 'log2') -0.031041781198460766
(90, 11, 38, 0.1, 0.5, 'log2') -0.031082924168030625
(80, 31, 39, 0.08, 0.5, 'log2') -0.03111111111111115
(10, 11, 35, 0.06, 0.75, 'log2') -0.03137330754352032
(50, 42, 40, 0.02, 0.5, 'log2') -0.031406938325991215
(80, 9, 23, 0.02, 1.0, 'log2') -0.03155677154582771
(90, 23, 12, 0.02, 1.0, 'log2') -0.03173841513572805
(50, 10, 35, 0.1, 0.5, 'log2') -0.031743899095146716
(90, 14, 35, 0.08, 0.75, 'log2') -0.03180547945205477
(50, 17, 31, 0.06, 0.75, 'log2') -0.03187208344770801
(60, 13, 22, 0.02, 0.5, 'log2') -0.03192002191180502
(90, 13, 16, 0.02, 0.5, 'log2') -0.032074438970990715
(20, 23, 35, 0.06, 1.0, 'log2') -0.0321181993924331
(60, 47, 11, 0.1, 0.5, 'log2') -0.0324724669603524
(50, 44, 30, 0.08, 0.75, 'log2') -0.03259829529832281
(70, 4, 33, 0.02, 0.5, 'log2') -0.03279355543418903
(10, 4, 36, 0.04, 1.0, 'log2') -0.03279484366428969
(60, 36, 16, 0.1, 0.75, 'log2') -0.032833885209713004
(20, 11, 35, 0.08, 0.75, 'log2') -0.032870575221239026
(90, 42, 10, 0.1, 0.75, 'log2') -0.03301128543903109
(80, 38, 10, 0.1, 1.0, 'log2') -0.033174428217139715
(70, 26, 26, 0.1, 0.75, 'log2') -0.03318094188928676
(40, 30, 24, 0.08, 0.5, 'log2') -0.033188086045229076
(30, 38, 25, 0.1, 1.0, 'log2') -0.033208379272326304
(80, 33, 20, 0.04, 1.0, 'log2') -0.033239010989011004
(60, 45, 14, 0.06, 0.75, 'log2') -0.03363385718224428
(90, 11, 37, 0.08, 0.75, 'log2') -0.03371959551790117
(70, 47, 32, 0.02, 0.75, 'log2') -0.03376548307184146
(50, 26, 37, 0.06, 1.0, 'log2') -0.033773740710156944
(30, 44, 21, 0.1, 1.0, 'log2') -0.033881996140060676
(30, 36, 16, 0.06, 0.5, 'log2') -0.034026045996120816
(90, 32, 31, 0.1, 0.75, 'log2') -0.03429237520570481
(30, 5, 11, 0.08, 0.5, 'log2') -0.03439151982378857
(70, 9, 39, 0.04, 0.5, 'log2') -0.034642076502732246
(30, 17, 39, 0.1, 0.5, 'log2') -0.03473524544953118
(70, 4, 34, 0.04, 1.0, 'log2') -0.034852780806979296
(20, 3, 37, 0.02, 0.75, 'log2') -0.03488128106018776
(40, 20, 23, 0.1, 0.5, 'log2') -0.03496549820590672
(30, 14, 30, 0.08, 0.75, 'log2') -0.03509046052631577
(60, 6, 10, 0.08, 0.5, 'log2') -0.035094858399780104
(70, 43, 34, 0.06, 0.5, 'log2') -0.03520627062706273
(80, 4, 36, 0.02, 1.0, 'log2') -0.0353120741346416
(80, 39, 34, 0.08, 1.0, 'log2') -0.03532049518569466
(10, 15, 30, 0.08, 0.75, 'log2') -0.03538419168273207
(20, 30, 21, 0.08, 0.5, 'log2') -0.03541425818882455
(50, 35, 35, 0.08, 0.75, 'log2') -0.035449793672627385
(30, 7, 31, 0.08, 0.75, 'log2') -0.035553115564095426
(70, 6, 29, 0.1, 0.5, 'log2') -0.03566439290586634
(30, 20, 15, 0.1, 0.75, 'log2') -0.0357013201320132
(80, 12, 34, 0.08, 0.75, 'log2') -0.03592775041050908
(30, 17, 19, 0.02, 0.5, 'log2') -0.03611463213006339
(50, 11, 29, 0.04, 0.5, 'log2') -0.03671244163691297
(90, 7, 16, 0.04, 0.75, 'log2') -0.03685995623632387
(40, 5, 23, 0.04, 0.5, 'log2') -0.036905805038335224
(70, 23, None, 0.1, 1.0, 'log2') -0.036915682504806355
(60, 31, 15, 0.1, 0.75, 'log2') -0.03719857182092831
(30, 21, 13, 0.08, 0.5, 'log2') -0.037358647450110825
(70, 6, 23, 0.04, 0.75, 'log2') -0.0374897344648235
(90, 48, 21, 0.08, 0.5, 'log2') -0.03750342935528118
(90, 24, 11, 0.06, 1.0, 'log2') -0.03756548111386816
(80, 38, 24, 0.06, 1.0, 'log2') -0.03759483232545359
(30, 12, 35, 0.08, 0.5, 'log2') -0.03780286343612332
(70, 42, 21, 0.06, 0.75, 'log2') -0.037908317320889354
(80, 9, 18, 0.06, 1.0, 'log2') -0.0379633679606341
(90, 49, 33, 0.06, 1.0, 'log2') -0.037964334705075424
(70, 38, 30, 0.08, 0.5, 'log2') -0.03810035842293911
(60, 16, 23, 0.04, 1.0, 'log2') -0.038132563256325545
(70, 21, 36, 0.04, 1.0, 'log2') -0.038182565789473676
(80, 16, 33, 0.1, 1.0, 'log2') -0.03821869005206907
(10, 5, 38, 0.04, 1.0, 'log2') -0.03824628916987359
(70, 27, 40, 0.06, 1.0, 'log2') -0.0386650219298245
(90, 50, 27, 0.1, 0.75, 'log2') -0.03867307692307694
(50, 39, 24, 0.08, 0.75, 'log2') -0.03874621941160294
(10, 15, 18, 0.08, 0.5, 'log2') -0.03923182819383269
(70, 25, 21, 0.08, 0.75, 'log2') -0.039240054869684494
(30, 17, 20, 0.1, 1.0, 'log2') -0.039262723521320424
(40, 9, 23, 0.1, 0.5, 'log2') -0.03941531704639031
(50, 17, 10, 0.04, 1.0, 'log2') -0.03963951568519534
(30, 35, 33, 0.1, 0.75, 'log2') -0.04033443891652846
(20, 5, 19, 0.1, 0.5, 'log2') -0.040531387665198065
(20, 33, 37, 0.02, 1.0, 'log2') -0.04067679558011031
(30, 44, 23, 0.04, 1.0, 'log2') -0.04076222038111004
(50, 44, 33, 0.1, 0.5, 'log2') -0.04097850055126796
(10, 9, 16, 0.06, 1.0, 'log2') -0.041164968328284285
(90, 25, 27, 0.04, 0.75, 'log2') -0.04139375684556401
(70, 3, 14, 0.08, 0.75, 'log2') -0.041598360655737694
(70, 19, 35, 0.1, 0.5, 'log2') -0.0418678003291277
(90, 11, 16, 0.02, 0.75, 'log2') -0.04197487025402897
(40, 27, 15, 0.06, 0.75, 'log2') -0.04201984017635715
(70, 14, 24, 0.1, 0.75, 'log2') -0.04217081850533809
(60, 11, 24, 0.1, 0.75, 'log2') -0.04222769567597157
(80, 15, 20, 0.08, 1.0, 'log2') -0.042386706948640454
(30, 23, 30, 0.02, 0.75, 'log2') -0.042450276243094
(40, 25, 27, 0.02, 0.5, 'log2') -0.04268829026937865
(60, 47, 17, 0.08, 0.5, 'log2') -0.04275406224180665
(50, 22, 23, 0.08, 1.0, 'log2') -0.04284811864872283
(20, 7, 18, 0.02, 0.75, 'log2') -0.04300770500825523
(60, 27, 33, 0.1, 0.5, 'log2') -0.04304335894621296
(80, 21, 36, 0.1, 0.75, 'log2') -0.04320460147904678
(70, 32, 22, 0.04, 0.75, 'log2') -0.04333241908941301
(90, 5, 24, 0.08, 0.5, 'log2') -0.043434260774686165
(60, 10, 30, 0.02, 0.75, 'log2') -0.04344629680240497
(20, 15, 12, 0.02, 0.75, 'log2') -0.04424510074523879
(20, 11, 24, 0.02, 0.75, 'log2') -0.044302646085997745
(40, 29, 39, 0.1, 0.5, 'log2') -0.04480838158257494
(70, 49, 28, 0.02, 0.75, 'log2') -0.04498353457738742
(30, 7, 35, 0.08, 0.75, 'log2') -0.045002756339580986
(40, 5, 17, 0.1, 0.5, 'log2') -0.0455509868421052
(40, 22, 25, 0.06, 1.0, 'log2') -0.04560527038155355
(60, 6, 40, 0.04, 1.0, 'log2') -0.04579480164158685
(40, 39, 12, 0.08, 0.5, 'log2') -0.04598125689084889
(50, 4, 34, 0.04, 1.0, 'log2') -0.04606234618539783
(90, 4, 31, 0.04, 0.75, 'log2') -0.046253405994550224
(80, 19, 35, 0.04, 0.75, 'log2') -0.04676599234554398
(70, 5, 35, 0.08, 0.75, 'log2') -0.04702237991266369
(50, 11, 24, 0.08, 1.0, 'log2') -0.047079330222344264
(30, 5, 40, 0.04, 0.5, 'log2') -0.047330589849108276
(40, 6, 30, 0.08, 0.5, 'log2') -0.047385835384194504
(90, 7, 34, 0.02, 0.75, 'log2') -0.047545008183305905
(80, 24, 10, 0.04, 1.0, 'log2') -0.047631288004422234
(80, 14, 24, 0.04, 0.75, 'log2') -0.048071761161325575
(50, 41, 25, 0.02, 0.5, 'log2') -0.048350742166025265
(80, 6, 38, 0.04, 0.75, 'log2') -0.048580010922992786
(50, 26, 12, 0.1, 1.0, 'log2') -0.04881978993919282
(60, 16, 30, 0.02, 0.75, 'log2') -0.04886968449931401
(60, 30, 24, 0.06, 0.5, 'log2') -0.04889837510327724
(40, 31, 32, 0.02, 0.5, 'log2') -0.04948152233866519
(40, 31, 32, 0.02, 1.0, 'log2') -0.04948152233866519
(40, 12, 18, 0.04, 0.75, 'log2') -0.04950715859030826
(50, 22, 40, 0.06, 1.0, 'log2') -0.049997248211337254
(90, 5, 16, 0.08, 1.0, 'log2') -0.05000272628135217
(20, 11, 31, 0.04, 1.0, 'log2') -0.05014900662251643
(70, 35, 27, 0.04, 0.5, 'log2') -0.050726872246695975
(60, 6, 18, 0.02, 0.75, 'log2') -0.05100109709270422
(80, 33, 40, 0.02, 0.5, 'log2') -0.0514203296703295
(60, 7, 37, 0.08, 1.0, 'log2') -0.0517196056955092
(50, 32, 34, 0.08, 0.75, 'log2') -0.051729074889867804
(70, 11, 17, 0.02, 1.0, 'log2') -0.05222800767333503
(40, 42, 14, 0.04, 0.5, 'log2') -0.0527632664283749
(50, 7, 28, 0.06, 0.75, 'log2') -0.05306911684037291
(30, 4, 35, 0.04, 0.75, 'log2') -0.05309824368825465
(70, 13, 37, 0.06, 0.75, 'log2') -0.05344770793302205
(40, 23, None, 0.04, 0.75, 'log2') -0.05398896551724136
(60, 4, 40, 0.08, 0.5, 'log2') -0.05432196452933137
(80, 11, 24, 0.02, 0.5, 'log2') -0.05481937602627252
(80, 17, 29, 0.1, 1.0, 'log2') -0.055855534193902656
(60, 17, 39, 0.02, 1.0, 'log2') -0.056335164835164694
(30, 21, 20, 0.08, 0.75, 'log2') -0.05672928176795577
(70, 4, 27, 0.06, 0.75, 'log2') -0.0569983642311885
(40, 44, 23, 0.04, 0.75, 'log2') -0.05708241150442465
(60, 39, 14, 0.1, 1.0, 'log2') -0.05773980154355012
(60, 11, 22, 0.1, 0.75, 'log2') -0.06104457205359567
(20, 10, 33, 0.06, 0.75, 'log2') -0.06140181768107941
(80, 48, 11, 0.04, 0.5, 'log2') -0.06163371773750687
(70, 10, 20, 0.06, 0.5, 'log2') -0.06207763805358111
(50, 6, 38, 0.04, 0.75, 'log2') -0.06524554183813419
(60, 33, 37, 0.02, 1.0, 'log2') -0.06530123796423644
(70, 4, 15, 0.06, 0.75, 'log2') -0.06936729663105978
(50, 14, 32, 0.02, 0.75, 'log2') -0.07177516411378547
(80, 21, 40, 0.04, 1.0, 'log2') -0.07354635216675805
(30, 46, 39, 0.06, 0.75, 'log2') -0.08690000000000009
(10, 22, 19, 0.04, 0.75, 'log2') -0.08886370076508941
(10, 50, 39, 0.1, 0.75, 'log2') -0.09007981755986319
(10, 44, 24, 0.04, 0.75, 'log2') -0.09014451686030037
(10, 43, 33, 0.08, 0.75, 'log2') -0.09039182282793873
(40, 32, 37, 0.06, 0.75, 'log2') -0.09092728297632476
(10, 48, 37, 0.08, 1.0, 'log2') -0.0913687782805432
(10, 41, 11, 0.1, 1.0, 'log2') -0.09503292298883464
(40, 47, 10, 0.1, 0.5, 'log2') -0.09684423856398391
(10, 34, 10, 0.06, 0.5, 'log2') -0.09748418631397365
(20, 24, 12, 0.08, 0.75, 'log2') -0.10160433913788179
(20, 10, 12, 0.06, 0.75, 'log2') -0.10950114025085526