code:
min_samples_leaf_lst = list(range(3,51))
max_depth = [None] + list(range(3,41))
# criteria = ['gini', 'entropy']
# weigths = [{0.0:2.15865, 1.0:3.84336, 2.0:3.61584}]
max_features = ['log2']

estimators = list(range(10 ,100, 10))
learning_rate = [0.02, 0.04, 0.06, 0.08, 0.1]
subsample = (0.5, 0.75, 1.0)
params = {'learning_rate': learning_rate, 'n_estimators' : estimators, 'subsample': subsample, 'max_depth': max_depth,
          'max_features' : max_features, 'min_samples_leaf' : min_samples_leaf_lst}
params_list = list(ParameterSampler(params, 500))
best_params = dict()


(70, 15, 23, 0.08, 1.0, 'log2') 0.03928316396594357
(60, 37, 9, 0.1, 0.75, 'log2') 0.031805900192996964
(80, 26, 22, 0.06, 0.75, 'log2') 0.0314927017350592
(60, 32, 22, 0.08, 0.5, 'log2') 0.027039691289966927
(50, 29, 18, 0.08, 0.5, 'log2') 0.025183145139080116
(90, 37, 22, 0.04, 0.75, 'log2') 0.019886426592797754
(60, 34, 20, 0.1, 0.75, 'log2') 0.019299065420560712
(50, 48, 22, 0.1, 0.75, 'log2') 0.01907060121345832
(60, 12, 27, 0.1, 0.75, 'log2') 0.018431587606251673
(70, 4, 17, 0.04, 0.75, 'log2') 0.01716216216216212
(20, 11, 18, 0.08, 1.0, 'log2') 0.016747452492426308
(80, 45, 30, 0.04, 1.0, 'log2') 0.016190871369294563
(80, 13, 32, 0.08, 1.0, 'log2') 0.015539726027397215
(10, 44, 6, 0.02, 1.0, 'log2') 0.015436518865326343
(50, 11, 19, 0.06, 0.75, 'log2') 0.01412220071882774
(10, 26, 9, 0.1, 0.75, 'log2') 0.01373064159292035
(50, 30, 33, 0.06, 0.5, 'log2') 0.013729281767955674
(90, 30, 9, 0.1, 1.0, 'log2') 0.013635359116022077
(10, 24, 14, 0.02, 0.75, 'log2') 0.01324346629986244
(10, 36, 34, 0.02, 1.0, 'log2') 0.012819031903190323
(60, 6, 11, 0.1, 0.5, 'log2') 0.012787695687997761
(30, 30, 24, 0.1, 1.0, 'log2') 0.012435932763846781
(40, 36, 8, 0.08, 0.5, 'log2') 0.012130422768720594
(60, 5, 24, 0.02, 0.5, 'log2') 0.010914127423822693
(10, 4, 39, 0.02, 1.0, 'log2') 0.010742778541953216
(30, 8, 39, 0.02, 1.0, 'log2') 0.010595697738554875
(80, 26, 31, 0.08, 0.75, 'log2') 0.009843621399176918
(10, 32, 39, 0.02, 0.75, 'log2') 0.009659059664558685
(10, 39, 9, 0.04, 1.0, 'log2') 0.009599011260642682
(10, 12, 20, 0.02, 0.75, 'log2') 0.009582761460334873
(20, 50, 12, 0.02, 0.75, 'log2') 0.009551951621770204
(10, 23, None, 0.02, 1.0, 'log2') 0.009351648351648326
(90, 44, 36, 0.08, 1.0, 'log2') 0.009261191980225212
(20, 39, 11, 0.08, 0.75, 'log2') 0.009003046247576826
(40, 50, 17, 0.1, 0.75, 'log2') 0.008840099420049695
(90, 3, 10, 0.08, 0.5, 'log2') 0.008654745529573427
(20, 25, 36, 0.1, 1.0, 'log2') 0.007726396917148318
(20, 33, 34, 0.04, 0.75, 'log2') 0.007723532638507935
(90, 34, 28, 0.1, 1.0, 'log2') 0.0072844237612920155
(20, 25, 37, 0.08, 0.75, 'log2') 0.006901408450704166
(60, 37, 29, 0.04, 0.5, 'log2') 0.0068922651933701435
(10, 50, 21, 0.02, 0.5, 'log2') 0.00683457197908065
(70, 15, 18, 0.04, 0.5, 'log2') 0.0064463495575221045
(30, 40, 29, 0.02, 0.5, 'log2') 0.006145604395604384
(20, 3, 12, 0.02, 0.5, 'log2') 0.0055280528052805275
(50, 23, 21, 0.06, 1.0, 'log2') 0.00534678087869576
(30, 41, 14, 0.04, 1.0, 'log2') 0.004901906604034263
(30, 47, 37, 0.06, 0.75, 'log2') 0.004896265560165986
(80, 15, 8, 0.08, 1.0, 'log2') 0.004815942430113464
(20, 49, 19, 0.08, 0.75, 'log2') 0.004562811289429965
(70, 45, 8, 0.1, 1.0, 'log2') 0.004457599118942714
(50, 4, 13, 0.08, 1.0, 'log2') 0.004413300357240997
(40, 39, 26, 0.02, 0.5, 'log2') 0.004321123657394637
(30, 9, 16, 0.02, 0.75, 'log2') 0.00423076923076921
(20, 16, 31, 0.02, 0.75, 'log2') 0.0041270277701402165
(10, 28, 39, 0.1, 1.0, 'log2') 0.00394073663805039
(80, 3, 40, 0.02, 0.75, 'log2') 0.0038935108153078123
(60, 3, 39, 0.04, 0.75, 'log2') 0.0034302325581395212
(90, 10, 19, 0.04, 0.5, 'log2') 0.0033563918096292085
(20, 32, 39, 0.04, 0.5, 'log2') 0.0033507565337001295
(60, 38, 32, 0.08, 1.0, 'log2') 0.0028956785026149146
(80, 32, 26, 0.08, 1.0, 'log2') 0.002880330123796384
(90, 41, 20, 0.06, 1.0, 'log2') 0.002844162995594715
(60, 45, 24, 0.02, 0.5, 'log2') 0.0028025477707006264
(70, 42, 22, 0.1, 0.75, 'log2') 0.0024745948915133238
(30, 8, 25, 0.02, 1.0, 'log2') 0.0024159779614325123
(60, 37, None, 0.04, 1.0, 'log2') 0.00241236544300302
(10, 21, 40, 0.08, 0.75, 'log2') 0.0019442912300055356
(50, 37, 21, 0.1, 0.75, 'log2') 0.0017092607859302037
(20, 26, 32, 0.02, 1.0, 'log2') 0.001647898928865667
(70, 49, 21, 0.04, 0.75, 'log2') 0.0016464088397789883
(60, 7, 39, 0.08, 0.75, 'log2') 0.0014830043859649276
(10, 34, 24, 0.1, 0.5, 'log2') 0.0014698596201486273
(60, 26, 14, 0.04, 0.75, 'log2') 0.00144159072079535
(10, 29, 31, 0.02, 0.75, 'log2') 0.0014077536431124336
(20, 45, 28, 0.04, 1.0, 'log2') 0.001339779005524844
(90, 16, 17, 0.02, 0.5, 'log2') 0.0011720698254364093
(20, 35, 31, 0.02, 1.0, 'log2') 0.001085164835164815
(40, 43, 26, 0.06, 1.0, 'log2') 0.0010335272928789264
(10, 42, 32, 0.02, 1.0, 'log2') 0.0009815782238108122
(20, 44, 9, 0.06, 0.5, 'log2') 0.0008273381294964056
(50, 45, 9, 0.02, 1.0, 'log2') 0.0007940446650124054
(40, 31, 13, 0.02, 0.75, 'log2') 0.0006515737161788959
(40, 44, 34, 0.1, 1.0, 'log2') 0.000577986725663522
(10, 32, 32, 0.04, 0.75, 'log2') 0.0005613648871766458
(20, 32, 18, 0.08, 0.75, 'log2') 0.00010514665190922387
(30, 6, 6, 0.02, 0.75, 'log2') 0.00010164835164833338
(90, 17, 22, 0.1, 0.75, 'log2') 7.685973099087845e-05
(40, 24, 19, 0.1, 1.0, 'log2') -0.00025274725274726295
(20, 41, 15, 0.1, 0.75, 'log2') -0.00027317880794703415
(90, 19, 23, 0.04, 0.5, 'log2') -0.0003817427385892231
(10, 43, 10, 0.04, 1.0, 'log2') -0.0004973893926903168
(30, 47, 39, 0.04, 0.5, 'log2') -0.0005488141202427148
(10, 48, 8, 0.06, 1.0, 'log2') -0.0005665566556655995
(50, 7, 17, 0.1, 1.0, 'log2') -0.0005903349807798007
(80, 20, 31, 0.02, 0.75, 'log2') -0.0008705295259218277
(10, 28, 39, 0.02, 1.0, 'log2') -0.0010096286107290433
(80, 28, 21, 0.1, 0.5, 'log2') -0.0011046990931574832
(20, 16, 36, 0.04, 1.0, 'log2') -0.00118779213637615
(20, 32, 16, 0.06, 1.0, 'log2') -0.0012320837927232808
(70, 47, 27, 0.1, 0.5, 'log2') -0.001310439560439572
(80, 38, 19, 0.04, 1.0, 'log2') -0.0014001106806862023
(30, 28, 13, 0.02, 0.75, 'log2') -0.001465090709180874
(80, 23, 20, 0.02, 0.5, 'log2') -0.001583747927031518
(90, 25, 26, 0.1, 0.75, 'log2') -0.0017513038704364669
(20, 30, 35, 0.06, 0.5, 'log2') -0.001756906077348177
(70, 17, 9, 0.02, 0.75, 'log2') -0.0018277485461091105
(90, 30, 20, 0.06, 1.0, 'log2') -0.0018946497517926288
(20, 23, 33, 0.02, 1.0, 'log2') -0.0019031903190319251
(10, 39, 27, 0.06, 0.75, 'log2') -0.00201486374896781
(30, 23, 4, 0.02, 0.75, 'log2') -0.0022503438789546635
(50, 50, 9, 0.1, 0.5, 'log2') -0.002328275862068962
(10, 50, 37, 0.1, 0.75, 'log2') -0.0023289183222958043
(10, 37, 40, 0.08, 0.75, 'log2') -0.002629393855521724
(50, 19, None, 0.08, 1.0, 'log2') -0.0026510989010989153
(50, 8, 22, 0.06, 0.5, 'log2') -0.0026896551724138215
(90, 29, 7, 0.08, 1.0, 'log2') -0.0027584300718629154
(30, 30, 29, 0.06, 1.0, 'log2') -0.002780852241283916
(80, 33, 14, 0.04, 0.75, 'log2') -0.0028318093654752605
(90, 8, 18, 0.06, 0.5, 'log2') -0.0028398458998349758
(60, 9, 10, 0.02, 0.5, 'log2') -0.0028871101297267567
(20, 4, 35, 0.06, 0.75, 'log2') -0.003054024255788349
(40, 29, 15, 0.06, 1.0, 'log2') -0.003090354767184018
(80, 29, 16, 0.02, 0.5, 'log2') -0.003214186755333956
(10, 7, 22, 0.08, 0.5, 'log2') -0.003221550302363984
(40, 43, None, 0.04, 0.5, 'log2') -0.0032448866777225276
(80, 6, 33, 0.08, 0.75, 'log2') -0.0032620027434842633
(10, 46, 4, 0.08, 0.75, 'log2') -0.003276337562051871
(80, 48, 33, 0.02, 0.5, 'log2') -0.0034026045996120684
(30, 31, 32, 0.06, 0.5, 'log2') -0.0034208344846642894
(20, 18, 19, 0.04, 0.75, 'log2') -0.003433784904617131
(80, 27, 17, 0.1, 1.0, 'log2') -0.0035415520088057395
(20, 33, 18, 0.04, 0.5, 'log2') -0.0035864163445611863
(30, 47, 34, 0.02, 1.0, 'log2') -0.0035934914506343344
(90, 16, 16, 0.06, 1.0, 'log2') -0.0036098901098901414
(30, 46, 19, 0.02, 0.5, 'log2') -0.003726622662266248
(40, 43, 33, 0.1, 0.75, 'log2') -0.0037723890879030253
(60, 28, 18, 0.02, 0.75, 'log2') -0.003791193575186941
(40, 33, 27, 0.04, 0.5, 'log2') -0.003804648588821277
(80, 11, 6, 0.08, 1.0, 'log2') -0.0038064873856390687
(60, 35, 34, 0.1, 0.75, 'log2') -0.0038130482456142007
(40, 50, 17, 0.02, 1.0, 'log2') -0.004303063759315524
(30, 49, 40, 0.08, 0.5, 'log2') -0.0045047039291644
(60, 6, 22, 0.04, 0.75, 'log2') -0.004555218947948216
(70, 30, 6, 0.08, 1.0, 'log2') -0.004636514983351827
(40, 36, None, 0.1, 1.0, 'log2') -0.004677109095905646
(70, 8, 17, 0.04, 0.75, 'log2') -0.004701986754966963
(80, 5, 17, 0.08, 0.5, 'log2') -0.004880592917924795
(90, 15, 30, 0.02, 1.0, 'log2') -0.004900442477876131
(90, 8, 6, 0.08, 0.5, 'log2') -0.005002762430939263
(70, 25, 27, 0.02, 0.75, 'log2') -0.0051578947368421234
(20, 4, 39, 0.04, 0.5, 'log2') -0.005246081935661287
(30, 46, 37, 0.02, 0.75, 'log2') -0.005299640983153831
(30, 43, 27, 0.02, 1.0, 'log2') -0.005310781078107867
(40, 33, 20, 0.04, 1.0, 'log2') -0.005546939905843264
(30, 39, 27, 0.08, 0.75, 'log2') -0.005594059405940661
(20, 22, 16, 0.04, 0.5, 'log2') -0.005639326152996419
(80, 18, 16, 0.02, 1.0, 'log2') -0.005990016638935181
(90, 13, 30, 0.06, 1.0, 'log2') -0.006215545755237081
(80, 37, 31, 0.1, 0.75, 'log2') -0.00622392974753024
(20, 41, 28, 0.1, 0.5, 'log2') -0.006279712548369273
(90, 10, 4, 0.08, 0.75, 'log2') -0.0063173985547526745
(10, 43, 17, 0.04, 0.5, 'log2') -0.00645844799119428
(20, 43, 35, 0.1, 0.5, 'log2') -0.006496410822749862
(30, 26, 7, 0.02, 0.75, 'log2') -0.006553051126992866
(30, 29, 32, 0.02, 0.5, 'log2') -0.006570327552986541
(90, 41, 20, 0.08, 0.5, 'log2') -0.006650192202086825
(50, 19, 31, 0.06, 1.0, 'log2') -0.006855172413793153
(90, 23, 9, 0.02, 0.5, 'log2') -0.006869107043815877
(20, 13, 35, 0.04, 0.5, 'log2') -0.007001379310344893
(70, 18, 33, 0.04, 0.5, 'log2') -0.0071191595244680175
(60, 29, 40, 0.04, 1.0, 'log2') -0.007291839557399743
(70, 43, 37, 0.04, 0.5, 'log2') -0.0073506637168141336
(20, 17, 10, 0.06, 1.0, 'log2') -0.007361843932241058
(10, 33, 4, 0.08, 0.75, 'log2') -0.007458609271523197
(10, 25, None, 0.04, 0.5, 'log2') -0.007508926119198049
(20, 9, 23, 0.04, 1.0, 'log2') -0.0075654811138682315
(50, 29, 8, 0.08, 0.75, 'log2') -0.007566970450151909
(50, 43, 33, 0.08, 1.0, 'log2') -0.007608275862069001
(20, 49, 23, 0.06, 0.5, 'log2') -0.007649667405764985
(70, 9, 22, 0.06, 0.75, 'log2') -0.007978547854785557
(80, 49, 30, 0.1, 1.0, 'log2') -0.00819429198682767
(30, 16, 11, 0.06, 1.0, 'log2') -0.008217439293598265
(20, 47, 36, 0.04, 0.5, 'log2') -0.00836734693877554
(80, 50, 13, 0.04, 1.0, 'log2') -0.008548834628190933
(10, 14, 8, 0.06, 1.0, 'log2') -0.008605292171995623
(90, 32, 14, 0.02, 1.0, 'log2') -0.008653899528171027
(40, 5, 5, 0.1, 0.75, 'log2') -0.008765875207067933
(50, 24, 36, 0.02, 0.5, 'log2') -0.008886432716220083
(70, 48, 37, 0.06, 0.5, 'log2') -0.009004149377593376
(60, 12, 18, 0.02, 1.0, 'log2') -0.009004687069203226
(90, 8, 7, 0.08, 0.5, 'log2') -0.009025330396475758
(90, 49, 31, 0.02, 0.75, 'log2') -0.009034043730971665
(60, 38, 22, 0.06, 0.75, 'log2') -0.009106652006597207
(50, 32, 4, 0.02, 1.0, 'log2') -0.009202318520563081
(40, 44, 32, 0.02, 0.5, 'log2') -0.009316804407713507
(10, 26, 35, 0.04, 0.5, 'log2') -0.009365907219324763
(10, 8, None, 0.06, 0.5, 'log2') -0.009440771349862272
(10, 29, 5, 0.08, 0.75, 'log2') -0.009501377410468368
(10, 8, 21, 0.04, 0.75, 'log2') -0.009639614855570888
(30, 9, 26, 0.1, 0.75, 'log2') -0.009752815160670149
(10, 27, 30, 0.04, 0.75, 'log2') -0.009834983498349879
(50, 30, 11, 0.02, 0.5, 'log2') -0.009845261121856918
(70, 24, 23, 0.08, 1.0, 'log2') -0.010101760176017632
(40, 26, 36, 0.02, 0.75, 'log2') -0.010131976904041818
(50, 10, 6, 0.04, 0.5, 'log2') -0.010152059717998417
(80, 41, 35, 0.08, 1.0, 'log2') -0.010204137931034672
(70, 38, 29, 0.06, 0.75, 'log2') -0.01044603524229079
(40, 42, 13, 0.04, 0.5, 'log2') -0.010478296931158508
(70, 45, 36, 0.02, 0.75, 'log2') -0.010502638156067775
(30, 23, 8, 0.04, 1.0, 'log2') -0.010541735765616414
(50, 30, 16, 0.1, 1.0, 'log2') -0.010551116009920102
(40, 12, 20, 0.08, 0.5, 'log2') -0.010601813685078358
(80, 40, 34, 0.04, 0.75, 'log2') -0.01063623789764874
(90, 26, 31, 0.04, 0.75, 'log2') -0.010682697622996186
(30, 28, 7, 0.1, 0.75, 'log2') -0.010774764803541805
(40, 20, 23, 0.02, 1.0, 'log2') -0.010898566703417876
(80, 16, 14, 0.04, 1.0, 'log2') -0.011016620498614996
(30, 11, 6, 0.06, 0.75, 'log2') -0.011231281198003349
(40, 20, 15, 0.02, 0.75, 'log2') -0.011259668508287418
(90, 8, 16, 0.06, 0.75, 'log2') -0.011365009612743802
(90, 5, 6, 0.06, 0.75, 'log2') -0.0113773951680089
(70, 47, 37, 0.06, 0.5, 'log2') -0.01145660585959104
(50, 50, 30, 0.08, 1.0, 'log2') -0.01151063242198291
(30, 21, 4, 0.1, 0.75, 'log2') -0.011513303769401325
(80, 34, None, 0.06, 0.75, 'log2') -0.0115267807840972
(30, 37, None, 0.06, 0.5, 'log2') -0.01164962696877593
(60, 38, 39, 0.1, 0.75, 'log2') -0.011694214876033227
(60, 23, 24, 0.02, 1.0, 'log2') -0.011824454871653359
(80, 49, 11, 0.06, 0.75, 'log2') -0.011937086092715373
(50, 46, 27, 0.02, 1.0, 'log2') -0.012132556849695069
(30, 18, 25, 0.02, 0.75, 'log2') -0.012179170101676276
(50, 17, 24, 0.06, 1.0, 'log2') -0.012246136865342287
(20, 9, 12, 0.08, 0.75, 'log2') -0.012408376963350764
(40, 16, 32, 0.08, 0.5, 'log2') -0.012409440175631356
(60, 36, 9, 0.02, 0.75, 'log2') -0.01241445916114795
(30, 5, 6, 0.04, 0.75, 'log2') -0.01259596796465073
(70, 33, 27, 0.04, 0.75, 'log2') -0.01265030336458916
(40, 37, 31, 0.02, 0.75, 'log2') -0.012713498622589567
(50, 30, 9, 0.04, 0.75, 'log2') -0.012738888888888944
(40, 30, 37, 0.04, 0.75, 'log2') -0.012985363159348241
(10, 29, 35, 0.08, 0.75, 'log2') -0.013011848994213291
(70, 11, 24, 0.06, 1.0, 'log2') -0.013051500963921775
(30, 23, 39, 0.1, 0.5, 'log2') -0.013060606060606097
(80, 21, 23, 0.08, 1.0, 'log2') -0.013106582208757952
(60, 42, 22, 0.02, 1.0, 'log2') -0.013176925200110434
(60, 6, 37, 0.1, 0.75, 'log2') -0.01318156884256723
(50, 35, 17, 0.08, 0.5, 'log2') -0.013303080308030972
(50, 14, 13, 0.02, 1.0, 'log2') -0.013520000000000039
(50, 23, 11, 0.02, 0.75, 'log2') -0.013542302357836345
(90, 50, 10, 0.08, 0.5, 'log2') -0.013685368536853738
(70, 22, 10, 0.02, 0.75, 'log2') -0.013755920869322993
(50, 31, 33, 0.02, 0.75, 'log2') -0.013783185840708001
(30, 23, 39, 0.06, 0.75, 'log2') -0.01394853348090759
(80, 16, 14, 0.1, 1.0, 'log2') -0.013951058564751208
(10, 48, 38, 0.08, 1.0, 'log2') -0.01411699779249449
(20, 27, 27, 0.04, 0.5, 'log2') -0.014208494208494217
(30, 37, 19, 0.1, 0.5, 'log2') -0.01443372829980722
(70, 33, 28, 0.08, 0.5, 'log2') -0.014563721442334194
(80, 4, 17, 0.02, 1.0, 'log2') -0.01459107291377881
(50, 39, 16, 0.02, 0.75, 'log2') -0.014593698175787827
(80, 17, 21, 0.02, 0.5, 'log2') -0.014616024397006086
(70, 23, 19, 0.1, 0.5, 'log2') -0.014742606790799579
(30, 47, 7, 0.04, 0.75, 'log2') -0.014806094182825524
(90, 43, 17, 0.02, 0.5, 'log2') -0.014844271412680795
(70, 21, 32, 0.02, 0.75, 'log2') -0.014975041597337868
(80, 38, 25, 0.04, 0.75, 'log2') -0.015127353266888348
(30, 25, 36, 0.08, 0.5, 'log2') -0.015255595468361511
(90, 34, 39, 0.08, 0.5, 'log2') -0.015358615004122018
(90, 47, 14, 0.04, 0.75, 'log2') -0.015366325684268958
(30, 44, 13, 0.08, 1.0, 'log2') -0.015417475728155355
(40, 43, 7, 0.04, 0.75, 'log2') -0.015610972568578732
(40, 35, 13, 0.1, 0.75, 'log2') -0.015621725944306589
(20, 26, 15, 0.1, 1.0, 'log2') -0.015730461198563955
(20, 20, 6, 0.04, 1.0, 'log2') -0.01577336641852777
(40, 37, 5, 0.06, 0.5, 'log2') -0.01580716865796063
(20, 29, 13, 0.1, 0.5, 'log2') -0.015881051175657215
(10, 26, 16, 0.1, 0.5, 'log2') -0.015912851627137382
(60, 50, 25, 0.08, 1.0, 'log2') -0.016013793103448266
(50, 19, 9, 0.08, 1.0, 'log2') -0.01606043803715008
(10, 12, 39, 0.1, 0.5, 'log2') -0.01607044578976337
(90, 20, 6, 0.06, 0.75, 'log2') -0.016086836283185982
(80, 35, 34, 0.06, 0.75, 'log2') -0.01626134800550208
(40, 16, 3, 0.04, 1.0, 'log2') -0.01661129568106319
(60, 24, 34, 0.04, 1.0, 'log2') -0.01665561083471536
(30, 28, 31, 0.1, 0.5, 'log2') -0.016869493392070688
(70, 6, 32, 0.02, 0.5, 'log2') -0.016962513781697924
(30, 4, 23, 0.02, 1.0, 'log2') -0.0169983461962514
(50, 5, 16, 0.06, 1.0, 'log2') -0.01716496269687763
(50, 41, 40, 0.02, 0.75, 'log2') -0.017258420762010097
(90, 43, 7, 0.08, 0.5, 'log2') -0.017506213753107035
(90, 24, 22, 0.02, 0.5, 'log2') -0.01771198220739503
(50, 45, 8, 0.02, 0.5, 'log2') -0.017868174296745868
(20, 31, 40, 0.08, 0.75, 'log2') -0.017891400220507177
(40, 42, 17, 0.08, 1.0, 'log2') -0.017925619834710752
(60, 45, 27, 0.04, 0.5, 'log2') -0.017927677329624473
(60, 38, 8, 0.02, 0.75, 'log2') -0.018210730088495605
(50, 4, 14, 0.02, 0.75, 'log2') -0.018279391424619665
(20, 13, 8, 0.08, 0.75, 'log2') -0.01839800443458984
(70, 48, 12, 0.02, 0.5, 'log2') -0.018405555555555717
(80, 27, 13, 0.04, 0.5, 'log2') -0.018663338879645074
(20, 13, 10, 0.06, 0.75, 'log2') -0.01870672943782889
(70, 42, 7, 0.06, 1.0, 'log2') -0.018850193477059192
(10, 6, 28, 0.06, 0.5, 'log2') -0.018961538461538457
(90, 41, 36, 0.04, 1.0, 'log2') -0.019038674033149162
(90, 34, 4, 0.06, 1.0, 'log2') -0.01915169936446544
(10, 3, 29, 0.04, 0.75, 'log2') -0.019233937397034575
(80, 19, 5, 0.06, 1.0, 'log2') -0.019315030504714514
(80, 37, 13, 0.02, 1.0, 'log2') -0.019365826640819775
(80, 37, 37, 0.02, 1.0, 'log2') -0.019410135696482953
(30, 15, 23, 0.1, 0.5, 'log2') -0.019437276969530615
(20, 17, 28, 0.08, 1.0, 'log2') -0.01954168967421321
(50, 19, 16, 0.04, 0.75, 'log2') -0.019546083587046813
(90, 48, 22, 0.1, 1.0, 'log2') -0.0195953757225434
(50, 36, 34, 0.02, 0.5, 'log2') -0.019621023513139716
(20, 37, 3, 0.08, 0.5, 'log2') -0.019629117077221214
(10, 29, 7, 0.08, 0.75, 'log2') -0.019669056811913985
(70, 48, 35, 0.02, 0.5, 'log2') -0.019707020453289224
(20, 34, 15, 0.06, 0.75, 'log2') -0.01979529737206089
(10, 17, 34, 0.06, 0.75, 'log2') -0.01979647964796482
(30, 45, 30, 0.08, 0.75, 'log2') -0.019939159292035432
(50, 5, 18, 0.04, 0.75, 'log2') -0.020000000000000004
(90, 8, 6, 0.04, 0.5, 'log2') -0.020222098833981295
(40, 46, 7, 0.08, 0.75, 'log2') -0.020282313866592943
(40, 8, 27, 0.06, 0.75, 'log2') -0.020298177802319156
(70, 4, 19, 0.02, 1.0, 'log2') -0.020330097087378724
(90, 14, 30, 0.04, 0.5, 'log2') -0.020822749861954638
(40, 11, 4, 0.1, 1.0, 'log2') -0.020859049207673275
(30, 8, 38, 0.1, 1.0, 'log2') -0.020863823933975272
(30, 3, 18, 0.1, 0.5, 'log2') -0.020892121877573434
(40, 22, 22, 0.1, 1.0, 'log2') -0.02090658583631855
(80, 41, 18, 0.04, 1.0, 'log2') -0.0209465817879879
(30, 37, 9, 0.06, 1.0, 'log2') -0.02098830734966593
(70, 26, 27, 0.02, 0.5, 'log2') -0.02104898975920305
(80, 34, 13, 0.02, 0.75, 'log2') -0.021100332594235088
(90, 10, 31, 0.06, 1.0, 'log2') -0.02110076670317639
(90, 31, 40, 0.06, 0.5, 'log2') -0.021167722390526073
(80, 33, 4, 0.04, 0.75, 'log2') -0.021205555555555616
(60, 7, 22, 0.06, 1.0, 'log2') -0.021209366391184578
(70, 45, 40, 0.06, 1.0, 'log2') -0.021245179063360993
(70, 46, 18, 0.06, 0.5, 'log2') -0.02126208229770799
(50, 32, 19, 0.06, 0.75, 'log2') -0.021267566822816338
(90, 44, 19, 0.02, 0.5, 'log2') -0.021334628190899003
(90, 39, 21, 0.02, 0.5, 'log2') -0.021339062933185587
(30, 13, 39, 0.08, 0.75, 'log2') -0.021483425414364647
(80, 49, 26, 0.02, 0.75, 'log2') -0.02160976963641427
(40, 48, 6, 0.04, 1.0, 'log2') -0.021905289393519933
(40, 32, 27, 0.1, 1.0, 'log2') -0.021920220082531
(90, 13, 23, 0.06, 0.5, 'log2') -0.021951688169091446
(10, 16, None, 0.08, 1.0, 'log2') -0.022026989809969914
(70, 41, 21, 0.06, 0.5, 'log2') -0.02204702627939153
(30, 36, 37, 0.08, 0.5, 'log2') -0.022052907136952356
(30, 45, 16, 0.06, 1.0, 'log2') -0.022095791805094214
(60, 9, 9, 0.04, 0.5, 'log2') -0.022153931339977905
(90, 28, 11, 0.02, 0.75, 'log2') -0.02220400222345749
(70, 27, 16, 0.06, 1.0, 'log2') -0.022264827586206827
(70, 14, 7, 0.06, 0.5, 'log2') -0.022376594564614702
(60, 37, 21, 0.08, 0.75, 'log2') -0.022484865162355608
(80, 32, 19, 0.02, 0.5, 'log2') -0.022556016597510362
(60, 39, 14, 0.1, 0.75, 'log2') -0.02255858836504003
(20, 10, 23, 0.08, 0.5, 'log2') -0.022656206991467087
(30, 26, 17, 0.02, 0.5, 'log2') -0.022988726972779757
(10, 32, 15, 0.06, 0.5, 'log2') -0.02302838247451087
(10, 19, 5, 0.1, 0.75, 'log2') -0.023028713418001192
(80, 29, 25, 0.04, 1.0, 'log2') -0.023104782969311587
(40, 26, 32, 0.08, 0.5, 'log2') -0.023164277839029784
(70, 21, 30, 0.06, 1.0, 'log2') -0.023233516483516473
(70, 38, 40, 0.1, 0.5, 'log2') -0.023249176728869413
(40, 14, 3, 0.06, 0.5, 'log2') -0.023255749515101252
(50, 4, 9, 0.04, 0.75, 'log2') -0.02326044838084693
(40, 25, 39, 0.06, 0.75, 'log2') -0.0233912324234905
(20, 28, 3, 0.1, 0.5, 'log2') -0.02352941176470595
(40, 37, 3, 0.06, 0.5, 'log2') -0.02355795895729351
(90, 4, 23, 0.04, 0.75, 'log2') -0.023584022038567517
(70, 17, 33, 0.1, 0.75, 'log2') -0.02363586509459833
(10, 14, 16, 0.1, 1.0, 'log2') -0.023637621023513192
(60, 34, 3, 0.08, 0.75, 'log2') -0.0239766407119022
(40, 37, 3, 0.08, 0.75, 'log2') -0.02412434082708856
(70, 16, 22, 0.1, 1.0, 'log2') -0.024488901068785963
(40, 29, 36, 0.04, 0.5, 'log2') -0.02460348162475836
(70, 16, 19, 0.02, 0.5, 'log2') -0.024696467991169962
(70, 5, 29, 0.1, 0.5, 'log2') -0.024789732386673983
(30, 33, 10, 0.04, 0.5, 'log2') -0.024803867403315076
(50, 27, 34, 0.04, 0.5, 'log2') -0.025062309609526424
(70, 27, 36, 0.1, 1.0, 'log2') -0.025565312843029684
(30, 30, 18, 0.08, 0.5, 'log2') -0.025909215955983646
(60, 41, 5, 0.08, 0.75, 'log2') -0.02600997506234417
(50, 49, 3, 0.06, 1.0, 'log2') -0.02615043019705815
(70, 12, 11, 0.04, 0.5, 'log2') -0.026361365528726245
(50, 5, 7, 0.04, 0.75, 'log2') -0.026417910447761192
(30, 48, 23, 0.06, 1.0, 'log2') -0.026510532150776055
(30, 4, 21, 0.1, 1.0, 'log2') -0.026529379461834306
(70, 25, 26, 0.06, 1.0, 'log2') -0.02672185430463586
(20, 8, 19, 0.06, 1.0, 'log2') -0.02680022105554033
(80, 4, 27, 0.1, 1.0, 'log2') -0.02682115594329338
(10, 47, 21, 0.1, 0.5, 'log2') -0.026872416643703666
(70, 3, 5, 0.08, 1.0, 'log2') -0.02693140794223826
(30, 30, None, 0.1, 0.5, 'log2') -0.027072567344694938
(60, 5, 29, 0.04, 1.0, 'log2') -0.027153103448275852
(60, 8, 9, 0.04, 0.5, 'log2') -0.0271713810316141
(50, 29, 14, 0.02, 1.0, 'log2') -0.027231108659680103
(60, 37, 28, 0.08, 0.5, 'log2') -0.027260953430697163
(70, 6, 9, 0.1, 0.5, 'log2') -0.027340308370044204
(90, 4, 31, 0.02, 0.75, 'log2') -0.027517260425296886
(70, 15, 27, 0.04, 0.75, 'log2') -0.027579179289451985
(30, 46, 34, 0.06, 0.5, 'log2') -0.027708102108768243
(70, 49, 17, 0.02, 1.0, 'log2') -0.028004980630880034
(90, 38, 25, 0.04, 1.0, 'log2') -0.02807522123893807
(90, 36, 29, 0.04, 0.75, 'log2') -0.028498755875034747
(20, 39, 33, 0.08, 0.75, 'log2') -0.02859590934217795
(50, 11, 14, 0.04, 0.5, 'log2') -0.02859751037344411
(70, 45, 18, 0.02, 0.5, 'log2') -0.028759668508287276
(90, 45, 19, 0.04, 0.5, 'log2') -0.02880033094318808
(40, 48, 10, 0.08, 0.5, 'log2') -0.02886061946902665
(80, 12, 34, 0.1, 1.0, 'log2') -0.028863636363636362
(70, 39, 29, 0.1, 1.0, 'log2') -0.028976897689768945
(90, 8, 16, 0.1, 0.75, 'log2') -0.028988486842105275
(40, 28, None, 0.08, 0.75, 'log2') -0.0291512813447231
(50, 46, 12, 0.1, 0.75, 'log2') -0.029375687568756952
(40, 27, 30, 0.06, 0.75, 'log2') -0.029381757693374182
(70, 41, 26, 0.04, 0.5, 'log2') -0.02939125622578873
(80, 12, 9, 0.08, 1.0, 'log2') -0.02948909141121233
(30, 7, 28, 0.1, 0.75, 'log2') -0.02967555677756393
(40, 15, 19, 0.08, 0.5, 'log2') -0.029829482948294933
(40, 29, 26, 0.04, 0.75, 'log2') -0.029947339246119926
(20, 22, 11, 0.1, 1.0, 'log2') -0.029986141906873615
(80, 6, 20, 0.1, 1.0, 'log2') -0.03024089789214345
(20, 3, 6, 0.08, 1.0, 'log2') -0.030487129809023135
(70, 8, 28, 0.04, 0.5, 'log2') -0.031038567493112987
(50, 3, 11, 0.04, 0.75, 'log2') -0.03105379310344821
(90, 19, 20, 0.04, 0.75, 'log2') -0.031091461729759698
(80, 31, 26, 0.08, 0.75, 'log2') -0.03118713932399026
(80, 50, 8, 0.08, 0.75, 'log2') -0.03161764705882359
(60, 26, 9, 0.1, 0.5, 'log2') -0.031746688741721894
(80, 50, 33, 0.08, 1.0, 'log2') -0.03174931129476578
(80, 14, 37, 0.1, 1.0, 'log2') -0.031765350877193
(40, 38, 38, 0.06, 0.75, 'log2') -0.03198563932615301
(80, 11, 12, 0.06, 0.5, 'log2') -0.03206043956043968
(60, 29, 39, 0.02, 1.0, 'log2') -0.03214563646470275
(60, 17, 3, 0.1, 0.75, 'log2') -0.0325624652970573
(50, 45, 40, 0.08, 0.75, 'log2') -0.03288858321870703
(90, 5, None, 0.08, 0.75, 'log2') -0.032925430210325055
(40, 43, 34, 0.08, 0.75, 'log2') -0.032948647156267295
(80, 22, 37, 0.02, 0.5, 'log2') -0.032950138504155256
(90, 20, 7, 0.06, 0.75, 'log2') -0.03297103448275865
(60, 26, 12, 0.1, 0.5, 'log2') -0.0330379746835443
(50, 45, 11, 0.1, 0.75, 'log2') -0.03304443831079225
(40, 29, 3, 0.1, 1.0, 'log2') -0.0330771372876637
(60, 13, 16, 0.02, 0.5, 'log2') -0.03312119535141118
(90, 24, 22, 0.08, 1.0, 'log2') -0.03328395061728403
(80, 21, 32, 0.04, 0.5, 'log2') -0.03356134034893387
(60, 40, 7, 0.06, 0.75, 'log2') -0.033842952275249645
(70, 47, 10, 0.1, 0.5, 'log2') -0.033843191196698846
(10, 26, 35, 0.1, 0.5, 'log2') -0.0341724233213596
(30, 4, 33, 0.06, 0.5, 'log2') -0.034365384615384624
(70, 26, 26, 0.04, 0.5, 'log2') -0.03441249654409733
(80, 31, 5, 0.06, 1.0, 'log2') -0.03449030470914127
(10, 20, 34, 0.06, 0.5, 'log2') -0.03464924346629978
(50, 13, 21, 0.08, 1.0, 'log2') -0.035390969162995674
(50, 46, 37, 0.08, 0.5, 'log2') -0.03571546961325985
(30, 3, 38, 0.08, 0.5, 'log2') -0.035761734833928104
(80, 49, 15, 0.1, 1.0, 'log2') -0.036920958413660186
(80, 8, 27, 0.02, 0.5, 'log2') -0.03711320232493774
(90, 3, 21, 0.04, 1.0, 'log2') -0.037136163175303154
(70, 48, 11, 0.04, 0.5, 'log2') -0.03782200110558337
(10, 19, 27, 0.1, 0.5, 'log2') -0.0380424593327818
(80, 34, 8, 0.04, 0.5, 'log2') -0.03838448660714296
(80, 6, 15, 0.06, 0.5, 'log2') -0.03938775510204075
(30, 5, 14, 0.08, 1.0, 'log2') -0.039581497797356896
(90, 12, 35, 0.02, 0.5, 'log2') -0.039595791805094094
(40, 17, 26, 0.1, 1.0, 'log2') -0.03964599341383086
(70, 35, 35, 0.04, 0.5, 'log2') -0.039955886407499364
(80, 3, 18, 0.08, 0.75, 'log2') -0.04028993435448581
(40, 23, 29, 0.08, 0.5, 'log2') -0.04084227910817509
(80, 21, 32, 0.06, 0.5, 'log2') -0.04110866574965611
(70, 24, 20, 0.04, 1.0, 'log2') -0.041987868762062314
(60, 27, 16, 0.04, 0.5, 'log2') -0.04223021582733817
(20, 3, 28, 0.1, 1.0, 'log2') -0.04256727073036808
(20, 24, 10, 0.1, 0.75, 'log2') -0.04293547493769048
(80, 28, 23, 0.04, 1.0, 'log2') -0.04322795341098169
(40, 26, 37, 0.06, 0.75, 'log2') -0.043715937241948825
(80, 48, 11, 0.04, 0.5, 'log2') -0.04416205752212397
(50, 22, 37, 0.06, 0.5, 'log2') -0.04551430143014302
(60, 50, 11, 0.08, 0.5, 'log2') -0.04604137931034484
(90, 3, 28, 0.06, 0.5, 'log2') -0.04650754458161859
(50, 42, 26, 0.08, 1.0, 'log2') -0.046742904381372304
(30, 6, 25, 0.1, 1.0, 'log2') -0.046747186384847705
(40, 46, 30, 0.06, 0.5, 'log2') -0.04733757257395631
(30, 5, 17, 0.06, 0.75, 'log2') -0.04866354367594377
(90, 35, 13, 0.1, 0.5, 'log2') -0.049198682766190986
(60, 38, None, 0.08, 0.75, 'log2') -0.049319502074688694
(80, 31, 26, 0.04, 0.75, 'log2') -0.04955537144435235
(30, 10, 29, 0.1, 0.75, 'log2') -0.05031318681318679
(60, 46, 15, 0.08, 0.5, 'log2') -0.05138083402375041
(50, 3, 39, 0.1, 0.5, 'log2') -0.0521596500820119
(50, 27, 30, 0.1, 1.0, 'log2') -0.053180192572214555
(70, 38, 33, 0.06, 0.75, 'log2') -0.054200109950522275
(70, 19, 35, 0.08, 0.5, 'log2') -0.05512750205648471
(60, 46, 37, 0.1, 1.0, 'log2') -0.05592847317744146
(80, 4, 30, 0.08, 0.5, 'log2') -0.06488118000546295

zero:
(70, 12, 13, 0.1, 0.75, 'log2') 0.015437028762915339
(30, 28, 21, 0.08, 1.0, 'log2') 0.014313445618041638
(80, 3, 9, 0.08, 0.5, 'log2') 0.01009856378484934
(50, 39, 17, 0.1, 0.75, 'log2') 0.008596888260254603
(80, 34, 27, 0.08, 0.75, 'log2') 0.005736782902137224
(60, 8, 32, 0.06, 1.0, 'log2') 0.0037911781127861355
(40, 14, 22, 0.08, 0.75, 'log2') 0.003645043527099134
(90, 8, 26, 0.04, 0.75, 'log2') 0.0030593864339994135
(70, 27, 15, 0.1, 0.75, 'log2') 0.0014963503649634215
(80, 37, 23, 0.1, 0.75, 'log2') -0.0014912524298806003
(60, 26, 38, 0.1, 1.0, 'log2') -0.00489415041782735
(80, 14, 33, 0.1, 0.75, 'log2') -0.0049572413793103655
(60, 7, 10, 0.1, 1.0, 'log2') -0.005741734953376669
(70, 45, 33, 0.06, 0.5, 'log2') -0.00764504144041153
(70, 11, 37, 0.08, 0.75, 'log2') -0.008166388425153054
(20, 16, 33, 0.08, 0.5, 'log2') -0.00833897349125771
(90, 35, 36, 0.06, 0.75, 'log2') -0.008999433106575968
(80, 50, 20, 0.06, 1.0, 'log2') -0.009799771167048053
(60, 23, 39, 0.1, 0.75, 'log2') -0.01047433035714294
(60, 24, 21, 0.08, 0.75, 'log2') -0.010562942008486575
(30, 48, 16, 0.08, 0.75, 'log2') -0.010588914549653687
(80, 41, 30, 0.08, 0.75, 'log2') -0.010784036229833063
(70, 11, 39, 0.06, 0.75, 'log2') -0.011689151208544172
(60, 19, 40, 0.06, 0.75, 'log2') -0.011851431811738063
(70, 40, 31, 0.1, 1.0, 'log2') -0.0125912510448593
(60, 36, 37, 0.1, 0.5, 'log2') -0.012625385261978168
(50, 33, 35, 0.1, 1.0, 'log2') -0.014250211804575008
(50, 43, 22, 0.08, 0.75, 'log2') -0.014508126603935002
(50, 46, 18, 0.1, 0.75, 'log2') -0.014737439682089145
(70, 15, 38, 0.1, 0.5, 'log2') -0.017933425797503417
(60, 39, 27, 0.06, 0.5, 'log2') -0.018005129666571744
(40, 26, 40, 0.06, 0.75, 'log2') -0.018822355289421194
(80, 31, 30, 0.06, 1.0, 'log2') -0.019460533787620693
(90, 38, 26, 0.08, 0.5, 'log2') -0.019581802769143807
(90, 43, 34, 0.1, 0.75, 'log2') -0.01962269424259361
(80, 8, 27, 0.04, 0.75, 'log2') -0.01985007072135803
(80, 24, 20, 0.06, 0.75, 'log2') -0.020174037089871616
(50, 5, 21, 0.06, 0.5, 'log2') -0.0202296275553066
(90, 30, 28, 0.06, 0.75, 'log2') -0.020518854550609575
(70, 15, 19, 0.08, 0.5, 'log2') -0.021188947809098437
(60, 34, 32, 0.08, 0.5, 'log2') -0.02125493513818396
(50, 35, 39, 0.1, 0.5, 'log2') -0.023015160022459197
(80, 15, 40, 0.06, 0.5, 'log2') -0.023531390134529165
(70, 12, 7, 0.06, 0.5, 'log2') -0.02358540145985405
(70, 43, 19, 0.08, 0.75, 'log2') -0.02379416713404383
(20, 10, None, 0.08, 1.0, 'log2') -0.024517037454238246
(90, 40, 33, 0.06, 0.5, 'log2') -0.024921985815602885
(70, 21, 13, 0.06, 1.0, 'log2') -0.024987005486572345
(70, 15, 25, 0.08, 0.75, 'log2') -0.025320691578360355
(40, 45, 29, 0.1, 0.5, 'log2') -0.025392685001417656
(90, 26, 40, 0.06, 0.75, 'log2') -0.025456343599886955
(60, 5, 10, 0.06, 0.5, 'log2') -0.025728987993139035
(70, 10, 22, 0.1, 0.75, 'log2') -0.02631506472046274
(90, 14, 29, 0.08, 1.0, 'log2') -0.026503033645890826
(80, 11, 29, 0.04, 0.5, 'log2') -0.026566995768688397
(80, 43, 26, 0.1, 0.5, 'log2') -0.026711334450028115
(80, 26, 30, 0.04, 0.5, 'log2') -0.0269593821510298
(80, 49, 12, 0.08, 1.0, 'log2') -0.026975748930100015
(50, 41, 40, 0.1, 1.0, 'log2') -0.027150552877799838
(70, 16, 11, 0.06, 0.75, 'log2') -0.02725149530048434
(80, 36, 10, 0.1, 0.5, 'log2') -0.02786802030456855
(30, 4, 16, 0.1, 0.5, 'log2') -0.028246102449888677
(90, 20, 22, 0.04, 0.5, 'log2') -0.02824656750572084
(70, 34, 9, 0.06, 0.5, 'log2') -0.02847687861271684
(70, 26, 33, 0.1, 0.75, 'log2') -0.02887218045112786
(50, 23, 9, 0.08, 1.0, 'log2') -0.02973776223776227
(90, 31, 30, 0.06, 0.5, 'log2') -0.029977362761743072
(70, 27, 19, 0.04, 1.0, 'log2') -0.03032016152293056
(40, 15, 25, 0.08, 1.0, 'log2') -0.031115807269653427
(80, 28, 11, 0.06, 1.0, 'log2') -0.03139628040057224
(90, 9, 38, 0.04, 0.5, 'log2') -0.031500140726146895
(90, 46, 37, 0.08, 0.5, 'log2') -0.03164410603496908
(70, 30, 37, 0.06, 0.5, 'log2') -0.0317630385487529
(70, 42, None, 0.06, 0.75, 'log2') -0.032693959347265995
(40, 11, 35, 0.06, 0.5, 'log2') -0.03285228239296867
(30, 44, 10, 0.08, 1.0, 'log2') -0.03307915337779062
(80, 45, 39, 0.08, 0.75, 'log2') -0.0331710748452449
(30, 21, 9, 0.1, 1.0, 'log2') -0.033205574912891986
(20, 31, 21, 0.06, 0.75, 'log2') -0.03326659038901616
(80, 46, 26, 0.08, 0.75, 'log2') -0.033410502540937304
(90, 45, 4, 0.08, 1.0, 'log2') -0.033781410838631606
(60, 42, 12, 0.06, 0.5, 'log2') -0.03412474849094577
(20, 32, None, 0.08, 0.5, 'log2') -0.03422475106685647
(80, 10, 5, 0.1, 0.75, 'log2') -0.03425713445130921
(60, 27, 20, 0.04, 1.0, 'log2') -0.034387903460308344
(80, 18, 34, 0.06, 1.0, 'log2') -0.034393176733780804
(50, 30, 12, 0.08, 0.75, 'log2') -0.0344834532374102
(80, 50, 19, 0.08, 1.0, 'log2') -0.034705715902659945
(60, 43, 11, 0.06, 1.0, 'log2') -0.03473470571180053
(90, 9, 34, 0.1, 1.0, 'log2') -0.034762688614540474
(50, 7, 5, 0.1, 0.75, 'log2') -0.03477921297686991
(60, 44, 16, 0.08, 0.75, 'log2') -0.03501423690205012
(50, 48, 31, 0.1, 1.0, 'log2') -0.03558205565019867
(40, 39, 25, 0.06, 0.75, 'log2') -0.03647616312464104
(40, 22, 36, 0.1, 0.75, 'log2') -0.03648106274731493
(40, 49, 9, 0.06, 0.75, 'log2') -0.03674556213017752
(80, 13, 40, 0.08, 0.75, 'log2') -0.03694544447521458
(80, 13, 35, 0.1, 0.75, 'log2') -0.03803910768383367
(90, 30, 38, 0.04, 0.75, 'log2') -0.038158803222094306
(90, 19, 20, 0.04, 1.0, 'log2') -0.03829198745366416
(90, 38, 10, 0.1, 0.75, 'log2') -0.03830236486486482
(70, 18, 31, 0.04, 0.75, 'log2') -0.0383362019506599
(80, 22, 6, 0.08, 0.5, 'log2') -0.03839311752697587
(70, 48, 24, 0.04, 0.5, 'log2') -0.03841566793335292
(40, 32, 28, 0.08, 0.5, 'log2') -0.038498575498575605
(90, 49, 37, 0.1, 0.5, 'log2') -0.038529082774049234
(50, 23, 19, 0.08, 1.0, 'log2') -0.03906250000000002
(60, 47, 29, 0.06, 0.75, 'log2') -0.0393818286371479
(80, 3, 13, 0.04, 1.0, 'log2') -0.039394977168949706
(80, 40, 14, 0.06, 0.5, 'log2') -0.03968430034129697
(40, 44, 29, 0.1, 0.75, 'log2') -0.039895833333333346
(80, 49, 35, 0.04, 1.0, 'log2') -0.04013138686131382
(80, 9, 40, 0.1, 0.5, 'log2') -0.04068307522123883
(40, 30, None, 0.06, 0.5, 'log2') -0.04147446930579454
(80, 20, 17, 0.08, 1.0, 'log2') -0.04153523489932887
(40, 6, 24, 0.06, 0.5, 'log2') -0.041698699830412606
(50, 10, 36, 0.06, 0.75, 'log2') -0.0417363071710898
(60, 42, 33, 0.08, 1.0, 'log2') -0.04178023850085178
(70, 10, 39, 0.04, 1.0, 'log2') -0.041802391799544356
(60, 27, 15, 0.06, 1.0, 'log2') -0.041853658536585424
(40, 3, 10, 0.08, 1.0, 'log2') -0.042346175963197376
(40, 48, 35, 0.08, 0.5, 'log2') -0.043030998851894264
(80, 46, 21, 0.08, 1.0, 'log2') -0.0430869442084395
(80, 7, 4, 0.1, 0.5, 'log2') -0.04327262044653354
(30, 9, 28, 0.08, 0.5, 'log2') -0.04328002244668906
(40, 35, 15, 0.04, 0.75, 'log2') -0.043545218145044876
(30, 24, 35, 0.04, 0.5, 'log2') -0.04371842179960269
(30, 4, 10, 0.08, 0.75, 'log2') -0.04399827536648462
(90, 34, 9, 0.04, 1.0, 'log2') -0.044159787735849054
(90, 9, 11, 0.1, 0.5, 'log2') -0.04443427620632278
(70, 23, 3, 0.1, 0.5, 'log2') -0.04451874062968518
(50, 45, 12, 0.08, 0.5, 'log2') -0.04462090752441127
(40, 49, 23, 0.08, 0.75, 'log2') -0.04505842120262193
(50, 14, 35, 0.1, 0.5, 'log2') -0.045297884187082346
(60, 5, 29, 0.1, 0.75, 'log2') -0.04587266739846318
(70, 42, 25, 0.04, 0.75, 'log2') -0.045967555040556086
(80, 20, 32, 0.1, 0.5, 'log2') -0.046123408965135455
(20, 13, 19, 0.1, 1.0, 'log2') -0.04629598427408036
(30, 32, 16, 0.08, 0.5, 'log2') -0.04642105263157897
(50, 50, 31, 0.1, 0.75, 'log2') -0.04676944837340884
(30, 45, 40, 0.06, 1.0, 'log2') -0.04690695002871926
(90, 11, 23, 0.02, 1.0, 'log2') -0.047121256179121884
(70, 19, 33, 0.04, 1.0, 'log2') -0.04749784791965572
(80, 9, 30, 0.02, 0.5, 'log2') -0.04776978417266188
(70, 12, 27, 0.08, 1.0, 'log2') -0.04798391569606201
(60, 49, 8, 0.1, 0.75, 'log2') -0.04845953002610962
(30, 15, 32, 0.1, 1.0, 'log2') -0.04868159909271343
(70, 34, 26, 0.04, 0.75, 'log2') -0.048734140715109696
(90, 25, None, 0.06, 0.5, 'log2') -0.048739044387899215
(60, 11, 16, 0.04, 0.5, 'log2') -0.04889908256880734
(70, 36, 13, 0.08, 0.5, 'log2') -0.04894304335505811
(80, 7, 22, 0.06, 0.75, 'log2') -0.04936538999161303
(90, 27, 4, 0.06, 0.75, 'log2') -0.04974203338391512
(90, 38, 5, 0.08, 0.75, 'log2') -0.050101826894279694
(80, 3, 32, 0.1, 0.75, 'log2') -0.0502840753892378
(20, 37, 21, 0.08, 0.75, 'log2') -0.050336757990867544
(50, 35, 37, 0.06, 0.5, 'log2') -0.05037396517270922
(30, 28, 35, 0.06, 0.5, 'log2') -0.050411781527023275
(50, 10, 12, 0.08, 1.0, 'log2') -0.05095508811824895
(10, 22, 40, 0.1, 0.5, 'log2') -0.050996621621621704
(70, 38, 31, 0.04, 0.75, 'log2') -0.05109478536444826
(50, 37, None, 0.1, 0.5, 'log2') -0.051368480089736414
(50, 45, 30, 0.04, 0.75, 'log2') -0.05157985611510794
(40, 36, 24, 0.04, 0.75, 'log2') -0.05161858049624929
(10, 14, 32, 0.1, 0.5, 'log2') -0.05197596422582451
(30, 19, 29, 0.04, 0.5, 'log2') -0.052144482366325406
(80, 40, 12, 0.06, 0.75, 'log2') -0.05221901184628732
(50, 28, 25, 0.1, 0.75, 'log2') -0.0524500140805408
(40, 48, 35, 0.08, 1.0, 'log2') -0.05261170366099743
(90, 48, 21, 0.1, 0.5, 'log2') -0.052754474272930715
(50, 14, 15, 0.04, 0.5, 'log2') -0.05281483611270849
(90, 40, 34, 0.04, 0.5, 'log2') -0.05291318142486299
(30, 10, 24, 0.04, 0.5, 'log2') -0.05299288762446664
(50, 9, 12, 0.04, 0.5, 'log2') -0.053054597701149384
(80, 20, 33, 0.1, 1.0, 'log2') -0.05311860658003849
(90, 11, 31, 0.08, 0.75, 'log2') -0.053503589177249976
(50, 20, 20, 0.06, 0.75, 'log2') -0.05360468437589265
(40, 24, 21, 0.06, 1.0, 'log2') -0.05364238410596026
(50, 49, 32, 0.08, 1.0, 'log2') -0.053826458036984326
(60, 30, 16, 0.06, 1.0, 'log2') -0.05401384083044984
(60, 38, 18, 0.08, 1.0, 'log2') -0.05402793614595203
(20, 26, 24, 0.06, 1.0, 'log2') -0.05405059693007398
(30, 14, 13, 0.08, 0.5, 'log2') -0.054066496163682976
(60, 13, 15, 0.08, 0.5, 'log2') -0.05433110367892969
(50, 47, 9, 0.08, 0.5, 'log2') -0.05460461044645468
(90, 25, 7, 0.06, 0.5, 'log2') -0.054763157894736826
(80, 47, 35, 0.1, 0.5, 'log2') -0.05477005047672462
(70, 34, 11, 0.08, 0.75, 'log2') -0.05481428160092138
(30, 14, 8, 0.08, 0.5, 'log2') -0.05495069605568451
(60, 31, 18, 0.1, 0.5, 'log2') -0.05501678791270276
(50, 39, 29, 0.04, 0.75, 'log2') -0.05509320332664181
(70, 50, 28, 0.04, 0.5, 'log2') -0.05564469078179703
(40, 23, 18, 0.06, 1.0, 'log2') -0.05597250071612724
(70, 20, 35, 0.08, 1.0, 'log2') -0.0560038932146828
(30, 23, 40, 0.08, 1.0, 'log2') -0.0562269503546099
(30, 18, 36, 0.1, 0.75, 'log2') -0.056565315315315355
(20, 44, 38, 0.1, 0.5, 'log2') -0.056898134863701516
(40, 16, 17, 0.04, 0.75, 'log2') -0.05696100917431204
(30, 50, 18, 0.08, 0.5, 'log2') -0.05711123886174201
(60, 10, 8, 0.08, 0.75, 'log2') -0.05742074927953887
(80, 41, 38, 0.02, 1.0, 'log2') -0.05782009961910349
(40, 34, 26, 0.06, 0.75, 'log2') -0.05789775990809878
(70, 34, 22, 0.1, 1.0, 'log2') -0.05796514896008997
(80, 46, 15, 0.1, 1.0, 'log2') -0.058090934764190826
(30, 18, 22, 0.06, 0.75, 'log2') -0.05810281170122134
(20, 17, 24, 0.1, 0.5, 'log2') -0.05812272345194727
(60, 27, 26, 0.04, 0.75, 'log2') -0.0582937982280651
(90, 3, 26, 0.02, 0.5, 'log2') -0.0583906071019474
(10, 12, 28, 0.1, 0.5, 'log2') -0.05847528623289584
(20, 5, 31, 0.08, 0.5, 'log2') -0.05847734309034631
(60, 45, 5, 0.08, 1.0, 'log2') -0.05858989777510515
(60, 31, 21, 0.02, 1.0, 'log2') -0.0591198610306891
(20, 16, 34, 0.04, 0.5, 'log2') -0.05950624290578896
(20, 39, 23, 0.1, 0.5, 'log2') -0.05963026166097843
(30, 21, 22, 0.06, 1.0, 'log2') -0.05970178926441359
(80, 15, 15, 0.06, 0.5, 'log2') -0.060036754311563544
(40, 31, 22, 0.08, 0.75, 'log2') -0.060093537414966
(30, 6, 13, 0.08, 0.75, 'log2') -0.0602174526969783
(90, 12, 10, 0.1, 0.5, 'log2') -0.06032122905027939
(30, 45, 26, 0.08, 1.0, 'log2') -0.06056053163825498
(70, 7, 33, 0.08, 0.5, 'log2') -0.06057331863285545
(70, 40, 15, 0.08, 0.75, 'log2') -0.06098885395827376
(60, 35, 27, 0.06, 0.5, 'log2') -0.061010273972602724
(80, 31, 39, 0.04, 0.5, 'log2') -0.0612709416522241
(70, 13, 28, 0.02, 1.0, 'log2') -0.06159528600172471
(20, 30, 26, 0.06, 0.75, 'log2') -0.061671879442706946
(90, 47, 31, 0.06, 1.0, 'log2') -0.061678581641406945
(50, 9, 17, 0.08, 0.5, 'log2') -0.06190022421524644
(30, 43, 32, 0.08, 0.75, 'log2') -0.061920757967269625
(30, 5, None, 0.04, 0.5, 'log2') -0.061986513065467895
(40, 4, 11, 0.06, 1.0, 'log2') -0.061996007984031966
(10, 19, 27, 0.06, 0.75, 'log2') -0.061997202797202874
(60, 17, 40, 0.06, 0.5, 'log2') -0.0622544009085747
(40, 50, 37, 0.04, 1.0, 'log2') -0.06235037768739117
(50, 27, 24, 0.06, 0.75, 'log2') -0.06267448512585809
(90, 6, 18, 0.1, 0.5, 'log2') -0.0627851239669421
(70, 4, 31, 0.1, 0.5, 'log2') -0.06285401259928769
(80, 25, None, 0.06, 1.0, 'log2') -0.06291042667420173
(50, 7, 5, 0.1, 1.0, 'log2') -0.0633709198813057
(20, 31, 24, 0.1, 0.75, 'log2') -0.06350483229107455
(60, 12, 33, 0.04, 1.0, 'log2') -0.06358769931662872
(20, 28, 40, 0.08, 0.75, 'log2') -0.063669985775249
(30, 3, 15, 0.06, 0.5, 'log2') -0.06399717514124302
(30, 46, 28, 0.04, 0.5, 'log2') -0.06408022922636107
(60, 4, 24, 0.06, 0.5, 'log2') -0.06422476296709406
(90, 25, 38, 0.02, 0.5, 'log2') -0.06429399826036523
(10, 45, 38, 0.1, 0.5, 'log2') -0.06453098351335997
(40, 4, 34, 0.02, 1.0, 'log2') -0.06463387051173324
(60, 17, 26, 0.02, 0.5, 'log2') -0.06472431804991301
(20, 14, 16, 0.04, 0.5, 'log2') -0.06478285552086292
(70, 14, 5, 0.04, 1.0, 'log2') -0.06487856071964021
(50, 39, 9, 0.06, 0.5, 'log2') -0.06505981908374675
(40, 31, 29, 0.06, 0.5, 'log2') -0.06542799885485263
(40, 28, 15, 0.06, 0.5, 'log2') -0.06564236111111123
(50, 14, 6, 0.08, 0.75, 'log2') -0.0658047178262167
(50, 41, 36, 0.06, 0.5, 'log2') -0.06585627354390039
(30, 46, 30, 0.08, 0.5, 'log2') -0.06595505617977541
(50, 39, 11, 0.1, 0.5, 'log2') -0.06603364699173085
(30, 32, 18, 0.04, 0.75, 'log2') -0.06629511983829041
(70, 30, 35, 0.06, 1.0, 'log2') -0.06663178733031677
(60, 5, 5, 0.06, 0.75, 'log2') -0.06666867833433925
(60, 3, 23, 0.04, 0.5, 'log2') -0.06693871787630619
(20, 39, 33, 0.1, 1.0, 'log2') -0.06697988505747134
(70, 24, 23, 0.06, 0.5, 'log2') -0.06709157716223857
(10, 14, 38, 0.08, 0.75, 'log2') -0.06720551026145632
(60, 40, 24, 0.02, 1.0, 'log2') -0.06759334889148197
(90, 42, 37, 0.02, 1.0, 'log2') -0.06782137628111277
(40, 42, 36, 0.02, 1.0, 'log2') -0.0680716332378224
(10, 31, 29, 0.08, 1.0, 'log2') -0.06825437112239152
(80, 22, 36, 0.02, 1.0, 'log2') -0.06826200115673806
(20, 34, 15, 0.1, 1.0, 'log2') -0.06826624496837273
(10, 6, 25, 0.08, 1.0, 'log2') -0.06827779333520041
(70, 18, None, 0.02, 1.0, 'log2') -0.0683550913838121
(70, 22, 31, 0.02, 0.75, 'log2') -0.06847525891829691
(20, 36, 36, 0.06, 0.75, 'log2') -0.0684860557768925
(10, 13, 28, 0.08, 1.0, 'log2') -0.06850364963503659
(50, 22, 9, 0.06, 0.5, 'log2') -0.0685829261281977
(10, 19, 20, 0.08, 0.5, 'log2') -0.06873065015479882
(10, 12, 29, 0.08, 0.75, 'log2') -0.06877247191011243
(90, 25, 26, 0.02, 0.75, 'log2') -0.06888727060879703
(30, 32, 40, 0.08, 1.0, 'log2') -0.06902606702950427
(90, 5, 27, 0.02, 0.75, 'log2') -0.06906276870163368
(40, 7, 35, 0.02, 0.75, 'log2') -0.06908883826879278
(20, 3, 27, 0.04, 0.5, 'log2') -0.06922969187675086
(50, 3, 30, 0.06, 0.75, 'log2') -0.06937187326292385
(10, 33, 39, 0.1, 1.0, 'log2') -0.0696678862932734
(60, 32, 18, 0.02, 1.0, 'log2') -0.06990716565129103
(30, 12, 11, 0.08, 0.75, 'log2') -0.07006835659356317
(90, 19, 6, 0.06, 0.75, 'log2') -0.0708925914906278
(60, 5, 9, 0.04, 1.0, 'log2') -0.0708962127782596
(20, 41, 25, 0.08, 1.0, 'log2') -0.07105565117613316
(60, 37, 29, 0.02, 0.75, 'log2') -0.07150860811205147
(60, 11, 21, 0.02, 1.0, 'log2') -0.07156885198969375
(10, 21, 28, 0.1, 0.5, 'log2') -0.07178911946158162
(40, 16, 19, 0.04, 0.5, 'log2') -0.07201771934838538
(60, 8, 28, 0.08, 1.0, 'log2') -0.07204419889502749
(90, 37, 23, 0.02, 0.5, 'log2') -0.07260831381733025
(10, 16, 36, 0.08, 0.5, 'log2') -0.07263557178982873
(30, 35, 10, 0.1, 0.5, 'log2') -0.07282577289800657
(90, 46, 4, 0.04, 1.0, 'log2') -0.07342224916641409
(60, 6, 17, 0.02, 1.0, 'log2') -0.073643165467626
(10, 5, 39, 0.1, 1.0, 'log2') -0.07364399664147783
(30, 13, 9, 0.06, 1.0, 'log2') -0.07368466647415532
(40, 8, 40, 0.04, 0.5, 'log2') -0.07382336343115134
(90, 30, 21, 0.06, 0.75, 'log2') -0.07405059693007394
(20, 33, 26, 0.06, 1.0, 'log2') -0.07437715269804825
(30, 3, 32, 0.04, 1.0, 'log2') -0.07451667608818541
(20, 49, 7, 0.1, 1.0, 'log2') -0.07452010566480788
(70, 17, 8, 0.02, 0.5, 'log2') -0.07483015494636477
(20, 39, 39, 0.04, 0.75, 'log2') -0.07502719725164625
(10, 37, 35, 0.06, 1.0, 'log2') -0.07502955249085291
(20, 28, 19, 0.1, 0.5, 'log2') -0.0750539466212379
(90, 29, 17, 0.04, 0.5, 'log2') -0.07507621512798392
(60, 24, 29, 0.02, 1.0, 'log2') -0.07508635578583772
(10, 49, 25, 0.08, 0.5, 'log2') -0.07509787234042564
(10, 8, 21, 0.02, 0.5, 'log2') -0.07524522028262688
(50, 17, 38, 0.04, 0.75, 'log2') -0.07531052328924667
(20, 3, 35, 0.06, 0.75, 'log2') -0.07537988826815659
(70, 15, 11, 0.06, 0.5, 'log2') -0.07552924393723255
(80, 7, 31, 0.08, 0.75, 'log2') -0.07570288858321879
(40, 42, 11, 0.08, 0.5, 'log2') -0.07616584802080316
(80, 37, 17, 0.02, 0.5, 'log2') -0.07618229470005834
(20, 37, 30, 0.02, 0.75, 'log2') -0.07625385261978151
(20, 50, 37, 0.08, 0.5, 'log2') -0.07659678345778294
(90, 19, 3, 0.1, 0.5, 'log2') -0.07660597014925366
(40, 24, 8, 0.1, 0.5, 'log2') -0.07677975848188634
(30, 19, 39, 0.04, 0.75, 'log2') -0.07701513853184815
(90, 50, 9, 0.08, 0.75, 'log2') -0.07706881658508508
(20, 10, 27, 0.04, 1.0, 'log2') -0.077213902232269
(10, 10, 32, 0.08, 0.5, 'log2') -0.0777318435754189
(80, 50, 17, 0.08, 0.75, 'log2') -0.07775156338828883
(30, 29, 37, 0.04, 1.0, 'log2') -0.07780578630764841
(90, 20, 35, 0.06, 0.5, 'log2') -0.07791242937853114
(30, 22, 26, 0.02, 1.0, 'log2') -0.07827231121281474
(70, 43, 29, 0.02, 0.75, 'log2') -0.07831096849474914
(70, 37, 38, 0.06, 0.5, 'log2') -0.07840011366865594
(60, 28, 15, 0.02, 1.0, 'log2') -0.07863780663780673
(40, 20, 39, 0.02, 0.75, 'log2') -0.07888066078040448
(10, 34, 19, 0.1, 0.5, 'log2') -0.0790942437923251
(10, 23, 37, 0.08, 0.5, 'log2') -0.07926289237668173
(90, 34, 15, 0.02, 0.75, 'log2') -0.07933001755412535
(10, 48, 18, 0.06, 0.5, 'log2') -0.07952784845914622
(20, 36, 15, 0.02, 1.0, 'log2') -0.07958333333333344
(10, 10, 30, 0.06, 1.0, 'log2') -0.07959269662921362
(90, 26, 38, 0.02, 0.5, 'log2') -0.08006397208490851
(30, 10, 29, 0.04, 0.75, 'log2') -0.0802268216614688
(90, 48, 28, 0.02, 0.75, 'log2') -0.08025528169014093
(80, 17, 5, 0.08, 0.5, 'log2') -0.08069967388081843
(20, 36, 25, 0.06, 0.5, 'log2') -0.08087839771101572
(40, 11, 24, 0.06, 0.5, 'log2') -0.08091523514502956
(60, 30, 11, 0.02, 0.75, 'log2') -0.08113190991517989
(20, 48, 12, 0.08, 1.0, 'log2') -0.08131086142322104
(10, 29, 19, 0.08, 0.5, 'log2') -0.08189955106621791
(20, 17, 4, 0.06, 0.75, 'log2') -0.0822329812206573
(10, 6, 32, 0.04, 1.0, 'log2') -0.08238785176929511
(70, 20, 27, 0.02, 1.0, 'log2') -0.08288296041308113
(70, 13, 23, 0.02, 0.75, 'log2') -0.08329965357967677
(50, 4, 11, 0.02, 1.0, 'log2') -0.08332661290322592
(40, 28, 11, 0.06, 0.5, 'log2') -0.08337162550258463
(70, 43, 35, 0.02, 1.0, 'log2') -0.08340909090909088
(80, 26, 16, 0.08, 1.0, 'log2') -0.08360403248389825
(60, 44, 40, 0.02, 1.0, 'log2') -0.08376048597049475
(30, 32, 23, 0.04, 0.75, 'log2') -0.08389111747851001
(90, 17, 16, 0.02, 0.5, 'log2') -0.0839710564399421
(10, 46, 19, 0.04, 0.75, 'log2') -0.0841516853932585
(50, 33, 8, 0.04, 0.5, 'log2') -0.08422522787415468
(10, 9, 23, 0.08, 1.0, 'log2') -0.08431570109151969
(70, 44, 32, 0.02, 1.0, 'log2') -0.08446118192352281
(10, 44, 34, 0.02, 1.0, 'log2') -0.08461985070500427
(10, 28, 37, 0.02, 0.75, 'log2') -0.08469275282446964
(80, 38, 4, 0.06, 0.75, 'log2') -0.08508383233532942
(10, 43, 11, 0.02, 1.0, 'log2') -0.08515512465373976
(30, 3, 38, 0.02, 0.5, 'log2') -0.08520471116096469
(20, 7, 28, 0.06, 0.75, 'log2') -0.08525204167840048
(10, 26, 17, 0.04, 0.5, 'log2') -0.08553760445682457
(10, 15, 13, 0.06, 0.75, 'log2') -0.08570783981951512
(20, 5, 29, 0.04, 1.0, 'log2') -0.08573125884016991
(10, 20, 11, 0.08, 1.0, 'log2') -0.08618776671408261
(20, 13, 19, 0.1, 0.5, 'log2') -0.08650477259966306
(10, 26, 20, 0.04, 1.0, 'log2') -0.08668913226621747
(10, 6, 38, 0.1, 1.0, 'log2') -0.08690136909751339
(30, 34, 33, 0.02, 0.75, 'log2') -0.08717354437535328
(40, 19, 40, 0.02, 1.0, 'log2') -0.0873182598740699
(80, 44, 11, 0.02, 0.75, 'log2') -0.08733137829912029
(50, 39, 12, 0.02, 1.0, 'log2') -0.08734859461025804
(90, 48, 8, 0.02, 1.0, 'log2') -0.08756330056598159
(60, 21, 3, 0.06, 0.75, 'log2') -0.0875689602909972
(40, 50, 19, 0.02, 0.75, 'log2') -0.08769297235023035
(90, 39, 35, 0.02, 1.0, 'log2') -0.0876974839087187
(20, 8, 26, 0.02, 0.5, 'log2') -0.08807984256395854
(60, 26, 13, 0.02, 1.0, 'log2') -0.08808900523560213
(60, 27, 38, 0.04, 0.75, 'log2') -0.0881098084072062
(80, 21, 5, 0.06, 0.5, 'log2') -0.0881183115338882
(60, 34, 40, 0.02, 0.5, 'log2') -0.0883183791606368
(40, 12, 33, 0.02, 0.5, 'log2') -0.08843109339407751
(20, 10, 32, 0.08, 1.0, 'log2') -0.08887510572314651
(40, 22, 27, 0.02, 1.0, 'log2') -0.08896204715353648
(90, 30, 26, 0.02, 1.0, 'log2') -0.0889820185614849
(40, 29, 39, 0.02, 0.5, 'log2') -0.08913615560640742
(20, 14, 20, 0.06, 0.75, 'log2') -0.0892656648709952
(90, 40, 11, 0.02, 0.5, 'log2') -0.08928106508875742
(30, 42, 29, 0.04, 0.5, 'log2') -0.0895193977996526
(20, 34, 38, 0.02, 1.0, 'log2') -0.08964626614261656
(10, 43, 15, 0.1, 1.0, 'log2') -0.08973932970495573
(20, 15, 10, 0.04, 1.0, 'log2') -0.08988312428734331
(10, 3, 35, 0.06, 0.5, 'log2') -0.09031710709318493
(80, 7, 7, 0.02, 1.0, 'log2') -0.09045360213459834
(30, 5, 15, 0.06, 0.75, 'log2') -0.0905456601639809
(40, 5, 24, 0.08, 1.0, 'log2') -0.09056388888888879
(60, 20, 22, 0.02, 1.0, 'log2') -0.09093137254901952
(70, 38, 4, 0.04, 1.0, 'log2') -0.0913080424886192
(20, 34, 9, 0.02, 0.75, 'log2') -0.09134840871021785
(10, 25, 33, 0.08, 0.5, 'log2') -0.09145373217780264
(30, 8, 6, 0.04, 0.5, 'log2') -0.09167878964212975
(30, 14, 7, 0.02, 1.0, 'log2') -0.09203018223234638
(90, 43, 22, 0.02, 0.75, 'log2') -0.0922423887587823
(20, 35, 13, 0.02, 0.75, 'log2') -0.09228124126362885
(40, 9, 4, 0.04, 1.0, 'log2') -0.09240130602552692
(20, 33, 35, 0.02, 0.5, 'log2') -0.09255408822703012
(40, 38, 4, 0.06, 0.75, 'log2') -0.09258599879299939
(50, 10, 5, 0.06, 0.5, 'log2') -0.09265951103160414
(30, 15, 11, 0.08, 0.75, 'log2') -0.09273040482342806
(20, 10, 22, 0.02, 1.0, 'log2') -0.09281564245810063
(30, 40, 8, 0.06, 1.0, 'log2') -0.09286424809830322
(40, 17, 4, 0.04, 1.0, 'log2') -0.09331044776119411
(10, 26, 36, 0.02, 0.5, 'log2') -0.09337774077157934
(10, 18, 23, 0.02, 0.75, 'log2') -0.09342999171499594
(10, 48, 29, 0.02, 0.5, 'log2') -0.09345208505937595
(50, 21, 5, 0.1, 0.75, 'log2') -0.09359005094396182
(30, 33, 21, 0.02, 1.0, 'log2') -0.09403454133635349
(70, 16, 10, 0.02, 0.75, 'log2') -0.09407894736842096
(20, 18, 16, 0.02, 1.0, 'log2') -0.09452066348046118
(30, 38, 7, 0.06, 0.75, 'log2') -0.09469091984619944
(60, 49, 18, 0.02, 1.0, 'log2') -0.0954137529137529
(20, 7, 5, 0.02, 0.5, 'log2') -0.09563376332024687
(10, 46, 10, 0.02, 0.75, 'log2') -0.09570519911504437
(20, 13, 19, 0.08, 0.5, 'log2') -0.09580124575311448
(40, 30, 7, 0.04, 0.5, 'log2') -0.09591794569067305
(80, 3, 8, 0.04, 0.75, 'log2') -0.09596967045785965
(50, 18, 38, 0.02, 1.0, 'log2') -0.09609664351851856
(40, 45, 4, 0.06, 1.0, 'log2') -0.09618476304739064
(50, 22, 25, 0.02, 1.0, 'log2') -0.09647025007185966
(90, 36, 7, 0.02, 0.5, 'log2') -0.09658318425760284
(10, 16, 30, 0.02, 1.0, 'log2') -0.09664625661007525
(10, 48, None, 0.06, 0.5, 'log2') -0.09676080203332399
(10, 10, 27, 0.02, 0.75, 'log2') -0.09701108033241011
(10, 3, 6, 0.04, 0.5, 'log2') -0.09711435796572082
(20, 8, 36, 0.02, 1.0, 'log2') -0.09737755387629442
(20, 23, 18, 0.08, 0.75, 'log2') -0.09738325740318905
(20, 48, 19, 0.06, 0.75, 'log2') -0.0974844192634562
(20, 7, 5, 0.06, 0.5, 'log2') -0.09787940576755026
(80, 11, 25, 0.02, 0.5, 'log2') -0.0980068728522338
(40, 29, 18, 0.02, 0.5, 'log2') -0.09805635422656712
(20, 35, 40, 0.06, 0.75, 'log2') -0.09815714285714296
(10, 50, 29, 0.04, 1.0, 'log2') -0.09829507278835392
(80, 35, 16, 0.02, 0.75, 'log2') -0.09896874087058144
(40, 50, 9, 0.02, 0.75, 'log2') -0.0991817919907808
(20, 23, 22, 0.02, 0.5, 'log2') -0.09970448843044341
(10, 31, 24, 0.04, 0.75, 'log2') -0.10007862959842755
(10, 12, 22, 0.02, 0.75, 'log2') -0.10039389736477126
(40, 18, 5, 0.02, 1.0, 'log2') -0.10047041847041852
(10, 42, 13, 0.02, 0.5, 'log2') -0.10055909216717417
(50, 5, 5, 0.02, 1.0, 'log2') -0.10061894983866242
(80, 27, 5, 0.02, 0.5, 'log2') -0.1006205250596659
(10, 14, 26, 0.02, 0.75, 'log2') -0.1008221061314271
(20, 22, 33, 0.04, 1.0, 'log2') -0.10103653355989801
(60, 43, 32, 0.02, 0.75, 'log2') -0.10136722173531994
(10, 23, 19, 0.1, 0.75, 'log2') -0.10137199434229133
(20, 45, 6, 0.02, 0.75, 'log2') -0.10174265734265747
(80, 21, 14, 0.02, 0.75, 'log2') -0.10241389375364864
(70, 26, 38, 0.02, 1.0, 'log2') -0.1026259097525473
(10, 48, 30, 0.04, 0.5, 'log2') -0.10265107212475645
(70, 36, 13, 0.02, 1.0, 'log2') -0.10267857142857156
(20, 31, None, 0.02, 0.75, 'log2') -0.10274740678441271
(90, 10, 5, 0.02, 1.0, 'log2') -0.1030969479353681
(30, 40, 4, 0.02, 1.0, 'log2') -0.10323907455012864
(30, 31, 8, 0.02, 1.0, 'log2') -0.10330202106461722
(50, 48, 5, 0.04, 0.75, 'log2') -0.10380597014925382
(30, 30, 6, 0.04, 0.75, 'log2') -0.10484439224897234
(10, 20, 4, 0.06, 1.0, 'log2') -0.10525678015002891
(40, 24, 27, 0.02, 1.0, 'log2') -0.10549299799942856
(20, 48, 22, 0.02, 0.5, 'log2') -0.1057574063722751
(80, 38, 9, 0.02, 1.0, 'log2') -0.10577347242921027
(50, 26, 33, 0.02, 0.5, 'log2') -0.10581194115950386
(20, 11, 39, 0.02, 0.5, 'log2') -0.10698145025295111
(30, 25, 17, 0.04, 1.0, 'log2') -0.10702329594478008
(10, 27, 34, 0.02, 1.0, 'log2') -0.10708829227788547
(50, 19, 15, 0.04, 0.5, 'log2') -0.10802065404475046
(60, 15, 5, 0.02, 1.0, 'log2') -0.10955162241887902
(60, 42, 6, 0.02, 0.5, 'log2') -0.1097845972263204
(20, 17, 15, 0.02, 1.0, 'log2') -0.11122397298818235
(30, 45, 21, 0.04, 1.0, 'log2') -0.11466936182500714
(10, 23, 3, 0.1, 1.0, 'log2') -0.11563535911602212
(30, 13, 20, 0.04, 0.75, 'log2') -0.11569645390070922
(30, 12, 36, 0.02, 0.5, 'log2') -0.11589387060158901
(30, 14, 7, 0.02, 0.75, 'log2') -0.11688175099488346
(20, 5, 15, 0.04, 1.0, 'log2') -0.11789339381910975
(20, 12, 3, 0.04, 0.75, 'log2') -0.11851798143851514
(30, 27, 29, 0.02, 0.5, 'log2') -0.12080535002845753
(20, 30, 7, 0.04, 0.75, 'log2') -0.12178950387152275

None:
(40, 31, 32, 0.1, 0.5, 'log2') 0.032973654708520185
(90, 26, 28, 0.06, 0.75, 'log2') 0.012279763580073183
(90, 39, 37, 0.06, 0.5, 'log2') 0.011880147685316655
(70, 38, 40, 0.1, 0.75, 'log2') 0.010420639371845182
(90, 25, 20, 0.06, 0.5, 'log2') 0.007161781285231071
(70, 41, None, 0.08, 0.75, 'log2') 0.004216628959275986
(60, 17, 13, 0.08, 0.75, 'log2') 0.0007055823179370905
(80, 44, 35, 0.1, 0.75, 'log2') -0.00026778242677826474
(50, 13, 13, 0.1, 0.5, 'log2') -0.0003379888268157104
(70, 37, 35, 0.08, 0.75, 'log2') -0.0014045416316231854
(80, 19, 38, 0.08, 1.0, 'log2') -0.0028270509977827117
(30, 9, 25, 0.1, 0.5, 'log2') -0.004974804031354945
(90, 38, 34, 0.06, 1.0, 'log2') -0.005091730172170547
(60, 35, 29, 0.08, 1.0, 'log2') -0.0053318207600680815
(80, 12, 37, 0.04, 0.75, 'log2') -0.005390070921985787
(90, 43, 31, 0.08, 0.75, 'log2') -0.00908377696833847
(60, 24, 19, 0.08, 0.5, 'log2') -0.010901179112858055
(40, 34, 15, 0.08, 0.75, 'log2') -0.011774518262870255
(90, 18, None, 0.04, 0.75, 'log2') -0.013419096626643801
(90, 30, 30, 0.1, 1.0, 'log2') -0.014174730439590852
(70, 33, 13, 0.06, 0.5, 'log2') -0.015557142857142867
(80, 48, 27, 0.06, 0.5, 'log2') -0.01566123964581556
(80, 45, 13, 0.06, 0.75, 'log2') -0.01621459227467815
(50, 41, 9, 0.08, 1.0, 'log2') -0.016554252199413613
(80, 29, 33, 0.04, 1.0, 'log2') -0.01752663403397634
(60, 5, 36, 0.04, 0.75, 'log2') -0.018353436185133312
(90, 23, 21, 0.06, 0.5, 'log2') -0.018920438571830244
(60, 14, 18, 0.1, 0.75, 'log2') -0.019186788787121906
(40, 3, 26, 0.1, 0.75, 'log2') -0.019558255107675337
(80, 21, 39, 0.06, 0.5, 'log2') -0.02003385049365301
(60, 14, 24, 0.06, 0.5, 'log2') -0.020955215419501325
(60, 5, 40, 0.1, 0.75, 'log2') -0.02189129838045574
(90, 17, 7, 0.1, 1.0, 'log2') -0.022214532871972364
(90, 19, 24, 0.1, 0.75, 'log2') -0.022426997245179107
(70, 11, 12, 0.1, 1.0, 'log2') -0.022795308573024323
(50, 50, 36, 0.06, 0.5, 'log2') -0.02304878048780495
(50, 47, None, 0.1, 0.75, 'log2') -0.023797968397291196
(70, 50, 32, 0.1, 0.75, 'log2') -0.0240641711229947
(50, 22, 12, 0.06, 0.5, 'log2') -0.024159470351180216
(90, 41, 26, 0.1, 0.5, 'log2') -0.02614113693643246
(70, 26, 19, 0.04, 0.75, 'log2') -0.027077717235446098
(80, 21, 16, 0.06, 1.0, 'log2') -0.027259806708356996
(60, 19, 17, 0.1, 0.75, 'log2') -0.027587559540487566
(90, 8, 13, 0.04, 1.0, 'log2') -0.02787706317586814
(70, 45, 5, 0.1, 1.0, 'log2') -0.028105387803433978
(70, 44, 21, 0.1, 0.75, 'log2') -0.028619434332119834
(50, 19, 16, 0.08, 1.0, 'log2') -0.02870976849237717
(70, 19, 15, 0.06, 1.0, 'log2') -0.028889518413597732
(90, 31, 12, 0.06, 0.75, 'log2') -0.028925596093076718
(70, 29, 23, 0.08, 0.75, 'log2') -0.028982102908277373
(90, 7, 19, 0.08, 0.75, 'log2') -0.029015942825728457
(80, 3, 28, 0.1, 0.5, 'log2') -0.029295890410958925
(70, 39, 20, 0.08, 0.75, 'log2') -0.02935520361990943
(20, 11, 15, 0.1, 0.75, 'log2') -0.029759479343520148
(40, 11, 13, 0.1, 0.5, 'log2') -0.0299859590002808
(80, 22, 5, 0.06, 1.0, 'log2') -0.030219416892095015
(70, 18, 28, 0.08, 1.0, 'log2') -0.030576062639821083
(80, 27, 14, 0.04, 0.5, 'log2') -0.03072800229292067
(80, 47, 23, 0.06, 0.75, 'log2') -0.03126312801589548
(40, 18, 36, 0.1, 1.0, 'log2') -0.03140782122905028
(60, 33, 32, 0.08, 1.0, 'log2') -0.03154568744662678
(60, 9, 29, 0.06, 1.0, 'log2') -0.031650294695481355
(30, 6, 28, 0.08, 0.5, 'log2') -0.03165270798436621
(80, 13, 19, 0.1, 0.75, 'log2') -0.03167633250483296
(70, 41, 11, 0.08, 1.0, 'log2') -0.032104657849338705
(40, 7, 29, 0.1, 1.0, 'log2') -0.03291030269369617
(90, 44, 34, 0.1, 1.0, 'log2') -0.03309961046188086
(50, 10, None, 0.04, 1.0, 'log2') -0.033100113765642765
(80, 10, 10, 0.1, 1.0, 'log2') -0.03319471761730824
(30, 20, 37, 0.06, 1.0, 'log2') -0.03360618202633093
(30, 15, 20, 0.1, 1.0, 'log2') -0.0337007874015749
(40, 38, None, 0.1, 0.5, 'log2') -0.033766563292923664
(70, 44, 5, 0.06, 0.5, 'log2') -0.033778569308400216
(60, 43, 26, 0.06, 0.75, 'log2') -0.033925100057175535
(90, 16, 28, 0.1, 0.75, 'log2') -0.0349848609964217
(80, 46, 24, 0.06, 0.75, 'log2') -0.0350270424138913
(40, 18, 27, 0.08, 0.5, 'log2') -0.03504196978175718
(50, 30, 24, 0.08, 0.5, 'log2') -0.03505382436260619
(70, 3, 21, 0.08, 0.75, 'log2') -0.03506176228383202
(90, 16, 35, 0.04, 0.5, 'log2') -0.035442465366129466
(60, 16, 24, 0.1, 1.0, 'log2') -0.03564337215751526
(90, 43, 18, 0.08, 1.0, 'log2') -0.035916171056357964
(70, 26, 40, 0.08, 0.75, 'log2') -0.03594488188976381
(80, 33, 23, 0.06, 0.75, 'log2') -0.03596401028277638
(60, 25, 15, 0.04, 0.75, 'log2') -0.03599131693198267
(80, 50, 36, 0.04, 1.0, 'log2') -0.036364161849710995
(70, 22, 13, 0.1, 0.75, 'log2') -0.03668818411451013
(80, 13, 9, 0.04, 0.5, 'log2') -0.03711913778036718
(70, 38, 30, 0.06, 0.75, 'log2') -0.037142857142857026
(60, 40, 37, 0.04, 0.75, 'log2') -0.03749855407750146
(40, 24, 10, 0.06, 0.5, 'log2') -0.03762152777777783
(60, 46, 26, 0.08, 0.75, 'log2') -0.037664501553233545
(90, 16, 4, 0.08, 0.75, 'log2') -0.038139114724480484
(50, 23, 21, 0.06, 0.75, 'log2') -0.03829635949943116
(50, 47, 5, 0.1, 1.0, 'log2') -0.03831789662384236
(70, 34, 14, 0.1, 1.0, 'log2') -0.038470853280766146
(60, 20, 31, 0.06, 0.75, 'log2') -0.038781942078364634
(50, 43, 40, 0.06, 1.0, 'log2') -0.039004589787722276
(80, 26, 21, 0.08, 0.5, 'log2') -0.03914905607213299
(80, 49, 22, 0.04, 0.75, 'log2') -0.03915214866434379
(80, 18, 26, 0.1, 0.75, 'log2') -0.03921460176991147
(90, 30, 7, 0.08, 0.75, 'log2') -0.0394412275622467
(70, 10, 24, 0.06, 0.75, 'log2') -0.03944475602916424
(70, 50, 20, 0.1, 1.0, 'log2') -0.03981486676016829
(60, 20, 22, 0.1, 0.5, 'log2') -0.03995277777777792
(40, 18, 34, 0.04, 0.75, 'log2') -0.03999714856002289
(90, 26, 39, 0.06, 0.75, 'log2') -0.04005070422535215
(80, 14, 16, 0.04, 1.0, 'log2') -0.040264129508662296
(90, 30, 4, 0.1, 0.5, 'log2') -0.040322199231451375
(60, 40, 25, 0.08, 0.5, 'log2') -0.04046228020419741
(70, 8, 12, 0.04, 0.75, 'log2') -0.04087864911276474
(50, 13, 6, 0.08, 1.0, 'log2') -0.04139244272537941
(80, 20, 10, 0.1, 1.0, 'log2') -0.04139824511746389
(80, 40, 38, 0.08, 1.0, 'log2') -0.041567248171074773
(70, 33, 19, 0.04, 0.5, 'log2') -0.04164080459770114
(90, 12, 3, 0.1, 0.5, 'log2') -0.04197867298578205
(90, 5, 18, 0.08, 0.75, 'log2') -0.0420620538165842
(70, 36, None, 0.1, 0.5, 'log2') -0.04207300083588745
(80, 6, 16, 0.1, 0.75, 'log2') -0.042141875171844825
(40, 23, 18, 0.04, 0.75, 'log2') -0.04275822273514134
(40, 44, 23, 0.1, 1.0, 'log2') -0.04312036508841993
(90, 14, 11, 0.1, 0.5, 'log2') -0.04319119286510584
(60, 17, 16, 0.04, 0.75, 'log2') -0.043235716336491564
(50, 33, 15, 0.04, 0.5, 'log2') -0.043311027058481257
(50, 42, 23, 0.1, 1.0, 'log2') -0.04334275218988412
(90, 25, 21, 0.1, 0.75, 'log2') -0.04354166666666654
(80, 48, 40, 0.04, 1.0, 'log2') -0.043651162790697674
(60, 7, 28, 0.04, 0.75, 'log2') -0.0441628959276018
(80, 8, 34, 0.1, 0.5, 'log2') -0.044307692307692284
(70, 7, 35, 0.04, 1.0, 'log2') -0.04439342403628109
(50, 9, 18, 0.08, 0.75, 'log2') -0.044578785334452864
(40, 18, 15, 0.1, 1.0, 'log2') -0.044711186249647865
(90, 49, 11, 0.04, 1.0, 'log2') -0.044743326488706374
(60, 36, 25, 0.06, 1.0, 'log2') -0.044875820725092885
(70, 44, 21, 0.04, 1.0, 'log2') -0.04495373048004634
(20, 7, 35, 0.08, 0.75, 'log2') -0.0453740926856504
(90, 32, 17, 0.04, 0.75, 'log2') -0.045501300202253764
(50, 22, 36, 0.04, 0.75, 'log2') -0.04582376578645245
(60, 27, 28, 0.06, 0.5, 'log2') -0.04588503130335816
(70, 24, 31, 0.04, 0.5, 'log2') -0.04589670014347211
(60, 36, 38, 0.08, 0.5, 'log2') -0.046053152389030086
(50, 50, 31, 0.08, 1.0, 'log2') -0.0463568773234201
(90, 35, 19, 0.04, 0.5, 'log2') -0.04662817551963048
(20, 13, 40, 0.1, 0.75, 'log2') -0.046783609317990395
(70, 43, 15, 0.04, 0.75, 'log2') -0.046799653078924544
(40, 28, 25, 0.06, 0.75, 'log2') -0.04684135166093936
(70, 50, 32, 0.1, 1.0, 'log2') -0.04692502818489283
(40, 42, 11, 0.06, 0.5, 'log2') -0.047409341456338884
(70, 39, 4, 0.1, 0.75, 'log2') -0.04751879699248127
(60, 10, 27, 0.1, 0.75, 'log2') -0.04768784530386734
(60, 38, 18, 0.08, 1.0, 'log2') -0.04784207525655647
(70, 25, 3, 0.1, 1.0, 'log2') -0.04795232273838621
(60, 36, 32, 0.06, 1.0, 'log2') -0.048028048082427
(50, 34, 38, 0.04, 1.0, 'log2') -0.048062194068528664
(70, 15, 30, 0.08, 0.5, 'log2') -0.04850625869262862
(90, 7, None, 0.1, 0.5, 'log2') -0.04856200164971115
(50, 44, 24, 0.06, 0.5, 'log2') -0.048630215827338015
(60, 5, 6, 0.06, 0.5, 'log2') -0.04880023640661935
(50, 7, 38, 0.1, 0.75, 'log2') -0.04885038503850366
(20, 44, 31, 0.08, 1.0, 'log2') -0.049257981018119144
(90, 35, 24, 0.1, 0.5, 'log2') -0.04940585774058566
(70, 15, 13, 0.1, 0.5, 'log2') -0.049413400055601915
(90, 47, 18, 0.1, 1.0, 'log2') -0.04951219512195101
(50, 21, 13, 0.06, 1.0, 'log2') -0.04968140068886336
(80, 43, 9, 0.06, 1.0, 'log2') -0.05014890510948904
(90, 31, 24, 0.1, 1.0, 'log2') -0.05045657015590192
(50, 35, 19, 0.1, 0.75, 'log2') -0.05074084507042248
(90, 38, 5, 0.06, 1.0, 'log2') -0.050798192771084306
(90, 26, 14, 0.04, 0.5, 'log2') -0.0510909614277489
(90, 35, 25, 0.02, 0.5, 'log2') -0.05112470862470871
(40, 35, 31, 0.06, 1.0, 'log2') -0.05133794694348332
(50, 42, 14, 0.08, 1.0, 'log2') -0.051511226252158905
(50, 30, 4, 0.1, 0.5, 'log2') -0.051634065603370506
(70, 33, 37, 0.1, 1.0, 'log2') -0.051758456807380324
(80, 27, 30, 0.02, 1.0, 'log2') -0.053018759018758965
(50, 9, 26, 0.1, 1.0, 'log2') -0.05323456106341724
(60, 42, 33, 0.04, 0.75, 'log2') -0.053457754629629685
(60, 8, 15, 0.04, 0.75, 'log2') -0.053672075149444956
(30, 20, 9, 0.1, 0.75, 'log2') -0.05392207792207794
(10, 10, 37, 0.1, 0.75, 'log2') -0.05432371884626169
(50, 15, 30, 0.06, 1.0, 'log2') -0.054664221218961605
(70, 14, 37, 0.1, 1.0, 'log2') -0.0552173913043477
(70, 6, 6, 0.08, 0.75, 'log2') -0.055891860123420484
(40, 30, 9, 0.08, 1.0, 'log2') -0.055998240985048284
(80, 36, 39, 0.1, 1.0, 'log2') -0.056236529428018676
(80, 39, 21, 0.04, 0.75, 'log2') -0.0565796269727403
(70, 36, 30, 0.06, 1.0, 'log2') -0.056652482269503465
(30, 42, 10, 0.1, 0.75, 'log2') -0.05703682226732389
(90, 16, 30, 0.08, 0.5, 'log2') -0.057259894824245657
(40, 10, 26, 0.06, 1.0, 'log2') -0.05744566751340677
(20, 8, 4, 0.1, 0.75, 'log2') -0.05749101796407185
(50, 5, 40, 0.04, 0.5, 'log2') -0.05761016949152537
(40, 13, 11, 0.1, 1.0, 'log2') -0.05776517300056729
(40, 13, 40, 0.1, 1.0, 'log2') -0.05793227865667492
(60, 15, 32, 0.08, 1.0, 'log2') -0.05795924064768284
(40, 15, 33, 0.06, 1.0, 'log2') -0.05833474456675135
(80, 10, 15, 0.02, 1.0, 'log2') -0.058580533024333796
(60, 33, 40, 0.1, 0.75, 'log2') -0.05859335752162985
(70, 43, 25, 0.06, 1.0, 'log2') -0.05877697841726615
(10, 19, 34, 0.1, 1.0, 'log2') -0.058874153498871415
(30, 38, 12, 0.1, 0.5, 'log2') -0.058900598120193756
(90, 41, 24, 0.02, 1.0, 'log2') -0.05904413914060227
(80, 19, 3, 0.06, 0.5, 'log2') -0.0592159227985524
(30, 19, 29, 0.08, 0.75, 'log2') -0.05960451977401125
(90, 16, 26, 0.02, 0.5, 'log2') -0.060183276059564784
(30, 27, 15, 0.08, 0.75, 'log2') -0.06031500572737682
(70, 25, 31, 0.1, 1.0, 'log2') -0.060351170568561846
(40, 15, 17, 0.08, 0.5, 'log2') -0.060394626364399684
(90, 18, 17, 0.04, 0.75, 'log2') -0.0605168475157053
(20, 31, 17, 0.1, 0.5, 'log2') -0.06072484366117127
(40, 31, 31, 0.06, 1.0, 'log2') -0.060922288642186136
(40, 42, 17, 0.06, 0.5, 'log2') -0.06131147540983597
(70, 37, 25, 0.04, 0.75, 'log2') -0.06156584659913169
(80, 26, 4, 0.1, 1.0, 'log2') -0.06163277511961721
(80, 9, 33, 0.08, 0.5, 'log2') -0.06167772249861794
(70, 11, 27, 0.08, 0.75, 'log2') -0.0617064372918978
(50, 18, 40, 0.06, 1.0, 'log2') -0.06180760499432467
(50, 12, 13, 0.04, 0.5, 'log2') -0.06212875536480695
(90, 9, 3, 0.06, 1.0, 'log2') -0.062260816575259004
(50, 43, 6, 0.08, 0.75, 'log2') -0.06257756563245817
(30, 46, 24, 0.08, 0.75, 'log2') -0.06265997130559546
(20, 20, 25, 0.1, 0.5, 'log2') -0.06272650056625136
(40, 14, 10, 0.04, 1.0, 'log2') -0.0632710280373832
(60, 29, 40, 0.06, 0.5, 'log2') -0.0634475864038847
(30, 16, 25, 0.04, 0.5, 'log2') -0.06368241320432569
(80, 14, 33, 0.06, 0.75, 'log2') -0.0636957130848976
(40, 37, 4, 0.1, 0.75, 'log2') -0.06373256519102484
(50, 23, 20, 0.04, 0.5, 'log2') -0.06373632700057578
(70, 7, 25, 0.02, 0.75, 'log2') -0.06383223211720765
(70, 4, 7, 0.06, 0.5, 'log2') -0.06392449517120291
(30, 22, 8, 0.1, 0.5, 'log2') -0.06402298850574714
(30, 13, 27, 0.04, 0.75, 'log2') -0.06403225806451618
(70, 20, 20, 0.06, 0.5, 'log2') -0.06407449209932287
(60, 17, 6, 0.08, 0.5, 'log2') -0.06416813639035861
(40, 8, 36, 0.1, 0.75, 'log2') -0.06427417107829467
(70, 50, 15, 0.02, 1.0, 'log2') -0.06446927374301674
(70, 37, 11, 0.06, 0.5, 'log2') -0.06454834054834045
(40, 36, 28, 0.06, 0.75, 'log2') -0.0645907780979827
(60, 8, 33, 0.06, 0.75, 'log2') -0.06459277917716195
(60, 13, 27, 0.08, 1.0, 'log2') -0.0647390454926038
(80, 35, 30, 0.1, 1.0, 'log2') -0.0651556420233462
(80, 25, 18, 0.02, 1.0, 'log2') -0.0653679026651216
(30, 14, 9, 0.06, 1.0, 'log2') -0.06543159130945397
(60, 5, 33, 0.08, 0.75, 'log2') -0.06546255506607916
(50, 6, 21, 0.06, 0.5, 'log2') -0.0654846001695394
(30, 46, 23, 0.08, 0.75, 'log2') -0.06554341575618178
(40, 8, 26, 0.04, 0.5, 'log2') -0.06557556994089515
(10, 33, 29, 0.1, 0.5, 'log2') -0.06582507783753203
(30, 47, 13, 0.04, 0.5, 'log2') -0.06618730066685995
(40, 42, 39, 0.06, 1.0, 'log2') -0.06635247072265074
(10, 42, 32, 0.1, 0.5, 'log2') -0.0664413518886681
(80, 7, 19, 0.1, 1.0, 'log2') -0.06657135001374742
(80, 33, 24, 0.02, 0.75, 'log2') -0.06713076474022187
(90, 15, 37, 0.04, 0.75, 'log2') -0.0672114837976123
(10, 41, 26, 0.1, 0.5, 'log2') -0.06722332859174973
(20, 39, None, 0.1, 1.0, 'log2') -0.06730549199084675
(70, 34, 11, 0.06, 0.5, 'log2') -0.06737283236994202
(20, 21, 32, 0.04, 0.75, 'log2') -0.06737620944792254
(20, 24, 22, 0.1, 0.5, 'log2') -0.06747589336358477
(80, 36, 11, 0.04, 1.0, 'log2') -0.06762405137186234
(90, 5, 31, 0.08, 0.5, 'log2') -0.06792810098792525
(80, 31, 40, 0.04, 0.75, 'log2') -0.06815827338129514
(70, 33, 20, 0.06, 0.75, 'log2') -0.06831820760068065
(40, 9, 17, 0.04, 0.5, 'log2') -0.06847226173541965
(20, 17, 8, 0.1, 0.5, 'log2') -0.06965974625144183
(50, 34, 21, 0.1, 0.75, 'log2') -0.06979551820728296
(10, 5, 40, 0.04, 0.75, 'log2') -0.07034132581100143
(50, 11, 33, 0.02, 1.0, 'log2') -0.07035744924220765
(80, 30, 13, 0.06, 1.0, 'log2') -0.07101142857142856
(40, 36, 35, 0.04, 1.0, 'log2') -0.07102164502164508
(70, 21, 18, 0.02, 0.5, 'log2') -0.07105658198614316
(80, 50, 6, 0.04, 0.75, 'log2') -0.07111377964575205
(90, 22, 40, 0.02, 0.5, 'log2') -0.07168695652173913
(40, 7, 35, 0.04, 0.5, 'log2') -0.07214144271570024
(50, 44, 10, 0.04, 0.75, 'log2') -0.0721470415934388
(40, 40, 15, 0.04, 0.5, 'log2') -0.07220319303338177
(60, 48, 28, 0.04, 0.5, 'log2') -0.07240542881894312
(60, 42, 13, 0.06, 0.75, 'log2') -0.07241449275362329
(20, 9, 36, 0.1, 0.75, 'log2') -0.0726183141977039
(80, 21, 32, 0.02, 1.0, 'log2') -0.07272805507745268
(50, 11, 19, 0.04, 1.0, 'log2') -0.07287753354267774
(80, 31, 30, 0.02, 0.5, 'log2') -0.072890625
(40, 19, 20, 0.06, 0.5, 'log2') -0.0730284900284902
(10, 32, 14, 0.08, 0.75, 'log2') -0.07309787234042563
(30, 31, 22, 0.06, 0.5, 'log2') -0.07356897538637674
(30, 46, 31, 0.08, 0.75, 'log2') -0.07358162100456633
(10, 14, 35, 0.1, 1.0, 'log2') -0.07364732268012351
(60, 27, 8, 0.04, 0.75, 'log2') -0.07394620159621634
(70, 42, 18, 0.08, 1.0, 'log2') -0.07406736484574004
(60, 15, 16, 0.06, 1.0, 'log2') -0.0746935300794551
(30, 38, 14, 0.06, 1.0, 'log2') -0.0748438403701563
(50, 17, 10, 0.06, 0.75, 'log2') -0.07493483927019996
(80, 30, 8, 0.02, 0.75, 'log2') -0.07509311262193329
(70, 6, 26, 0.08, 0.75, 'log2') -0.07509663169519591
(60, 7, 18, 0.1, 1.0, 'log2') -0.07531750414135822
(30, 23, 8, 0.06, 1.0, 'log2') -0.07564719694746118
(10, 35, 16, 0.08, 0.5, 'log2') -0.07570776255707763
(70, 8, 29, 0.02, 1.0, 'log2') -0.07578209894195041
(60, 34, 16, 0.02, 1.0, 'log2') -0.0758314020857475
(30, 50, 26, 0.08, 1.0, 'log2') -0.07593073593073606
(10, 15, 19, 0.1, 0.75, 'log2') -0.07604586129753924
(60, 11, 31, 0.02, 0.75, 'log2') -0.07648835202760998
(20, 43, 23, 0.1, 0.75, 'log2') -0.07656080114449221
(70, 3, 26, 0.06, 0.5, 'log2') -0.07680597841129266
(30, 33, 21, 0.04, 0.75, 'log2') -0.07718723037100947
(30, 49, 27, 0.06, 0.5, 'log2') -0.07753008595988538
(10, 8, 12, 0.08, 1.0, 'log2') -0.0775944333996024
(80, 23, 19, 0.02, 0.5, 'log2') -0.07809011627906978
(70, 29, 7, 0.04, 0.5, 'log2') -0.07829952267303113
(70, 31, 10, 0.02, 0.75, 'log2') -0.07859824046920828
(70, 23, 7, 0.04, 0.5, 'log2') -0.07938360263315376
(70, 42, 30, 0.02, 0.75, 'log2') -0.0797356188262638
(30, 46, 38, 0.08, 0.5, 'log2') -0.07974029680365301
(70, 15, 36, 0.02, 1.0, 'log2') -0.08101578192252505
(90, 8, 40, 0.02, 0.5, 'log2') -0.08103616532721011
(90, 3, 38, 0.02, 1.0, 'log2') -0.08108560090702961
(10, 49, 23, 0.08, 1.0, 'log2') -0.08170066072967554
(60, 40, 13, 0.04, 0.5, 'log2') -0.08174782608695662
(40, 34, 32, 0.04, 0.75, 'log2') -0.08214018960068953
(60, 48, 37, 0.02, 0.5, 'log2') -0.08220558594874741
(30, 48, 6, 0.06, 0.75, 'log2') -0.08254529254529253
(20, 28, 26, 0.08, 0.75, 'log2') -0.0826162624821685
(40, 19, 30, 0.02, 0.75, 'log2') -0.08268166089965408
(30, 46, 31, 0.06, 1.0, 'log2') -0.0831208537640613
(30, 16, 17, 0.08, 0.75, 'log2') -0.08317017643710875
(30, 49, 12, 0.04, 0.75, 'log2') -0.0835318036595993
(90, 3, 28, 0.02, 0.5, 'log2') -0.08384374999999984
(30, 40, 33, 0.04, 0.75, 'log2') -0.08398613518197572
(10, 14, 35, 0.06, 0.5, 'log2') -0.08417514124293796
(80, 47, 31, 0.02, 1.0, 'log2') -0.08430029154518953
(10, 23, 25, 0.1, 0.75, 'log2') -0.08432203389830517
(30, 7, 24, 0.08, 0.5, 'log2') -0.08432923420905543
(50, 3, 16, 0.02, 0.75, 'log2') -0.08437606837606851
(20, 16, 10, 0.06, 1.0, 'log2') -0.08462536023054765
(90, 30, 9, 0.02, 1.0, 'log2') -0.08471990464839087
(60, 18, 7, 0.1, 0.5, 'log2') -0.08477547495682222
(80, 32, 25, 0.02, 0.75, 'log2') -0.08506237307803877
(30, 44, 5, 0.1, 1.0, 'log2') -0.08514736528728803
(80, 42, 24, 0.02, 0.5, 'log2') -0.08533507397737164
(60, 24, 33, 0.08, 0.75, 'log2') -0.08539171796306669
(80, 22, 30, 0.02, 0.75, 'log2') -0.08541087962962969
(40, 9, 23, 0.02, 0.5, 'log2') -0.08550939100739897
(50, 29, 35, 0.04, 0.5, 'log2') -0.08562016614150678
(10, 44, None, 0.06, 1.0, 'log2') -0.08563579722458242
(20, 44, 4, 0.06, 0.5, 'log2') -0.0859544658493871
(30, 37, 27, 0.08, 0.5, 'log2') -0.08620542082738951
(40, 25, 27, 0.04, 0.75, 'log2') -0.08652372784448271
(40, 3, 32, 0.02, 0.75, 'log2') -0.08676562058241453
(30, 25, 6, 0.04, 0.5, 'log2') -0.0873374340949034
(70, 29, 8, 0.02, 0.75, 'log2') -0.0882295373665481
(60, 6, 5, 0.02, 0.5, 'log2') -0.08829289681379714
(70, 28, 32, 0.06, 1.0, 'log2') -0.0884120660216279
(50, 8, 4, 0.1, 0.5, 'log2') -0.08852575488454713
(70, 44, 6, 0.1, 0.5, 'log2') -0.0885265911072362
(40, 34, 23, 0.02, 0.75, 'log2') -0.08874675137164308
(40, 35, 3, 0.08, 0.5, 'log2') -0.08886820774542184
(50, 24, 14, 0.02, 0.5, 'log2') -0.08890792913157144
(40, 9, 40, 0.02, 1.0, 'log2') -0.08899121564182508
(80, 39, 18, 0.02, 1.0, 'log2') -0.08956750438340162
(20, 31, 38, 0.1, 0.75, 'log2') -0.09018212862834384
(80, 39, 19, 0.02, 0.75, 'log2') -0.09022196261682248
(20, 42, 11, 0.04, 1.0, 'log2') -0.09049712643678165
(30, 29, 6, 0.04, 0.75, 'log2') -0.09071260997067455
(80, 44, 3, 0.1, 0.75, 'log2') -0.09132674453429179
(40, 30, 8, 0.04, 1.0, 'log2') -0.09143783146729517
(30, 25, 32, 0.06, 0.75, 'log2') -0.09171003717472116
(70, 33, 12, 0.04, 0.5, 'log2') -0.09175801749271133
(20, 26, 13, 0.06, 0.5, 'log2') -0.09193097547062186
(50, 50, 17, 0.02, 0.75, 'log2') -0.09193294460641414
(80, 43, 4, 0.02, 0.5, 'log2') -0.09193500738552439
(60, 22, 23, 0.02, 1.0, 'log2') -0.09250938492636447
(60, 18, 3, 0.06, 0.5, 'log2') -0.09271549125979506
(80, 13, 29, 0.02, 0.75, 'log2') -0.0932872769142198
(20, 16, 40, 0.04, 0.75, 'log2') -0.09337699316628702
(20, 31, 9, 0.1, 1.0, 'log2') -0.09352700729927026
(10, 39, 32, 0.08, 0.5, 'log2') -0.09361380490587572
(40, 26, 36, 0.02, 1.0, 'log2') -0.09386559448592766
(20, 11, 27, 0.08, 0.75, 'log2') -0.09393521126760573
(50, 39, 30, 0.04, 0.5, 'log2') -0.09417648749640702
(10, 34, 27, 0.06, 0.5, 'log2') -0.09434101907201826
(10, 49, 16, 0.1, 0.5, 'log2') -0.09481332567489961
(30, 24, 6, 0.08, 0.5, 'log2') -0.09482063445004457
(30, 23, 17, 0.04, 0.75, 'log2') -0.0949137435307649
(30, 13, 26, 0.06, 0.75, 'log2') -0.0949488345650938
(40, 24, 24, 0.02, 0.5, 'log2') -0.09509174311926609
(60, 31, 8, 0.02, 0.5, 'log2') -0.09515977719143953
(50, 18, 22, 0.02, 1.0, 'log2') -0.09524397244546509
(20, 30, 12, 0.04, 1.0, 'log2') -0.09526603393730239
(70, 40, 19, 0.02, 0.5, 'log2') -0.09534897190848551
(50, 44, 3, 0.04, 0.5, 'log2') -0.09543864848844108
(20, 42, 12, 0.04, 1.0, 'log2') -0.0960984081041969
(70, 42, 3, 0.04, 1.0, 'log2') -0.09646791767554483
(50, 31, 16, 0.02, 0.5, 'log2') -0.09661355735805334
(30, 4, 4, 0.04, 0.75, 'log2') -0.09686165545481139
(80, 31, 7, 0.02, 1.0, 'log2') -0.09858721624850669
(20, 49, 10, 0.08, 0.5, 'log2') -0.09867518884369565
(10, 6, 28, 0.06, 0.5, 'log2') -0.09874198047419806
(50, 37, 6, 0.02, 0.75, 'log2') -0.09911867364746955
(70, 34, 10, 0.04, 0.5, 'log2') -0.09935125657510221
(20, 18, 23, 0.06, 1.0, 'log2') -0.09949349179400115
(40, 27, 24, 0.02, 0.75, 'log2') -0.09956797235023047
(10, 12, 19, 0.06, 0.5, 'log2') -0.0996135401974612
(20, 6, 29, 0.02, 0.5, 'log2') -0.09962028903372064
(60, 47, 37, 0.02, 1.0, 'log2') -0.09975276323443874
(50, 31, 31, 0.02, 0.5, 'log2') -0.09988812392426856
(30, 19, 24, 0.02, 0.75, 'log2') -0.10011741122565863
(20, 11, 11, 0.08, 1.0, 'log2') -0.10016004572735075
(60, 46, 29, 0.02, 0.5, 'log2') -0.10039324206233625
(10, 23, 4, 0.06, 0.75, 'log2') -0.1004062500000001
(80, 16, 4, 0.06, 0.5, 'log2') -0.1005280627640315
(30, 18, 34, 0.06, 0.5, 'log2') -0.10060657596371896
(10, 16, 5, 0.08, 0.5, 'log2') -0.10067396313364066
(40, 47, 4, 0.04, 1.0, 'log2') -0.1006856634016029
(50, 7, 14, 0.02, 0.5, 'log2') -0.10073289436014889
(40, 40, 15, 0.02, 0.5, 'log2') -0.10088625866050811
(20, 26, 7, 0.1, 1.0, 'log2') -0.1008895434462443
(60, 11, 3, 0.04, 0.5, 'log2') -0.10104203670811138
(20, 50, 40, 0.1, 1.0, 'log2') -0.10108584422967615
(10, 39, 4, 0.06, 0.75, 'log2') -0.10116405135520692
(40, 42, 12, 0.04, 0.75, 'log2') -0.1012710878417685
(20, 4, 25, 0.04, 1.0, 'log2') -0.10136274234335502
(50, 29, 12, 0.02, 0.75, 'log2') -0.1013792110567233
(30, 14, 38, 0.02, 1.0, 'log2') -0.1014951677089256
(10, 16, 29, 0.04, 0.5, 'log2') -0.10150595575723208
(10, 5, 12, 0.04, 0.5, 'log2') -0.10184188155284779
(30, 39, 5, 0.04, 1.0, 'log2') -0.10193757361601895
(10, 33, 9, 0.04, 0.75, 'log2') -0.10214367160775378
(10, 7, 16, 0.04, 0.75, 'log2') -0.10238539898132436
(10, 3, 16, 0.02, 0.75, 'log2') -0.1027377602701183
(10, 30, 22, 0.06, 1.0, 'log2') -0.10277146105741884
(20, 45, 12, 0.04, 1.0, 'log2') -0.10279526422177308
(10, 46, 27, 0.06, 1.0, 'log2') -0.10310463121783886
(10, 34, 38, 0.06, 0.75, 'log2') -0.10328657314629276
(30, 4, 12, 0.02, 0.5, 'log2') -0.10330069124423963
(20, 48, 12, 0.1, 1.0, 'log2') -0.10346142733314072
(80, 40, 3, 0.04, 0.5, 'log2') -0.10353435343534363
(10, 29, 32, 0.04, 1.0, 'log2') -0.10354143019296264
(20, 16, 3, 0.08, 0.75, 'log2') -0.10406864183044899
(20, 7, 13, 0.06, 1.0, 'log2') -0.10434090909090926
(20, 20, 28, 0.02, 0.75, 'log2') -0.10447263397947557
(10, 39, 35, 0.02, 0.75, 'log2') -0.10474099099099098
(10, 13, 3, 0.08, 0.75, 'log2') -0.10498431708012552
(10, 48, 18, 0.06, 0.5, 'log2') -0.10522075688073403
(10, 4, 21, 0.02, 0.5, 'log2') -0.1053611738148984
(40, 47, 11, 0.04, 0.75, 'log2') -0.10543624161073838
(50, 46, 17, 0.02, 1.0, 'log2') -0.10571387031113696
(70, 22, 4, 0.04, 0.5, 'log2') -0.10588751133958274
(20, 49, 15, 0.04, 0.75, 'log2') -0.10597819850831898
(50, 34, 6, 0.02, 0.75, 'log2') -0.10641339155749642
(10, 18, 3, 0.1, 1.0, 'log2') -0.10642551979493027
(10, 41, 19, 0.06, 0.5, 'log2') -0.10688850967007973
(40, 31, 24, 0.02, 0.75, 'log2') -0.10691358024691362
(40, 27, 10, 0.02, 0.75, 'log2') -0.10740612362796073
(10, 24, 35, 0.02, 1.0, 'log2') -0.10755511588468064
(10, 7, 37, 0.04, 0.75, 'log2') -0.10755673858223609
(50, 25, 4, 0.02, 0.75, 'log2') -0.10775173611111118
(40, 16, 4, 0.02, 0.75, 'log2') -0.1082315849813701
(30, 47, 6, 0.02, 0.5, 'log2') -0.1086481851957703
(10, 4, 21, 0.04, 0.75, 'log2') -0.10866157328805891
(50, 9, 29, 0.02, 0.5, 'log2') -0.10882686313403235
(30, 30, 18, 0.02, 1.0, 'log2') -0.10887775551102202
(30, 21, 7, 0.06, 0.75, 'log2') -0.10891851851851862
(10, 15, 15, 0.02, 0.5, 'log2') -0.10961170512099043
(90, 3, 4, 0.04, 0.5, 'log2') -0.10996125186289131
(10, 40, 9, 0.02, 1.0, 'log2') -0.1099943598420756
(40, 26, 6, 0.08, 0.5, 'log2') -0.11089494163424135
(20, 9, 26, 0.02, 1.0, 'log2') -0.11105909220668003
(80, 29, 14, 0.02, 0.5, 'log2') -0.11108974358974354
(10, 14, 9, 0.04, 0.5, 'log2') -0.11123291571753996
(10, 31, 8, 0.06, 0.5, 'log2') -0.1117502148381553
(30, 33, 28, 0.02, 0.75, 'log2') -0.11246924177396284
(10, 17, 23, 0.04, 0.75, 'log2') -0.11255482768442046
(10, 20, 40, 0.04, 0.5, 'log2') -0.11255536626916533
(20, 9, 32, 0.02, 1.0, 'log2') -0.11260204081632662
(10, 6, 29, 0.02, 1.0, 'log2') -0.11277322790172274
(20, 31, 14, 0.02, 0.5, 'log2') -0.11339622641509438
(10, 37, None, 0.06, 1.0, 'log2') -0.11357982229865286
(20, 11, 36, 0.06, 1.0, 'log2') -0.11361150267831949
(40, 38, 14, 0.02, 0.75, 'log2') -0.11369502314814822
(10, 24, 14, 0.02, 0.5, 'log2') -0.11390971039182285
(30, 13, 38, 0.02, 1.0, 'log2') -0.11403862539051411
(20, 40, 3, 0.08, 1.0, 'log2') -0.1141262419637639
(30, 34, 26, 0.02, 0.75, 'log2') -0.11427874964152566
(20, 42, 29, 0.02, 1.0, 'log2') -0.11551487414187646
(20, 29, 14, 0.02, 0.75, 'log2') -0.11615054378935313
(20, 37, 9, 0.02, 1.0, 'log2') -0.11658703071672356
(10, 48, 30, 0.02, 0.5, 'log2') -0.11723710177614881
(20, 36, 13, 0.02, 1.0, 'log2') -0.11741676234213551
(20, 12, 3, 0.02, 0.5, 'log2') -0.11772302463891247
(20, 7, 12, 0.1, 1.0, 'log2') -0.11772969935375098
(20, 10, None, 0.02, 0.75, 'log2') -0.11902432126696832
(10, 30, 7, 0.02, 1.0, 'log2') -0.11920711060948078
(20, 31, 13, 0.04, 1.0, 'log2') -0.11968011527377523
(20, 23, 9, 0.02, 0.75, 'log2') -0.12019351166761524
(10, 38, 36, 0.02, 1.0, 'log2') -0.1212995469988675
(10, 19, 24, 0.02, 1.0, 'log2') -0.12208744710860364
(20, 38, 24, 0.02, 0.5, 'log2') -0.12292342727013951
(10, 48, 22, 0.04, 0.75, 'log2') -0.1242820512820512
(10, 39, 31, 0.04, 1.0, 'log2') -0.13233751425313575
(20, 11, 12, 0.08, 0.75, 'log2') -0.14218928164196118


None with normal:
(90, 9, 14, 0.08, 0.5, 'log2') -0.011244150839526686
(20, 16, 30, 0.1, 0.75, 'log2') -0.040461538461538396
(80, 21, 9, 0.1, 0.75, 'log2') -0.040734370734370716
(90, 39, 28, 0.08, 0.75, 'log2') -0.04365358221246226
(60, 20, 40, 0.08, 0.75, 'log2') -0.0514644808743169
(10, 20, 37, 0.1, 1.0, 'log2') -0.05307270233196167
(40, 15, 19, 0.06, 1.0, 'log2') -0.061991174848317766
(90, 3, 9, 0.06, 0.75, 'log2') -0.0629729729729731
(70, 11, 14, 0.1, 0.5, 'log2') -0.06855309855309868
(30, 4, 13, 0.08, 1.0, 'log2') -0.07478466240622406
(80, 19, 17, 0.04, 0.5, 'log2') -0.07765414798206279
(90, 23, 34, 0.08, 0.5, 'log2') -0.07786758620689674
(90, 18, 18, 0.06, 1.0, 'log2') -0.08135856248298401
(60, 19, 10, 0.06, 1.0, 'log2') -0.08481830790568656
(50, 12, 8, 0.08, 1.0, 'log2') -0.08849082443166242
(60, 16, 40, 0.1, 1.0, 'log2') -0.08918540866703224
(50, 36, None, 0.06, 0.5, 'log2') -0.08920778122356937
(50, 17, 14, 0.1, 1.0, 'log2') -0.08931446017207893
(70, 24, 4, 0.1, 0.75, 'log2') -0.08970008331019158
(50, 49, 18, 0.08, 0.5, 'log2') -0.08977715091678422
(10, 26, 17, 0.1, 0.75, 'log2') -0.09029963595631482
(50, 23, 13, 0.08, 0.5, 'log2') -0.09163270925110133
(80, 11, 13, 0.1, 0.75, 'log2') -0.09190841787770758
(30, 49, 19, 0.1, 0.75, 'log2') -0.09514397539837843
(20, 4, 34, 0.08, 1.0, 'log2') -0.09556906077348072
(30, 19, 12, 0.08, 1.0, 'log2') -0.09585359038837661
(40, 41, 21, 0.06, 0.5, 'log2') -0.09627539503386005
(10, 22, 23, 0.1, 0.75, 'log2') -0.09659994361432184
(70, 6, 8, 0.04, 0.75, 'log2') -0.09671353735869849
(10, 21, 31, 0.08, 0.5, 'log2') -0.09787496495654616
(50, 34, 8, 0.06, 0.75, 'log2') -0.09946689113355782
(90, 34, 32, 0.08, 1.0, 'log2') -0.1005033185840707
(90, 15, 39, 0.08, 1.0, 'log2') -0.10071940463065049
(20, 24, 34, 0.06, 0.5, 'log2') -0.10095847554038698
(50, 9, 33, 0.06, 0.75, 'log2') -0.10247977684797771
(10, 11, 33, 0.06, 1.0, 'log2') -0.10281311846197352
(40, 5, 3, 0.04, 0.75, 'log2') -0.10359370529327605
(40, 42, 15, 0.08, 1.0, 'log2') -0.10378553335209675
(70, 15, None, 0.08, 0.5, 'log2') -0.10444170771756985
(50, 32, 31, 0.08, 0.75, 'log2') -0.10555586436909381
(60, 10, 39, 0.02, 0.75, 'log2') -0.10596842402029882
(70, 31, 5, 0.1, 0.75, 'log2') -0.10619139018371242
(10, 44, 28, 0.1, 0.5, 'log2') -0.10642214727374925
(20, 3, 25, 0.1, 1.0, 'log2') -0.10642876825571791
(60, 4, 29, 0.1, 0.75, 'log2') -0.10763251853886278
(20, 22, 15, 0.06, 0.75, 'log2') -0.10807594219325584
(40, 17, 11, 0.08, 1.0, 'log2') -0.10820321151716489
(70, 22, 40, 0.08, 0.5, 'log2') -0.1088105606967882
(60, 46, 18, 0.04, 0.75, 'log2') -0.10950792782941497
(10, 40, 36, 0.04, 0.5, 'log2') -0.11026866515837105
(80, 15, 8, 0.04, 0.75, 'log2') -0.11036934950385868
(80, 26, 22, 0.08, 0.5, 'log2') -0.1107479452054792
(50, 26, 36, 0.08, 0.5, 'log2') -0.11112520683949244
(20, 13, 20, 0.08, 1.0, 'log2') -0.11167638079378296
(70, 26, 13, 0.02, 1.0, 'log2') -0.11269384264538192
(40, 20, 26, 0.08, 0.5, 'log2') -0.11317754424778748
(60, 37, 7, 0.04, 0.5, 'log2') -0.11323650315154818
(50, 46, 17, 0.02, 1.0, 'log2') -0.11338831422980153
(50, 12, 29, 0.02, 1.0, 'log2') -0.11381209196707348
(10, 44, 36, 0.02, 1.0, 'log2') -0.11440155512357672
(90, 25, 12, 0.02, 1.0, 'log2') -0.11567869415807545
(70, 28, 4, 0.04, 1.0, 'log2') -0.11573669467787104
(30, 5, 18, 0.06, 0.5, 'log2') -0.11603638368246967
(90, 36, 8, 0.1, 0.5, 'log2') -0.11610592755214029
(10, 35, 7, 0.02, 0.5, 'log2') -0.11626907857546637
(10, 26, 15, 0.04, 0.5, 'log2') -0.11634911739983192
(90, 47, 7, 0.08, 0.5, 'log2') -0.11635745375408031
(30, 25, 10, 0.04, 0.5, 'log2') -0.11652582159624399
(70, 32, 29, 0.04, 0.75, 'log2') -0.1166893547508847
(60, 37, None, 0.04, 0.5, 'log2') -0.1171119733924611
(80, 40, 39, 0.02, 0.5, 'log2') -0.11791400832177525
(20, 25, 20, 0.06, 0.75, 'log2') -0.11849125775521706
(70, 49, 15, 0.1, 0.5, 'log2') -0.11860721167079522
(40, 43, 21, 0.08, 0.5, 'log2') -0.11900643716764629
(90, 45, 39, 0.04, 0.5, 'log2') -0.11920088178561586
(10, 24, 19, 0.02, 1.0, 'log2') -0.11930967020681936
(10, 41, 38, 0.04, 1.0, 'log2') -0.11940493057523364
(20, 35, 32, 0.02, 0.75, 'log2') -0.11948653899528158
(60, 40, 17, 0.04, 0.5, 'log2') -0.12037338573834908
(30, 48, 33, 0.02, 0.75, 'log2') -0.12062465297057183
(40, 20, 9, 0.1, 0.5, 'log2') -0.12075736711649666
(50, 17, 15, 0.1, 1.0, 'log2') -0.12112319825945045
(80, 26, 30, 0.02, 0.75, 'log2') -0.12135120198949975
(30, 37, 9, 0.04, 0.5, 'log2') -0.12205685618729092
(10, 23, 9, 0.06, 1.0, 'log2') -0.12215074544450563
(10, 15, 11, 0.02, 1.0, 'log2') -0.1224314594295208
(20, 39, 35, 0.08, 0.5, 'log2') -0.12317558106972831
(40, 36, 29, 0.02, 0.5, 'log2') -0.12341483745484848
(20, 33, 17, 0.02, 0.5, 'log2') -0.12494724836042195
(70, 27, 27, 0.04, 0.5, 'log2') -0.12534065934065922
(70, 43, 11, 0.02, 0.5, 'log2') -0.12568281938325981
(30, 40, 35, 0.04, 0.75, 'log2') -0.12585858585858578
(20, 48, 24, 0.04, 0.5, 'log2') -0.12735600658255622
(50, 11, 33, 0.08, 1.0, 'log2') -0.12775824175824171
(20, 28, 35, 0.08, 0.5, 'log2') -0.12923098201936364
(50, 31, 6, 0.02, 0.5, 'log2') -0.12957782883400334
(30, 34, 35, 0.02, 0.75, 'log2') -0.13001967950520094
(30, 44, 9, 0.04, 0.5, 'log2') -0.13237274220032838
(10, 49, 11, 0.06, 0.75, 'log2') -0.13273526077097508
(60, 34, 8, 0.1, 0.5, 'log2') -0.13741774951617347


