(94, 48, 21, 0.1, 0.75, 'log2') 0.014930516953863245
(87, 45, 17, 0.1, 0.75, 'log2') 0.008609327003630214
(61, 10, 23, 0.08, 0.75, 'log2') 0.0060492801771870885
(66, 43, 20, 0.1, 1.0, 'log2') 0.0022942993541140034
(59, 42, 32, 0.08, 0.5, 'log2') 0.0010332103321033306
(57, 7, 16, 0.1, 0.5, 'log2') 0.0001388888888888783
(78, 18, 30, 0.1, 0.5, 'log2') -0.0039481665288117
(28, 12, 24, 0.1, 1.0, 'log2') -0.004899328859060343
(65, 39, 24, 0.06, 1.0, 'log2') -0.005613985218874339
(53, 32, 19, 0.08, 0.5, 'log2') -0.007922335600906997
(98, 14, 35, 0.1, 0.75, 'log2') -0.008266703176341782
(51, 50, 28, 0.08, 1.0, 'log2') -0.008297328027288213
(65, 27, 20, 0.08, 1.0, 'log2') -0.008413677130045
(39, 22, 34, 0.1, 1.0, 'log2') -0.008910918737782776
(35, 31, 15, 0.08, 0.75, 'log2') -0.012894438138479023
(83, 32, 11, 0.1, 0.5, 'log2') -0.013708461323652667
(55, 41, 37, 0.06, 1.0, 'log2') -0.013809523809523962
(61, 40, 19, 0.1, 0.5, 'log2') -0.014174647887323965
(86, 40, 28, 0.04, 0.5, 'log2') -0.014423131978242187
(51, 32, 39, 0.08, 0.5, 'log2') -0.01477916194790493
(71, 46, 38, 0.1, 0.75, 'log2') -0.015308123249299716
(69, 34, 11, 0.08, 1.0, 'log2') -0.015386597938144344
(89, 34, 32, 0.1, 1.0, 'log2') -0.017610132158590298
(85, 23, 25, 0.1, 0.5, 'log2') -0.017756286266924607
(53, 13, 27, 0.06, 0.75, 'log2') -0.018577865390030982
(82, 44, 31, 0.08, 0.5, 'log2') -0.018635081782289915
(93, 36, 35, 0.08, 0.75, 'log2') -0.018841429369067547
(97, 44, 10, 0.1, 0.75, 'log2') -0.019168779938010753
(77, 35, 18, 0.06, 1.0, 'log2') -0.019735720375106576
(79, 49, 31, 0.1, 0.5, 'log2') -0.020719866071428592
(51, 44, 30, 0.06, 1.0, 'log2') -0.02095689655172419
(98, 21, 18, 0.06, 1.0, 'log2') -0.021186013986014
(63, 50, 32, 0.06, 1.0, 'log2') -0.021695839311334203
(76, 19, 31, 0.04, 1.0, 'log2') -0.021811224489795947
(63, 38, 20, 0.08, 1.0, 'log2') -0.021990441383188113
(82, 46, 19, 0.1, 0.75, 'log2') -0.02271508379888273
(82, 22, 20, 0.06, 0.75, 'log2') -0.022882022471910176
(27, 26, None, 0.1, 0.75, 'log2') -0.023218520609825044
(86, 31, 34, 0.08, 1.0, 'log2') -0.023455759599332274
(44, 35, 27, 0.08, 0.75, 'log2') -0.023653189066059257
(62, 45, 22, 0.1, 0.5, 'log2') -0.023953423120089763
(58, 43, 33, 0.1, 1.0, 'log2') -0.02451748251748246
(51, 48, 33, 0.08, 1.0, 'log2') -0.02460028449502127
(53, 49, 14, 0.1, 1.0, 'log2') -0.025195578231292575
(48, 34, None, 0.08, 0.75, 'log2') -0.025269241612630382
(65, 8, 12, 0.04, 0.75, 'log2') -0.026131722749496603
(95, 44, 23, 0.1, 0.5, 'log2') -0.026496939343350054
(58, 37, 33, 0.06, 0.75, 'log2') -0.026675170068027287
(29, 17, 16, 0.08, 1.0, 'log2') -0.02678125000000012
(62, 35, 40, 0.08, 0.75, 'log2') -0.02685070422535211
(82, 23, 24, 0.1, 0.75, 'log2') -0.02696576477084485
(73, 36, 25, 0.06, 1.0, 'log2') -0.02792185730464328
(56, 17, 37, 0.06, 0.75, 'log2') -0.02805235012665357
(83, 49, 28, 0.06, 0.5, 'log2') -0.028282540586727346
(37, 13, 26, 0.08, 0.75, 'log2') -0.02855218855218855
(86, 5, 26, 0.1, 0.5, 'log2') -0.028596539412249395
(52, 34, 10, 0.06, 0.75, 'log2') -0.02873153779322331
(71, 39, 38, 0.08, 0.5, 'log2') -0.0288419273034657
(75, 43, 30, 0.06, 1.0, 'log2') -0.028896453900709215
(60, 44, 32, 0.1, 0.5, 'log2') -0.028947368421052635
(50, 44, 29, 0.08, 0.5, 'log2') -0.029584628426108987
(47, 20, 23, 0.1, 1.0, 'log2') -0.02974109131403121
(86, 13, 34, 0.08, 0.75, 'log2') -0.029743660418963636
(43, 41, 16, 0.08, 0.75, 'log2') -0.030065940366972518
(43, 42, 28, 0.1, 1.0, 'log2') -0.030702199661590535
(29, 13, 21, 0.08, 1.0, 'log2') -0.03086698672691326
(87, 13, 16, 0.06, 0.5, 'log2') -0.031068508598815894
(41, 27, 30, 0.1, 1.0, 'log2') -0.031141411301658695
(20, 9, 36, 0.08, 0.5, 'log2') -0.03133986013986016
(35, 26, 33, 0.08, 1.0, 'log2') -0.03134875846501133
(96, 33, 17, 0.04, 0.5, 'log2') -0.03143967751223734
(43, 19, 14, 0.08, 1.0, 'log2') -0.031511463345598595
(79, 47, 29, 0.06, 1.0, 'log2') -0.0315264797507789
(90, 12, 28, 0.06, 0.5, 'log2') -0.031845553387231586
(61, 42, 23, 0.06, 1.0, 'log2') -0.03207498568975393
(50, 10, 35, 0.04, 0.5, 'log2') -0.03231226976480576
(88, 12, 29, 0.1, 1.0, 'log2') -0.032664113785557974
(80, 13, 20, 0.06, 1.0, 'log2') -0.03270781206561015
(59, 46, 22, 0.06, 1.0, 'log2') -0.033222381635581034
(75, 18, 10, 0.1, 1.0, 'log2') -0.03355630821337845
(55, 17, 40, 0.08, 1.0, 'log2') -0.03359103641456583
(43, 12, 33, 0.08, 0.5, 'log2') -0.03375662852358368
(18, 47, 28, 0.1, 1.0, 'log2') -0.03390807878960909
(55, 36, 19, 0.04, 0.5, 'log2') -0.034262579525737476
(59, 39, 40, 0.08, 0.5, 'log2') -0.03429903900508768
(59, 5, 28, 0.06, 0.75, 'log2') -0.0345684855233853
(35, 33, 23, 0.1, 1.0, 'log2') -0.03468688570626231
(82, 31, 11, 0.1, 1.0, 'log2') -0.03527140458869608
(71, 23, 33, 0.08, 0.5, 'log2') -0.03586158587839729
(70, 18, 22, 0.08, 0.75, 'log2') -0.035896147403685116
(60, 25, None, 0.1, 1.0, 'log2') -0.03604160887656031
(76, 48, 14, 0.06, 1.0, 'log2') -0.036087328767123325
(56, 47, 10, 0.1, 0.5, 'log2') -0.03624109432886853
(74, 9, 37, 0.08, 0.75, 'log2') -0.03639049986191661
(43, 48, 32, 0.1, 0.75, 'log2') -0.03654407636159452
(71, 31, 28, 0.06, 0.75, 'log2') -0.03693220338983046
(88, 9, 33, 0.02, 0.5, 'log2') -0.037048994619088185
(96, 5, 40, 0.06, 0.75, 'log2') -0.03722085048010966
(49, 9, 23, 0.08, 0.5, 'log2') -0.03727855153203341
(90, 37, 36, 0.04, 0.75, 'log2') -0.03739517518667429
(86, 18, 27, 0.06, 1.0, 'log2') -0.03745251396648034
(98, 36, 40, 0.06, 0.75, 'log2') -0.03768905191873591
(93, 10, 34, 0.06, 0.5, 'log2') -0.03786170508192152
(89, 22, 26, 0.1, 1.0, 'log2') -0.03822784810126573
(48, 40, 28, 0.08, 1.0, 'log2') -0.03838865248226948
(73, 40, 17, 0.1, 0.75, 'log2') -0.038579402735138144
(82, 15, 27, 0.1, 1.0, 'log2') -0.03905323819978029
(66, 24, 32, 0.1, 1.0, 'log2') -0.03912910406232605
(99, 27, 33, 0.06, 1.0, 'log2') -0.039156188879575324
(41, 25, 38, 0.1, 0.75, 'log2') -0.039567537208649216
(66, 19, 29, 0.04, 0.5, 'log2') -0.03961053837342503
(79, 38, 33, 0.04, 1.0, 'log2') -0.03969358533791513
(78, 10, 31, 0.06, 0.5, 'log2') -0.03989969350794095
(76, 43, 33, 0.04, 0.75, 'log2') -0.04016690647482015
(67, 28, 31, 0.06, 1.0, 'log2') -0.040303797468354316
(51, 9, 14, 0.06, 1.0, 'log2') -0.040532005689900306
(75, 3, 16, 0.06, 0.75, 'log2') -0.04083634342873004
(40, 43, 36, 0.1, 1.0, 'log2') -0.04130164119977357
(54, 39, 15, 0.06, 0.5, 'log2') -0.041458392908206944
(63, 4, 23, 0.1, 0.75, 'log2') -0.04161607875307614
(29, 34, 26, 0.1, 0.5, 'log2') -0.041658163265306025
(65, 38, 29, 0.1, 0.75, 'log2') -0.04204963747908525
(19, 24, 20, 0.1, 0.5, 'log2') -0.04248875140607436
(63, 45, None, 0.08, 0.75, 'log2') -0.04261695491919465
(77, 48, 24, 0.04, 0.5, 'log2') -0.0427249134948097
(34, 27, 12, 0.06, 0.75, 'log2') -0.042860444958104545
(56, 17, 36, 0.08, 1.0, 'log2') -0.042901785714285594
(93, 36, 35, 0.1, 0.5, 'log2') -0.042979433018343484
(91, 34, 37, 0.06, 0.75, 'log2') -0.04306288601909025
(68, 40, 38, 0.1, 1.0, 'log2') -0.04316745876432761
(51, 18, 30, 0.04, 1.0, 'log2') -0.04347234042553193
(68, 38, 26, 0.04, 1.0, 'log2') -0.04350043215211745
(65, 32, 36, 0.04, 1.0, 'log2') -0.044051355206847366
(81, 47, 16, 0.06, 1.0, 'log2') -0.044190340909090846
(79, 35, 38, 0.06, 0.5, 'log2') -0.044379251700680265
(63, 38, 26, 0.04, 1.0, 'log2') -0.0445682933872364
(92, 47, 21, 0.1, 0.75, 'log2') -0.044581253466444766
(95, 26, 15, 0.04, 1.0, 'log2') -0.044636180615472976
(34, 22, 36, 0.08, 1.0, 'log2') -0.044663299663299565
(51, 5, 22, 0.1, 0.5, 'log2') -0.044968275862068835
(49, 39, 28, 0.06, 0.5, 'log2') -0.044997126436781644
(71, 48, 35, 0.06, 0.75, 'log2') -0.045066932497863935
(69, 9, 28, 0.06, 1.0, 'log2') -0.04522525027808658
(79, 13, 33, 0.02, 1.0, 'log2') -0.0453321878579611
(94, 23, 32, 0.06, 0.75, 'log2') -0.04568676716917911
(61, 36, 26, 0.04, 0.5, 'log2') -0.045744619799139206
(85, 31, 26, 0.04, 0.5, 'log2') -0.045766256087081084
(88, 10, 16, 0.1, 1.0, 'log2') -0.0458175322890904
(48, 9, 25, 0.04, 0.5, 'log2') -0.04591761363636367
(77, 21, 12, 0.1, 1.0, 'log2') -0.04604508767047022
(68, 3, 25, 0.04, 0.75, 'log2') -0.04614413909141889
(75, 39, 20, 0.04, 0.75, 'log2') -0.04621198957428324
(78, 15, 17, 0.1, 1.0, 'log2') -0.04626419274439194
(21, 6, 34, 0.1, 0.5, 'log2') -0.04657270443762211
(22, 35, 37, 0.06, 1.0, 'log2') -0.046748571428571535
(58, 28, 15, 0.1, 1.0, 'log2') -0.04696383515559291
(59, 30, 17, 0.1, 0.75, 'log2') -0.047207737594617216
(80, 40, 15, 0.06, 0.75, 'log2') -0.047412707498568955
(81, 5, 21, 0.1, 0.75, 'log2') -0.04743091655266747
(55, 41, 27, 0.06, 1.0, 'log2') -0.04750855188141386
(40, 28, 15, 0.1, 1.0, 'log2') -0.047589411433399176
(77, 13, 10, 0.08, 0.5, 'log2') -0.04779680044905957
(91, 33, 19, 0.02, 1.0, 'log2') -0.047830626450115925
(41, 38, 40, 0.1, 1.0, 'log2') -0.04783502252252237
(88, 7, 17, 0.08, 0.5, 'log2') -0.048108779679734835
(46, 42, 29, 0.1, 0.75, 'log2') -0.048166760247052104
(37, 29, 35, 0.1, 0.75, 'log2') -0.04836625282167032
(47, 7, 12, 0.06, 0.75, 'log2') -0.04837830161885821
(15, 33, 30, 0.08, 0.5, 'log2') -0.04850326611758027
(95, 43, 15, 0.02, 0.75, 'log2') -0.04851150597145358
(76, 5, 32, 0.1, 1.0, 'log2') -0.04862172489082956
(90, 50, 21, 0.08, 0.75, 'log2') -0.048879575300363125
(96, 4, 37, 0.1, 0.5, 'log2') -0.04914184203334224
(72, 13, 34, 0.06, 0.75, 'log2') -0.049148520379676014
(48, 44, 39, 0.08, 1.0, 'log2') -0.04929909194097607
(42, 25, 17, 0.1, 0.75, 'log2') -0.04934389140271485
(58, 28, 10, 0.08, 1.0, 'log2') -0.04942718723282985
(51, 26, 10, 0.08, 0.75, 'log2') -0.049516175207558
(98, 38, 36, 0.06, 0.5, 'log2') -0.04955492957746478
(57, 7, 28, 0.06, 1.0, 'log2') -0.04963045290358424
(55, 22, 10, 0.06, 0.5, 'log2') -0.04994254524561911
(90, 15, 28, 0.06, 0.5, 'log2') -0.05010656197420076
(96, 39, 17, 0.06, 0.5, 'log2') -0.0502009054895303
(89, 20, 11, 0.1, 0.5, 'log2') -0.050231133389028015
(88, 30, None, 0.06, 1.0, 'log2') -0.05035225048923668
(49, 49, 38, 0.06, 1.0, 'log2') -0.05068607667915819
(80, 31, 37, 0.04, 0.5, 'log2') -0.05086571428571425
(78, 8, 38, 0.1, 0.75, 'log2') -0.05106260296540342
(93, 38, 13, 0.04, 0.75, 'log2') -0.05116555523340098
(85, 6, 27, 0.06, 1.0, 'log2') -0.05153909465020564
(63, 47, 38, 0.08, 1.0, 'log2') -0.05166713601802296
(21, 9, 22, 0.1, 0.5, 'log2') -0.05184062850729524
(88, 24, 12, 0.1, 1.0, 'log2') -0.051915783602900015
(34, 5, 26, 0.1, 0.75, 'log2') -0.052306840210467886
(59, 37, 13, 0.04, 1.0, 'log2') -0.052407192575406075
(70, 16, 17, 0.1, 1.0, 'log2') -0.052431459429520745
(54, 24, 34, 0.04, 0.75, 'log2') -0.052486362331323456
(76, 45, 34, 0.04, 0.5, 'log2') -0.052492770387507326
(57, 48, 30, 0.06, 0.75, 'log2') -0.05251941328731651
(89, 48, 30, 0.02, 0.5, 'log2') -0.05308049985469345
(21, 18, 39, 0.1, 1.0, 'log2') -0.053144300954519996
(86, 14, 31, 0.06, 0.75, 'log2') -0.05318561872909682
(62, 41, 28, 0.1, 0.5, 'log2') -0.05350754611514818
(38, 19, 24, 0.1, 0.5, 'log2') -0.05355072463768116
(99, 13, 32, 0.08, 0.75, 'log2') -0.05372722252898935
(22, 43, 19, 0.08, 1.0, 'log2') -0.05399201596806389
(20, 3, 18, 0.08, 0.5, 'log2') -0.05403878583473863
(38, 3, 23, 0.04, 1.0, 'log2') -0.054053978071408486
(21, 42, 37, 0.08, 0.5, 'log2') -0.054186112692088874
(23, 31, None, 0.08, 0.5, 'log2') -0.05454984379437652
(36, 37, 26, 0.1, 0.5, 'log2') -0.05459704880817238
(31, 12, 35, 0.04, 1.0, 'log2') -0.05485511363636365
(20, 21, 30, 0.1, 0.75, 'log2') -0.05514100394811056
(88, 15, 34, 0.06, 0.5, 'log2') -0.05515524475524469
(92, 26, 31, 0.08, 0.5, 'log2') -0.05537906137184123
(79, 14, 12, 0.04, 0.75, 'log2') -0.05540097729232543
(91, 14, 20, 0.1, 0.75, 'log2') -0.05547206165703257
(49, 29, 18, 0.06, 0.5, 'log2') -0.05557954545454557
(38, 21, 23, 0.06, 0.5, 'log2') -0.05585130533484677
(87, 14, 14, 0.04, 0.75, 'log2') -0.05613954818415771
(49, 17, 16, 0.04, 1.0, 'log2') -0.05617436191568689
(52, 6, 13, 0.04, 1.0, 'log2') -0.056214979988564874
(57, 37, 22, 0.06, 0.5, 'log2') -0.056264172335601055
(63, 45, 23, 0.04, 0.75, 'log2') -0.056310791366906504
(91, 8, 12, 0.06, 0.75, 'log2') -0.05636644219977538
(83, 32, 13, 0.04, 1.0, 'log2') -0.056423611111111036
(35, 11, 32, 0.06, 0.75, 'log2') -0.05660921164170665
(87, 38, 33, 0.1, 0.5, 'log2') -0.05711135919620422
(93, 36, 35, 0.02, 1.0, 'log2') -0.05724629252689738
(36, 20, 40, 0.1, 0.75, 'log2') -0.05801287433529239
(20, 20, 32, 0.08, 0.75, 'log2') -0.05843626062322948
(43, 25, 36, 0.06, 1.0, 'log2') -0.058473369410424296
(63, 50, 40, 0.06, 1.0, 'log2') -0.058554251359862516
(84, 3, 35, 0.06, 0.5, 'log2') -0.058640242224057094
(90, 38, 32, 0.02, 0.75, 'log2') -0.058800578034682145
(32, 25, 34, 0.1, 0.75, 'log2') -0.05881556683587143
(25, 3, 14, 0.1, 1.0, 'log2') -0.05900055834729202
(66, 16, 32, 0.08, 1.0, 'log2') -0.05916320310335248
(27, 14, 17, 0.1, 1.0, 'log2') -0.05926801801801792
(78, 43, 11, 0.04, 1.0, 'log2') -0.05931306635486691
(47, 31, 16, 0.04, 1.0, 'log2') -0.0594976905311778
(57, 11, 28, 0.08, 1.0, 'log2') -0.05956208425720601
(89, 30, 31, 0.1, 0.5, 'log2') -0.05966242390702823
(21, 20, 30, 0.1, 0.5, 'log2') -0.06001973498731333
(51, 47, 25, 0.1, 0.75, 'log2') -0.06017459870459014
(85, 39, 22, 0.08, 0.5, 'log2') -0.06043004747277315
(18, 5, 31, 0.08, 0.75, 'log2') -0.060479394449116784
(46, 26, 30, 0.06, 0.5, 'log2') -0.06048161869478489
(13, 7, 11, 0.1, 0.5, 'log2') -0.06058162405169996
(54, 6, 10, 0.04, 0.5, 'log2') -0.061102497846683916
(48, 39, 31, 0.1, 0.5, 'log2') -0.06116967305524241
(81, 38, 23, 0.1, 0.5, 'log2') -0.061287073307218755
(74, 46, 13, 0.08, 0.75, 'log2') -0.061506464305789835
(66, 14, 20, 0.1, 1.0, 'log2') -0.06153952459922592
(94, 9, 12, 0.02, 0.5, 'log2') -0.06158244296852445
(53, 24, 29, 0.04, 1.0, 'log2') -0.06165239726027402
(97, 48, 38, 0.08, 0.5, 'log2') -0.06170875420875424
(80, 16, 13, 0.02, 0.5, 'log2') -0.061722933643771814
(37, 19, 40, 0.08, 1.0, 'log2') -0.06176986146451791
(90, 31, 24, 0.04, 0.75, 'log2') -0.06181066438551457
(13, 13, 23, 0.06, 1.0, 'log2') -0.061855524079320184
(40, 6, 11, 0.1, 1.0, 'log2') -0.06189455878206929
(83, 7, 11, 0.04, 0.5, 'log2') -0.062021670943826705
(93, 4, None, 0.1, 0.5, 'log2') -0.062113754443532815
(35, 46, 15, 0.08, 0.5, 'log2') -0.062169811320754685
(27, 31, 12, 0.04, 0.75, 'log2') -0.06224673439767774
(29, 11, 29, 0.1, 1.0, 'log2') -0.0623055478115416
(33, 22, 33, 0.04, 1.0, 'log2') -0.06250856164383572
(70, 37, 36, 0.06, 0.75, 'log2') -0.06267066552413583
(51, 10, 21, 0.04, 0.5, 'log2') -0.06272570937231292
(95, 30, 12, 0.04, 1.0, 'log2') -0.06274645851402133
(96, 12, 33, 0.1, 0.75, 'log2') -0.06279846659364716
(58, 26, 10, 0.06, 1.0, 'log2') -0.0631121414082874
(67, 16, None, 0.02, 0.75, 'log2') -0.06314767209368766
(70, 20, 26, 0.04, 0.5, 'log2') -0.06316963025684455
(56, 36, 18, 0.04, 0.5, 'log2') -0.06322421784472777
(59, 46, 32, 0.06, 0.5, 'log2') -0.06333142530051528
(15, 41, 30, 0.1, 1.0, 'log2') -0.06341179807146906
(94, 43, 37, 0.06, 0.5, 'log2') -0.06350495049504948
(73, 7, 17, 0.02, 0.5, 'log2') -0.06353564271399932
(44, 7, 33, 0.08, 0.5, 'log2') -0.06365256124721609
(56, 46, 38, 0.04, 0.5, 'log2') -0.0637113997113998
(50, 37, 18, 0.04, 0.75, 'log2') -0.06403706921517519
(51, 17, 34, 0.1, 0.5, 'log2') -0.06422339538760767
(85, 48, 20, 0.04, 0.5, 'log2') -0.06427500720668773
(33, 4, 37, 0.06, 0.75, 'log2') -0.06437149270482594
(42, 27, 13, 0.1, 1.0, 'log2') -0.06443562110039709
(45, 17, 25, 0.04, 0.5, 'log2') -0.06478422406401842
(88, 44, 15, 0.08, 0.5, 'log2') -0.06484207557811618
(29, 3, None, 0.04, 1.0, 'log2') -0.06562133482267525
(57, 42, 38, 0.04, 0.5, 'log2') -0.06563098346388167
(26, 25, 25, 0.08, 0.5, 'log2') -0.06567736438511793
(52, 9, 19, 0.02, 1.0, 'log2') -0.06596576319543507
(22, 35, 17, 0.06, 1.0, 'log2') -0.06599314089739926
(28, 33, 30, 0.06, 0.5, 'log2') -0.06641238887295682
(32, 7, 32, 0.04, 0.5, 'log2') -0.06661690140845085
(93, 46, 10, 0.08, 0.75, 'log2') -0.06662474992855107
(66, 46, 33, 0.1, 0.75, 'log2') -0.06683221099887776
(65, 36, 13, 0.04, 0.5, 'log2') -0.06698031268094952
(92, 29, 33, 0.1, 0.5, 'log2') -0.06706566916043216
(79, 38, 10, 0.02, 0.5, 'log2') -0.06713527851458895
(76, 45, 38, 0.02, 0.5, 'log2') -0.06731070496083558
(97, 6, 28, 0.04, 1.0, 'log2') -0.06733166388425132
(80, 36, 26, 0.08, 0.5, 'log2') -0.06747055524397073
(66, 25, 26, 0.02, 1.0, 'log2') -0.0679091170549324
(60, 16, 23, 0.02, 0.5, 'log2') -0.06791895803183791
(33, 32, 14, 0.04, 1.0, 'log2') -0.06820305739832717
(43, 43, 16, 0.04, 1.0, 'log2') -0.0686583598956823
(88, 25, 39, 0.02, 0.75, 'log2') -0.06880057803468219
(31, 30, 14, 0.1, 0.75, 'log2') -0.06884968445209427
(25, 48, 12, 0.06, 1.0, 'log2') -0.06921014701643129
(82, 42, 17, 0.02, 1.0, 'log2') -0.06931718704406191
(83, 45, 10, 0.02, 0.75, 'log2') -0.06941436138905231
(77, 32, 35, 0.04, 0.75, 'log2') -0.06964255075779237
(35, 49, 35, 0.04, 0.5, 'log2') -0.06965886094246894
(32, 46, 34, 0.1, 0.75, 'log2') -0.06991494187694938
(37, 3, 15, 0.1, 1.0, 'log2') -0.06999999999999992
(22, 46, 24, 0.08, 1.0, 'log2') -0.07000000000000002
(47, 30, 13, 0.04, 0.75, 'log2') -0.07002604166666672
(24, 41, 40, 0.1, 1.0, 'log2') -0.07017953833000856
(61, 15, 25, 0.02, 1.0, 'log2') -0.07034313725490206
(35, 3, 10, 0.04, 0.75, 'log2') -0.07037227949599086
(15, 46, 34, 0.08, 0.5, 'log2') -0.07118615209988655
(73, 11, 25, 0.1, 0.5, 'log2') -0.0712209944751381
(17, 17, 18, 0.08, 1.0, 'log2') -0.07123512747875367
(11, 27, 26, 0.08, 0.5, 'log2') -0.07127180641530677
(56, 7, 20, 0.08, 1.0, 'log2') -0.07132871012482651
(72, 40, 19, 0.02, 0.5, 'log2') -0.07133158508158514
(59, 21, 23, 0.02, 1.0, 'log2') -0.0713363792118789
(65, 41, 39, 0.02, 1.0, 'log2') -0.07147881233784949
(74, 40, 34, 0.02, 1.0, 'log2') -0.07163877668782465
(52, 36, 36, 0.04, 0.75, 'log2') -0.07174589455488334
(67, 46, 24, 0.04, 1.0, 'log2') -0.07184641932700608
(46, 34, 18, 0.06, 0.5, 'log2') -0.07187801418439718
(76, 20, 21, 0.02, 0.5, 'log2') -0.0719110854503465
(98, 33, 29, 0.08, 0.5, 'log2') -0.07199553446832273
(63, 37, 32, 0.04, 1.0, 'log2') -0.07201036866359445
(64, 49, 28, 0.02, 1.0, 'log2') -0.07225487343613626
(42, 15, 33, 0.04, 1.0, 'log2') -0.07226859738784769
(22, 18, 19, 0.06, 0.5, 'log2') -0.07232097367676203
(46, 20, 31, 0.04, 0.5, 'log2') -0.07316073968705561
(13, 42, 16, 0.1, 1.0, 'log2') -0.07334366197183101
(23, 5, 10, 0.06, 1.0, 'log2') -0.07336585365853665
(21, 6, 40, 0.04, 0.75, 'log2') -0.07337655016910939
(66, 46, 13, 0.02, 0.75, 'log2') -0.07372503617945012
(72, 27, 17, 0.04, 0.75, 'log2') -0.07377358490566036
(31, 35, 22, 0.04, 0.75, 'log2') -0.07396167048054926
(35, 30, 30, 0.04, 1.0, 'log2') -0.07399942742628124
(55, 19, 12, 0.08, 1.0, 'log2') -0.07437233134073447
(89, 21, 26, 0.02, 1.0, 'log2') -0.07445530324805978
(74, 35, 28, 0.1, 0.75, 'log2') -0.07508465167915625
(67, 33, 26, 0.04, 0.5, 'log2') -0.07540074691180693
(48, 30, 11, 0.04, 0.5, 'log2') -0.07546220930232572
(56, 19, 10, 0.02, 0.5, 'log2') -0.07586861313868618
(88, 9, 39, 0.02, 1.0, 'log2') -0.07587567414135678
(73, 45, 38, 0.02, 1.0, 'log2') -0.07596876807403122
(77, 42, 13, 0.02, 0.75, 'log2') -0.07638589332556114
(12, 27, 31, 0.1, 0.5, 'log2') -0.07662078651685404
(73, 7, 13, 0.02, 0.5, 'log2') -0.0767290526921969
(37, 30, 11, 0.04, 0.5, 'log2') -0.07693847939640172
(51, 28, 15, 0.06, 0.5, 'log2') -0.07704936854190587
(28, 36, 24, 0.06, 1.0, 'log2') -0.07709807305148128
(82, 50, 28, 0.06, 0.75, 'log2') -0.07713798008534858
(34, 6, 11, 0.04, 1.0, 'log2') -0.07715191697895657
(65, 9, 34, 0.02, 1.0, 'log2') -0.07725071225071226
(72, 48, 12, 0.02, 1.0, 'log2') -0.07763280793928776
(23, 4, 13, 0.08, 0.5, 'log2') -0.07777871621621617
(70, 25, None, 0.02, 1.0, 'log2') -0.07791990780754826
(83, 27, 31, 0.02, 0.5, 'log2') -0.07796733741615634
(12, 37, 19, 0.08, 0.5, 'log2') -0.0782246683601469
(45, 44, 31, 0.04, 0.75, 'log2') -0.0783970123527722
(58, 5, 20, 0.1, 0.5, 'log2') -0.07840971838763108
(83, 24, 38, 0.04, 1.0, 'log2') -0.0785511363636365
(45, 8, 25, 0.02, 0.5, 'log2') -0.07936243538196441
(48, 43, 20, 0.04, 0.75, 'log2') -0.07936553300943135
(79, 3, 37, 0.02, 0.5, 'log2') -0.07939342403628129
(72, 46, 12, 0.02, 0.5, 'log2') -0.07940123275609053
(94, 39, 23, 0.02, 1.0, 'log2') -0.07944314868804658
(49, 16, 16, 0.02, 0.75, 'log2') -0.07948556730494438
(64, 41, 18, 0.02, 1.0, 'log2') -0.07997968069666181
(49, 14, 27, 0.02, 0.5, 'log2') -0.08006312769010045
(73, 27, 27, 0.02, 0.5, 'log2') -0.08008362168396764
(38, 24, 40, 0.04, 1.0, 'log2') -0.08008534850640127
(27, 16, None, 0.08, 1.0, 'log2') -0.08049689440993806
(48, 18, 33, 0.04, 0.5, 'log2') -0.08057884231536937
(14, 32, 40, 0.06, 0.75, 'log2') -0.08077402891976196
(26, 4, 38, 0.04, 0.75, 'log2') -0.08103712099744977
(17, 41, 39, 0.06, 1.0, 'log2') -0.0811230856494612
(31, 7, 15, 0.04, 0.75, 'log2') -0.08121359223300983
(92, 49, 31, 0.02, 0.5, 'log2') -0.08122359154929579
(26, 45, 22, 0.04, 0.75, 'log2') -0.08143751779106183
(15, 10, 18, 0.1, 0.75, 'log2') -0.0814742152466368
(61, 12, 22, 0.02, 1.0, 'log2') -0.08159312320916905
(65, 14, 29, 0.02, 1.0, 'log2') -0.08166475972540041
(13, 9, 10, 0.06, 0.5, 'log2') -0.08175767918088749
(34, 48, 20, 0.06, 1.0, 'log2') -0.08188351202549993
(57, 24, 29, 0.08, 0.75, 'log2') -0.08244257703081238
(62, 3, 35, 0.02, 0.75, 'log2') -0.08270079185520371
(79, 22, 10, 0.02, 0.5, 'log2') -0.08310535506402786
(53, 40, 12, 0.1, 1.0, 'log2') -0.08332954868010232
(89, 19, 11, 0.02, 0.5, 'log2') -0.08339316734221196
(15, 49, 16, 0.08, 1.0, 'log2') -0.0836013686911892
(13, 8, 27, 0.08, 0.75, 'log2') -0.08397755960729304
(30, 45, 38, 0.06, 1.0, 'log2') -0.08399365628604376
(26, 28, 24, 0.06, 1.0, 'log2') -0.08414923685698134
(69, 50, 21, 0.02, 1.0, 'log2') -0.08442246144893809
(41, 33, 24, 0.02, 0.5, 'log2') -0.08460744985673356
(49, 31, 29, 0.02, 0.75, 'log2') -0.08463027151935303
(49, 5, 26, 0.08, 0.75, 'log2') -0.08514538908889509
(17, 29, 14, 0.06, 0.75, 'log2') -0.0851485434092876
(91, 22, 36, 0.02, 0.5, 'log2') -0.08521963824289411
(90, 19, 11, 0.02, 0.5, 'log2') -0.08534417659018304
(12, 15, 40, 0.04, 1.0, 'log2') -0.08555775764439422
(11, 41, 39, 0.06, 1.0, 'log2') -0.08561198288159783
(64, 48, 32, 0.02, 0.75, 'log2') -0.0860556038227629
(15, 12, 11, 0.1, 0.5, 'log2') -0.08612921507509218
(91, 7, 32, 0.02, 0.75, 'log2') -0.08643019943019956
(31, 19, 26, 0.04, 0.5, 'log2') -0.08663736886872704
(20, 17, 15, 0.04, 1.0, 'log2') -0.08748489208633098
(56, 5, 26, 0.02, 0.75, 'log2') -0.08798235628912918
(35, 16, 11, 0.06, 0.5, 'log2') -0.08808693165570508
(67, 41, 30, 0.06, 1.0, 'log2') -0.08812076749435685
(25, 46, 21, 0.04, 1.0, 'log2') -0.0882658627619869
(40, 3, 39, 0.02, 0.5, 'log2') -0.08833427282976329
(88, 32, 22, 0.02, 0.5, 'log2') -0.08858425014475968
(23, 23, 29, 0.04, 1.0, 'log2') -0.08870122472230135
(40, 11, 17, 0.02, 0.5, 'log2') -0.08882487818859283
(29, 28, 28, 0.04, 1.0, 'log2') -0.08919267105639851
(28, 11, 34, 0.04, 0.5, 'log2') -0.0897851286400905
(20, 16, 23, 0.04, 0.75, 'log2') -0.0898516828294353
(32, 6, 16, 0.02, 0.5, 'log2') -0.08990252293577988
(57, 22, 37, 0.02, 0.75, 'log2') -0.09090468036529678
(42, 10, 30, 0.02, 0.75, 'log2') -0.09091399375532223
(23, 44, 15, 0.04, 0.75, 'log2') -0.09118135011441647
(60, 43, 17, 0.02, 0.75, 'log2') -0.09152581482549771
(34, 20, 29, 0.04, 0.75, 'log2') -0.09221112696148369
(43, 5, 11, 0.04, 0.5, 'log2') -0.09292857142857154
(16, 10, 15, 0.04, 0.75, 'log2') -0.09312000000000009
(16, 45, 37, 0.04, 1.0, 'log2') -0.09341659488946319
(11, 3, 17, 0.08, 0.5, 'log2') -0.0936426978818284
(88, 41, 27, 0.02, 0.5, 'log2') -0.09447483270293863
(55, 43, 17, 0.02, 0.75, 'log2') -0.09483880253310317
(40, 42, 11, 0.04, 0.75, 'log2') -0.09493348756506649
(14, 50, 11, 0.06, 0.5, 'log2') -0.09523754678951922
(14, 39, 36, 0.06, 0.75, 'log2') -0.09532299741602078
(38, 11, 36, 0.04, 0.75, 'log2') -0.0953841807909605
(14, 41, 37, 0.1, 1.0, 'log2') -0.09546230440967282
(17, 11, 18, 0.08, 1.0, 'log2') -0.09728579481397982
(11, 48, 22, 0.06, 1.0, 'log2') -0.09771729837560572
(37, 37, 25, 0.02, 0.75, 'log2') -0.0981355932203391
(18, 8, 21, 0.04, 0.5, 'log2') -0.09836682705915645
(12, 43, 18, 0.06, 0.5, 'log2') -0.0990836653386455
(46, 49, 27, 0.04, 1.0, 'log2') -0.09916450590607902
(10, 38, 32, 0.04, 0.75, 'log2') -0.09951851851851859
(10, 38, 36, 0.04, 0.75, 'log2') -0.09951851851851859
(42, 12, 32, 0.02, 0.75, 'log2') -0.0999800626602109
(60, 30, 40, 0.02, 0.5, 'log2') -0.10056472632493481
(44, 42, 11, 0.02, 0.5, 'log2') -0.10100696459663386
(16, 39, 12, 0.04, 0.75, 'log2') -0.10119493233515699
(14, 15, 17, 0.04, 0.75, 'log2') -0.1012556818181818
(37, 46, 29, 0.02, 1.0, 'log2') -0.10173287276914221
(15, 34, None, 0.04, 1.0, 'log2') -0.10207929264118647
(38, 6, 13, 0.02, 1.0, 'log2') -0.10245568896512289
(12, 46, 13, 0.1, 0.75, 'log2') -0.10265522174535051
(47, 50, 34, 0.02, 1.0, 'log2') -0.10343038339579137
(46, 34, 40, 0.02, 0.5, 'log2') -0.10361934926576455
(15, 18, 25, 0.1, 0.75, 'log2') -0.10400280504908822
(10, 14, 22, 0.02, 0.75, 'log2') -0.10524640946212335
(18, 47, 31, 0.1, 0.5, 'log2') -0.10536931818181841
(29, 19, 36, 0.02, 0.5, 'log2') -0.1057775255391601
(23, 15, 24, 0.02, 1.0, 'log2') -0.10600853485064013
(11, 23, 32, 0.04, 1.0, 'log2') -0.1060454545454546
(29, 4, 22, 0.02, 1.0, 'log2') -0.10656691134952004
(12, 24, 26, 0.04, 0.5, 'log2') -0.10691471093302811
(26, 17, 33, 0.02, 0.5, 'log2') -0.10700000000000005
(17, 20, 39, 0.02, 1.0, 'log2') -0.10703156098947968
(66, 46, 25, 0.1, 0.5, 'log2') -0.1072022471910114
(21, 36, 38, 0.1, 1.0, 'log2') -0.10732878658709875
(19, 46, 11, 0.1, 0.5, 'log2') -0.10743853630646107
(21, 46, 31, 0.02, 0.75, 'log2') -0.10765878667046434
(38, 30, 17, 0.02, 0.75, 'log2') -0.10824140918278946
(30, 42, 16, 0.02, 0.75, 'log2') -0.10834190966266444
(25, 23, 24, 0.04, 0.75, 'log2') -0.1086094420600859
(35, 41, 12, 0.04, 0.75, 'log2') -0.10881130986728223
(26, 15, 13, 0.02, 0.75, 'log2') -0.10896129766647702
(48, 33, 10, 0.04, 0.75, 'log2') -0.10903367496339685
(11, 43, 36, 0.04, 0.5, 'log2') -0.10918032786885253
(34, 42, 14, 0.02, 0.75, 'log2') -0.10934350705441988
(24, 18, 22, 0.02, 0.75, 'log2') -0.11207460545193688
(29, 24, 25, 0.02, 0.75, 'log2') -0.11296285632018425
(18, 3, None, 0.02, 0.75, 'log2') -0.11464135021097037
(11, 33, 35, 0.06, 0.75, 'log2') -0.11516367776828924
(13, 38, 14, 0.02, 0.5, 'log2') -0.11528579513299378
(16, 25, 21, 0.04, 0.5, 'log2') -0.11560747663551402
(17, 30, 14, 0.04, 1.0, 'log2') -0.11574978577549264
(10, 9, 12, 0.04, 0.75, 'log2') -0.11587450312322554
(81, 31, None, 0.02, 0.5, 'log2') -0.11703156675354762
(16, 39, 21, 0.02, 0.5, 'log2') -0.11767535070140282
(12, 13, 10, 0.02, 0.5, 'log2') -0.12178066704352744
(85, 24, 16, 0.08, 0.5, 'log2') -0.1275524475524473


zero:
(91, 29, 19, 0.06, 1.0, 'log2') 0.012310296191819427
(67, 33, 14, 0.08, 0.75, 'log2') 0.009306930693069333
(66, 19, 28, 0.08, 0.75, 'log2') 0.006253844003354744
(53, 29, 39, 0.1, 0.75, 'log2') 0.005025111607142843
(93, 21, 18, 0.06, 0.75, 'log2') -0.0005334081976417968
(76, 34, 21, 0.06, 1.0, 'log2') -0.0007585227272727398
(81, 12, 25, 0.08, 0.5, 'log2') -0.0039033870072182
(86, 34, 28, 0.1, 0.5, 'log2') -0.005632664437012236
(30, 36, 19, 0.1, 0.5, 'log2') -0.00687642369020505
(95, 39, 30, 0.1, 1.0, 'log2') -0.007606885063853432
(89, 38, 32, 0.1, 0.5, 'log2') -0.008284518828451918
(68, 45, 16, 0.1, 1.0, 'log2') -0.009389076576576574
(70, 37, 10, 0.08, 0.75, 'log2') -0.010251788268955684
(99, 47, 28, 0.1, 0.75, 'log2') -0.01034387132556852
(78, 34, 18, 0.1, 0.75, 'log2') -0.011613800779076203
(95, 25, 33, 0.1, 0.75, 'log2') -0.011970198675496702
(85, 28, 22, 0.08, 0.75, 'log2') -0.01471903830025167
(68, 18, 15, 0.04, 0.75, 'log2') -0.01631548647092693
(64, 14, 21, 0.04, 1.0, 'log2') -0.016496559633027534
(48, 30, 36, 0.1, 0.5, 'log2') -0.017197648376259818
(79, 39, 25, 0.08, 0.75, 'log2') -0.01762186531417309
(71, 20, 27, 0.08, 0.5, 'log2') -0.01806541794800109
(82, 6, 20, 0.1, 0.5, 'log2') -0.01864723673357167
(41, 47, 18, 0.08, 0.75, 'log2') -0.019794403198172505
(59, 8, 27, 0.04, 1.0, 'log2') -0.02029228149829749
(97, 40, 40, 0.1, 0.75, 'log2') -0.021456769530164066
(87, 43, 11, 0.1, 0.75, 'log2') -0.02190717299578059
(80, 26, 24, 0.08, 0.5, 'log2') -0.022835109366236686
(37, 40, 39, 0.08, 0.75, 'log2') -0.023140732265446367
(29, 9, 24, 0.06, 0.5, 'log2') -0.023493092754440312
(93, 23, 33, 0.08, 1.0, 'log2') -0.023501245502352636
(59, 7, 25, 0.04, 0.75, 'log2') -0.023565782044042933
(88, 23, 18, 0.1, 1.0, 'log2') -0.023619733924611974
(97, 34, 12, 0.1, 0.5, 'log2') -0.025019542155220585
(78, 41, 30, 0.08, 0.5, 'log2') -0.025092592592592628
(21, 14, 16, 0.08, 0.5, 'log2') -0.025239580379926446
(50, 20, 24, 0.1, 0.75, 'log2') -0.025475391498881443
(83, 18, 25, 0.06, 0.75, 'log2') -0.025671809256661918
(59, 15, 26, 0.06, 0.75, 'log2') -0.025738539898132344
(84, 37, 17, 0.08, 0.5, 'log2') -0.026018570624648307
(69, 47, 39, 0.1, 1.0, 'log2') -0.026208345001400173
(52, 10, 15, 0.1, 1.0, 'log2') -0.026334816462736426
(65, 28, 37, 0.1, 1.0, 'log2') -0.02724854530340819
(85, 45, 13, 0.08, 0.5, 'log2') -0.028218212574006262
(91, 31, 23, 0.06, 0.75, 'log2') -0.02835350408105825
(98, 50, 20, 0.1, 0.5, 'log2') -0.0284097261039688
(84, 37, 20, 0.04, 0.5, 'log2') -0.028568115942028974
(89, 37, 35, 0.08, 1.0, 'log2') -0.02909772348695174
(57, 22, 35, 0.1, 0.5, 'log2') -0.029136249651713506
(92, 43, 17, 0.06, 0.5, 'log2') -0.029739007092198552
(17, 33, 17, 0.1, 0.75, 'log2') -0.030079006772009132
(28, 42, 29, 0.1, 1.0, 'log2') -0.031088185415488898
(92, 4, 31, 0.1, 1.0, 'log2') -0.031116557734204794
(92, 44, 13, 0.1, 1.0, 'log2') -0.031229393685386988
(94, 25, 35, 0.08, 0.5, 'log2') -0.031362375138734785
(99, 37, 16, 0.04, 1.0, 'log2') -0.031369150779896084
(81, 26, 40, 0.04, 0.75, 'log2') -0.031798623063683425
(90, 48, 32, 0.08, 0.75, 'log2') -0.03212598425196853
(67, 35, 16, 0.1, 0.75, 'log2') -0.0323611498744069
(51, 13, 18, 0.08, 0.5, 'log2') -0.03250769661349011
(82, 24, 37, 0.06, 0.75, 'log2') -0.032521666200726884
(44, 5, 28, 0.1, 1.0, 'log2') -0.032542699724517926
(57, 44, 18, 0.04, 0.75, 'log2') -0.032770211532888976
(97, 41, 17, 0.08, 0.5, 'log2') -0.03287156477846326
(86, 35, 21, 0.1, 0.5, 'log2') -0.03287433529247132
(46, 7, 11, 0.1, 0.75, 'log2') -0.03287636669470156
(88, 50, 34, 0.04, 1.0, 'log2') -0.03308137851143933
(44, 12, 27, 0.08, 1.0, 'log2') -0.033172298240714916
(32, 39, 14, 0.1, 0.75, 'log2') -0.03338861881612825
(39, 31, 33, 0.04, 0.75, 'log2') -0.034240943070730334
(75, 11, 38, 0.08, 0.75, 'log2') -0.034620044052863355
(66, 11, 27, 0.08, 0.75, 'log2') -0.03551189817376867
(95, 26, 39, 0.06, 0.75, 'log2') -0.035601345668629006
(93, 14, 18, 0.1, 0.75, 'log2') -0.03583310382814647
(79, 18, 16, 0.08, 1.0, 'log2') -0.03614420935412005
(58, 40, 13, 0.1, 0.5, 'log2') -0.03617680180180185
(61, 34, 26, 0.1, 0.5, 'log2') -0.03657070989379539
(48, 43, 35, 0.06, 1.0, 'log2') -0.036755900978699046
(99, 29, 33, 0.1, 0.75, 'log2') -0.03684995855208625
(86, 27, 21, 0.04, 1.0, 'log2') -0.0370243204577968
(72, 33, 14, 0.08, 0.5, 'log2') -0.03709531866892265
(47, 32, 15, 0.04, 0.75, 'log2') -0.03717971014492755
(72, 50, 38, 0.1, 1.0, 'log2') -0.037188991856220176
(83, 36, 28, 0.08, 0.75, 'log2') -0.03731666198370326
(27, 27, 25, 0.1, 0.75, 'log2') -0.03733766233766227
(92, 34, 27, 0.08, 0.5, 'log2') -0.03744199049482808
(58, 20, 23, 0.06, 0.75, 'log2') -0.03769776013609299
(41, 44, 37, 0.06, 1.0, 'log2') -0.037834193918531114
(46, 7, 37, 0.08, 0.75, 'log2') -0.03797161936560924
(88, 27, 11, 0.06, 1.0, 'log2') -0.038860759493670884
(51, 4, 15, 0.1, 0.75, 'log2') -0.03916873791770231
(84, 29, 22, 0.08, 1.0, 'log2') -0.039178272980501284
(91, 4, 27, 0.04, 1.0, 'log2') -0.039355913381454624
(43, 5, 37, 0.1, 0.75, 'log2') -0.039410305869385494
(62, 24, 30, 0.06, 0.75, 'log2') -0.03952650978168419
(79, 24, 13, 0.1, 1.0, 'log2') -0.03956436749511312
(33, 46, 21, 0.1, 1.0, 'log2') -0.03957646389994309
(46, 23, 18, 0.06, 1.0, 'log2') -0.0397348160821214
(93, 31, 29, 0.08, 1.0, 'log2') -0.039866777685262235
(33, 13, 37, 0.08, 0.75, 'log2') -0.03992971605285343
(74, 29, 11, 0.06, 1.0, 'log2') -0.04000865301413328
(47, 26, 19, 0.08, 0.75, 'log2') -0.040192962542565304
(90, 21, 27, 0.04, 0.5, 'log2') -0.04031054131054132
(84, 10, 30, 0.08, 1.0, 'log2') -0.04035058887975888
(97, 48, 24, 0.1, 0.5, 'log2') -0.040396426577331064
(93, 35, 33, 0.04, 1.0, 'log2') -0.04049053356282264
(91, 14, 28, 0.04, 0.75, 'log2') -0.040539313085438594
(69, 7, 40, 0.06, 0.5, 'log2') -0.04062935115566685
(76, 20, 14, 0.1, 1.0, 'log2') -0.04110523385300659
(56, 5, 40, 0.08, 0.75, 'log2') -0.04122957629465505
(89, 8, 18, 0.08, 0.5, 'log2') -0.0413533627342889
(54, 20, 20, 0.06, 1.0, 'log2') -0.04135482030804329
(86, 21, 28, 0.06, 0.5, 'log2') -0.04184284116331084
(36, 31, 31, 0.1, 0.75, 'log2') -0.0420271416454623
(63, 32, 17, 0.08, 0.75, 'log2') -0.04211029825548658
(89, 38, 21, 0.08, 0.5, 'log2') -0.042135460397425224
(45, 12, 10, 0.08, 1.0, 'log2') -0.04236374067699372
(88, 25, 36, 0.06, 1.0, 'log2') -0.04245023829548632
(74, 38, 39, 0.1, 1.0, 'log2') -0.04246388888888877
(50, 20, 27, 0.08, 0.75, 'log2') -0.042534227437831744
(78, 31, 23, 0.02, 0.75, 'log2') -0.04271861471861474
(76, 46, None, 0.04, 0.5, 'log2') -0.04289473684210536
(30, 3, 25, 0.08, 0.75, 'log2') -0.0429347521702605
(77, 48, 21, 0.06, 1.0, 'log2') -0.04319408922989476
(94, 8, 10, 0.06, 0.5, 'log2') -0.04355793628418381
(87, 27, 20, 0.06, 1.0, 'log2') -0.043721783295710956
(77, 24, 28, 0.04, 0.5, 'log2') -0.0438933257273246
(99, 30, 29, 0.06, 0.5, 'log2') -0.04406469760900137
(32, 21, 21, 0.04, 1.0, 'log2') -0.04419180421172457
(13, 38, 23, 0.1, 0.75, 'log2') -0.04460236886632828
(88, 36, 27, 0.06, 0.75, 'log2') -0.04506493506493507
(25, 22, 39, 0.1, 0.5, 'log2') -0.04527864214992926
(56, 43, 17, 0.06, 0.5, 'log2') -0.04548414738646105
(28, 25, 21, 0.08, 1.0, 'log2') -0.04557873678193766
(61, 14, 12, 0.06, 0.75, 'log2') -0.04605405405405409
(44, 8, None, 0.1, 1.0, 'log2') -0.046177851422258866
(65, 45, 26, 0.04, 1.0, 'log2') -0.04634252539912911
(95, 47, 32, 0.08, 0.5, 'log2') -0.04666854565952653
(92, 26, 29, 0.06, 1.0, 'log2') -0.04709024458813598
(45, 29, 29, 0.1, 1.0, 'log2') -0.0473025210084033
(50, 38, 29, 0.06, 1.0, 'log2') -0.047317073170731576
(50, 17, 33, 0.1, 0.75, 'log2') -0.04763838664812243
(54, 28, 24, 0.04, 0.75, 'log2') -0.047850789096126244
(52, 26, 25, 0.06, 0.75, 'log2') -0.04804077010192529
(58, 29, 27, 0.08, 0.5, 'log2') -0.048511954992967704
(63, 31, 38, 0.1, 0.5, 'log2') -0.0489125560538116
(55, 14, 34, 0.08, 0.75, 'log2') -0.04918390162101726
(87, 9, 13, 0.1, 0.5, 'log2') -0.04919113573407192
(46, 41, 11, 0.1, 0.5, 'log2') -0.04940153889997143
(62, 9, 39, 0.1, 0.5, 'log2') -0.049630446773303756
(20, 35, 11, 0.1, 0.75, 'log2') -0.049754760530871384
(57, 12, 31, 0.1, 0.5, 'log2') -0.0497734180712903
(90, 11, 30, 0.08, 0.5, 'log2') -0.05010223818734448
(42, 34, 17, 0.06, 0.5, 'log2') -0.05012585812356975
(87, 9, 33, 0.02, 0.75, 'log2') -0.05027189467658847
(61, 16, 16, 0.06, 0.75, 'log2') -0.050525269733106094
(55, 13, 12, 0.06, 1.0, 'log2') -0.050648041474654334
(68, 44, 20, 0.1, 0.75, 'log2') -0.050656013456686265
(32, 44, 28, 0.06, 0.5, 'log2') -0.050681490037539655
(32, 5, 23, 0.08, 0.5, 'log2') -0.050760022271714965
(91, 33, 32, 0.08, 0.5, 'log2') -0.05087576944599887
(78, 15, 29, 0.1, 0.5, 'log2') -0.05102564102564092
(56, 48, 28, 0.04, 1.0, 'log2') -0.05117681159420284
(68, 26, 10, 0.1, 1.0, 'log2') -0.05145501138952167
(16, 6, 12, 0.1, 1.0, 'log2') -0.05182874964559122
(82, 13, 26, 0.04, 0.5, 'log2') -0.05184135977337107
(38, 22, 10, 0.06, 0.5, 'log2') -0.051841572708875405
(52, 9, 39, 0.06, 1.0, 'log2') -0.05196308724832207
(34, 8, 10, 0.1, 0.75, 'log2') -0.052506415739948735
(97, 48, 21, 0.1, 0.5, 'log2') -0.05252643294379516
(22, 41, 12, 0.08, 0.75, 'log2') -0.05258184951177489
(44, 41, 17, 0.06, 0.5, 'log2') -0.05259333716255023
(13, 26, 37, 0.06, 1.0, 'log2') -0.05278734820672136
(54, 46, 31, 0.08, 0.5, 'log2') -0.052833996588971005
(98, 10, 26, 0.06, 0.5, 'log2') -0.052957903540563005
(28, 24, 40, 0.08, 0.5, 'log2') -0.05317011038777244
(59, 9, 19, 0.04, 1.0, 'log2') -0.05319112627986347
(76, 7, 13, 0.04, 1.0, 'log2') -0.053252148997134666
(79, 40, 10, 0.08, 0.5, 'log2') -0.05350427350427341
(92, 42, 32, 0.08, 0.75, 'log2') -0.05371284352215352
(38, 40, 14, 0.06, 1.0, 'log2') -0.054001738626485045
(38, 16, 36, 0.06, 1.0, 'log2') -0.054131787330316795
(88, 33, 29, 0.04, 0.75, 'log2') -0.05415756181713635
(49, 36, 40, 0.06, 0.75, 'log2') -0.05418651362984225
(52, 27, 28, 0.08, 0.75, 'log2') -0.054226190476190365
(37, 47, 33, 0.08, 1.0, 'log2') -0.05452749140893465
(72, 36, 14, 0.06, 1.0, 'log2') -0.054669703872437275
(70, 47, 25, 0.06, 0.5, 'log2') -0.05476258174580609
(28, 38, 21, 0.06, 1.0, 'log2') -0.054771036061820315
(77, 43, 12, 0.1, 1.0, 'log2') -0.054783464566929056
(54, 26, 34, 0.06, 0.5, 'log2') -0.054809767177739895
(77, 17, 19, 0.08, 1.0, 'log2') -0.054904511486299434
(32, 7, 35, 0.06, 0.75, 'log2') -0.05514100394811066
(55, 25, 23, 0.08, 0.75, 'log2') -0.0552868391451068
(52, 49, 34, 0.08, 0.5, 'log2') -0.05564479638009049
(26, 35, 22, 0.08, 1.0, 'log2') -0.055755663894465186
(97, 26, 14, 0.06, 1.0, 'log2') -0.055765435579362775
(93, 41, 37, 0.1, 1.0, 'log2') -0.05590921671740931
(54, 40, 16, 0.04, 0.5, 'log2') -0.05607576633892422
(50, 13, 17, 0.1, 1.0, 'log2') -0.05613389121338906
(98, 6, 10, 0.08, 1.0, 'log2') -0.05658843252305107
(24, 36, 31, 0.08, 1.0, 'log2') -0.05671834625323001
(76, 24, 28, 0.04, 0.5, 'log2') -0.05679347826086961
(51, 45, 13, 0.1, 1.0, 'log2') -0.05683044589605224
(56, 47, 10, 0.06, 1.0, 'log2') -0.05741152383737929
(30, 30, 16, 0.08, 0.5, 'log2') -0.05746149458071879
(65, 29, 18, 0.04, 1.0, 'log2') -0.057569904871720985
(34, 40, 23, 0.06, 0.5, 'log2') -0.05775078593883969
(45, 30, 30, 0.06, 1.0, 'log2') -0.05775965665236044
(67, 50, 23, 0.1, 1.0, 'log2') -0.057894292943491764
(90, 11, 37, 0.02, 0.75, 'log2') -0.057941601618965104
(80, 22, 16, 0.08, 1.0, 'log2') -0.05817315774726811
(92, 32, 35, 0.1, 1.0, 'log2') -0.05829969588056389
(73, 43, 15, 0.04, 1.0, 'log2') -0.05842259291776419
(40, 23, 21, 0.06, 1.0, 'log2') -0.058464183381088775
(86, 46, 29, 0.06, 1.0, 'log2') -0.05859035804905552
(62, 4, 21, 0.06, 1.0, 'log2') -0.05865112406328044
(33, 12, 21, 0.1, 0.5, 'log2') -0.05888795518207282
(31, 9, 12, 0.08, 1.0, 'log2') -0.05908131241084159
(46, 23, 36, 0.1, 0.75, 'log2') -0.05931652661064414
(61, 41, 40, 0.06, 0.5, 'log2') -0.059403708987161186
(78, 24, 26, 0.08, 0.75, 'log2') -0.05976822116727176
(19, 20, 27, 0.08, 0.5, 'log2') -0.05993511988716508
(66, 25, 24, 0.04, 0.75, 'log2') -0.059991384261918426
(22, 26, None, 0.1, 0.5, 'log2') -0.060022733731173554
(79, 3, 39, 0.04, 0.5, 'log2') -0.060323751046608996
(46, 40, 31, 0.06, 0.75, 'log2') -0.06036389684813754
(38, 6, 25, 0.08, 0.5, 'log2') -0.061123814835471205
(29, 42, 11, 0.08, 0.75, 'log2') -0.061220575414123825
(43, 43, 23, 0.04, 0.75, 'log2') -0.061392185238784244
(72, 18, 35, 0.02, 0.75, 'log2') -0.061586937840160436
(36, 10, 26, 0.04, 0.75, 'log2') -0.06172119487908962
(47, 13, 36, 0.06, 1.0, 'log2') -0.06175126903553288
(92, 36, 23, 0.02, 1.0, 'log2') -0.06180583646344984
(92, 30, 31, 0.08, 0.5, 'log2') -0.061874824586022975
(82, 35, 19, 0.06, 0.75, 'log2') -0.062108399545970513
(32, 6, 36, 0.1, 1.0, 'log2') -0.062211111111111134
(39, 14, 30, 0.08, 0.5, 'log2') -0.06227986539540097
(41, 7, 11, 0.08, 1.0, 'log2') -0.062299145299145285
(80, 27, 12, 0.06, 0.5, 'log2') -0.06230769230769233
(39, 43, 23, 0.08, 0.75, 'log2') -0.06302139800285302
(64, 10, 37, 0.06, 1.0, 'log2') -0.06305803571428567
(58, 22, 14, 0.1, 0.5, 'log2') -0.06308144416456746
(67, 47, 31, 0.04, 1.0, 'log2') -0.06332272069464547
(12, 25, 40, 0.1, 1.0, 'log2') -0.06332765957446812
(64, 28, 34, 0.08, 1.0, 'log2') -0.06335110861633458
(17, 12, 33, 0.1, 0.75, 'log2') -0.06336033519553079
(86, 45, 30, 0.04, 0.75, 'log2') -0.06359664351851858
(19, 33, 31, 0.08, 0.75, 'log2') -0.0636151437517791
(58, 49, 35, 0.08, 0.75, 'log2') -0.06361684091551292
(78, 33, 23, 0.08, 0.75, 'log2') -0.0637559607293128
(81, 3, 26, 0.1, 1.0, 'log2') -0.06426430517711154
(78, 28, 24, 0.06, 0.5, 'log2') -0.0645591153955203
(94, 26, 13, 0.06, 0.75, 'log2') -0.0647629860913993
(31, 34, 11, 0.1, 1.0, 'log2') -0.06483648881239244
(48, 7, 37, 0.02, 1.0, 'log2') -0.0648824029470106
(71, 30, 39, 0.02, 0.75, 'log2') -0.06533507397737166
(69, 12, 37, 0.06, 1.0, 'log2') -0.06547406581148894
(42, 4, 18, 0.04, 0.75, 'log2') -0.06550339366515841
(64, 24, 22, 0.04, 0.5, 'log2') -0.06556224899598385
(23, 19, 10, 0.1, 1.0, 'log2') -0.06557466322728571
(58, 10, 29, 0.04, 0.5, 'log2') -0.06567644545713473
(23, 8, 34, 0.1, 0.75, 'log2') -0.06569666386319034
(73, 47, 38, 0.08, 1.0, 'log2') -0.06573922838637004
(49, 5, 28, 0.02, 1.0, 'log2') -0.06588803637396987
(81, 23, 13, 0.08, 0.75, 'log2') -0.06594297007340476
(93, 38, 36, 0.02, 0.75, 'log2') -0.06624301265077967
(37, 29, 21, 0.08, 1.0, 'log2') -0.06632340425531916
(25, 18, 29, 0.06, 0.75, 'log2') -0.06632473788608675
(36, 21, 11, 0.1, 0.5, 'log2') -0.06644312393887951
(50, 41, 32, 0.1, 1.0, 'log2') -0.06666385135135137
(35, 18, 11, 0.04, 0.5, 'log2') -0.066685829261282
(93, 36, 32, 0.06, 1.0, 'log2') -0.0668059450364553
(36, 29, 24, 0.04, 0.5, 'log2') -0.06692329626461371
(66, 4, 31, 0.1, 0.75, 'log2') -0.06721674876847267
(13, 43, 16, 0.1, 0.75, 'log2') -0.06740888382687926
(86, 24, 35, 0.02, 1.0, 'log2') -0.067528968713789
(93, 14, 37, 0.08, 1.0, 'log2') -0.06753507565336987
(73, 15, 24, 0.02, 1.0, 'log2') -0.06764994232987304
(44, 17, 20, 0.04, 0.5, 'log2') -0.06785305889079472
(50, 47, 37, 0.06, 0.5, 'log2') -0.06801716738197415
(49, 24, 26, 0.06, 0.5, 'log2') -0.0680852272727273
(63, 13, 27, 0.08, 0.5, 'log2') -0.06867369589345175
(16, 29, 20, 0.1, 0.75, 'log2') -0.0691385661660527
(50, 29, 21, 0.06, 0.5, 'log2') -0.06926382125465486
(75, 16, 31, 0.04, 1.0, 'log2') -0.0693516138246216
(17, 7, 25, 0.1, 1.0, 'log2') -0.06939393939393951
(65, 49, 30, 0.02, 0.5, 'log2') -0.06950102130142985
(18, 44, 28, 0.08, 0.75, 'log2') -0.06962307252998289
(89, 28, 21, 0.02, 0.75, 'log2') -0.0697695852534563
(32, 19, 23, 0.06, 1.0, 'log2') -0.0698032506415739
(84, 30, 16, 0.06, 1.0, 'log2') -0.07033276450511942
(40, 7, 13, 0.1, 1.0, 'log2') -0.0704025719876992
(45, 16, 17, 0.04, 0.5, 'log2') -0.07054332284815558
(57, 41, 18, 0.08, 0.5, 'log2') -0.07075963718820856
(75, 8, 27, 0.02, 0.5, 'log2') -0.07079142857142866
(95, 5, 39, 0.1, 0.5, 'log2') -0.07095055995629591
(71, 35, 38, 0.02, 0.5, 'log2') -0.07114849187935049
(72, 14, 31, 0.08, 0.5, 'log2') -0.0714440133037693
(59, 49, 26, 0.04, 0.5, 'log2') -0.07156993615786428
(55, 30, 29, 0.04, 0.5, 'log2') -0.07167384438702269
(41, 5, 21, 0.1, 1.0, 'log2') -0.07175854465270116
(63, 17, 15, 0.04, 1.0, 'log2') -0.07179714285714293
(81, 11, 20, 0.1, 0.5, 'log2') -0.0719020093586567
(96, 21, 20, 0.02, 0.75, 'log2') -0.0720801859384079
(54, 22, 29, 0.04, 0.5, 'log2') -0.07224699828473413
(57, 36, 11, 0.02, 0.75, 'log2') -0.0723112795103469
(14, 25, 37, 0.08, 0.75, 'log2') -0.07263782866836305
(12, 6, 21, 0.08, 1.0, 'log2') -0.07279596977329988
(78, 10, 37, 0.02, 0.75, 'log2') -0.07329008073817771
(22, 12, 39, 0.04, 1.0, 'log2') -0.07340130274709718
(66, 48, 11, 0.04, 0.75, 'log2') -0.07355971896955504
(22, 16, 23, 0.04, 0.5, 'log2') -0.0738668555240794
(58, 14, 14, 0.06, 0.5, 'log2') -0.0738780141843972
(52, 15, 28, 0.06, 0.5, 'log2') -0.0742361894024803
(68, 45, 39, 0.08, 0.5, 'log2') -0.07426798307475348
(89, 12, 25, 0.1, 0.75, 'log2') -0.0743378119001918
(44, 11, 30, 0.02, 1.0, 'log2') -0.07435787671232887
(49, 35, 24, 0.06, 0.75, 'log2') -0.07436503416856488
(99, 28, 14, 0.02, 1.0, 'log2') -0.07442848769050424
(93, 48, 12, 0.02, 0.75, 'log2') -0.07453818827708701
(54, 8, 20, 0.02, 1.0, 'log2') -0.07454182129603204
(54, 28, 32, 0.04, 0.5, 'log2') -0.07458983246678233
(98, 20, 25, 0.02, 0.75, 'log2') -0.07476492644937989
(23, 14, 18, 0.04, 0.75, 'log2') -0.07479565590168628
(81, 48, 32, 0.02, 0.5, 'log2') -0.07513442431326715
(62, 29, 33, 0.04, 0.75, 'log2') -0.07562536023054746
(36, 28, 33, 0.04, 1.0, 'log2') -0.07573930519666953
(23, 28, 30, 0.04, 1.0, 'log2') -0.07580313837375191
(45, 26, 23, 0.04, 0.5, 'log2') -0.07601314661331811
(67, 46, 31, 0.02, 0.5, 'log2') -0.07647505106507155
(95, 8, 39, 0.02, 1.0, 'log2') -0.07665521191294385
(71, 23, 38, 0.02, 1.0, 'log2') -0.0766618663594471
(63, 30, 38, 0.08, 0.5, 'log2') -0.07691788526434203
(82, 33, 34, 0.04, 0.75, 'log2') -0.07695213379469434
(22, 49, 29, 0.08, 1.0, 'log2') -0.07738347154704026
(39, 15, 19, 0.04, 0.75, 'log2') -0.07744784224064023
(75, 23, 26, 0.06, 0.5, 'log2') -0.07758951226388519
(99, 41, 39, 0.02, 0.75, 'log2') -0.07761250730566926
(37, 29, 25, 0.04, 0.5, 'log2') -0.07774276711543979
(59, 47, 31, 0.06, 0.5, 'log2') -0.07779913916786223
(43, 12, 32, 0.04, 0.75, 'log2') -0.07815556191020874
(14, 33, 22, 0.06, 1.0, 'log2') -0.07838727995457122
(10, 33, 16, 0.06, 0.5, 'log2') -0.07852560495216673
(31, 20, 36, 0.02, 0.75, 'log2') -0.07877252252252252
(21, 4, 36, 0.08, 1.0, 'log2') -0.07901313950237639
(93, 14, 38, 0.02, 1.0, 'log2') -0.07903586800573904
(21, 32, 16, 0.1, 0.5, 'log2') -0.07904113475177302
(76, 18, 25, 0.02, 0.5, 'log2') -0.0791849078341014
(27, 38, 31, 0.1, 1.0, 'log2') -0.07924043403769268
(32, 30, 38, 0.04, 1.0, 'log2') -0.07924878606112543
(20, 27, 32, 0.06, 0.5, 'log2') -0.07931063829787235
(33, 45, 15, 0.08, 1.0, 'log2') -0.07932911027929732
(20, 10, 30, 0.04, 1.0, 'log2') -0.07936597792244547
(20, 12, 10, 0.02, 0.5, 'log2') -0.07940173329605822
(13, 9, 30, 0.04, 1.0, 'log2') -0.07942215988779806
(79, 35, 28, 0.04, 0.75, 'log2') -0.07945736434108518
(28, 42, 34, 0.04, 0.75, 'log2') -0.0796299483648882
(27, 30, 29, 0.06, 0.75, 'log2') -0.07963797035347786
(19, 41, 37, 0.06, 1.0, 'log2') -0.07963907189916926
(40, 16, 12, 0.04, 1.0, 'log2') -0.07972902853848382
(84, 5, 26, 0.02, 0.75, 'log2') -0.08025936599423628
(53, 42, 12, 0.02, 0.75, 'log2') -0.08073550620132679
(44, 45, 38, 0.06, 0.5, 'log2') -0.08090622311442505
(14, 20, 36, 0.02, 0.5, 'log2') -0.08109227348526966
(54, 16, 21, 0.02, 0.75, 'log2') -0.08112478534630807
(60, 14, 40, 0.02, 0.5, 'log2') -0.081334667047728
(64, 11, 25, 0.04, 0.5, 'log2') -0.08137500000000004
(94, 40, 33, 0.08, 0.5, 'log2') -0.08152594670406745
(25, 16, 29, 0.04, 1.0, 'log2') -0.08168753557199768
(24, 31, 11, 0.02, 0.75, 'log2') -0.08210244863495643
(20, 25, 21, 0.08, 0.75, 'log2') -0.082238933030647
(19, 47, 30, 0.1, 1.0, 'log2') -0.08234419668381933
(32, 24, 21, 0.06, 0.5, 'log2') -0.08242889647326512
(60, 20, 37, 0.02, 0.75, 'log2') -0.08247072265067122
(35, 29, 11, 0.04, 0.75, 'log2') -0.08250072865053928
(10, 22, 24, 0.06, 1.0, 'log2') -0.08258246405413039
(70, 38, 39, 0.02, 1.0, 'log2') -0.08261547344110855
(47, 6, 17, 0.06, 0.75, 'log2') -0.0827871621621622
(11, 22, 36, 0.02, 0.5, 'log2') -0.08285516477430085
(44, 32, 33, 0.02, 0.75, 'log2') -0.08297250859106531
(49, 11, 27, 0.04, 0.75, 'log2') -0.08309316070925987
(26, 38, 22, 0.06, 0.5, 'log2') -0.08338289962825271
(45, 4, 14, 0.08, 0.5, 'log2') -0.08339310731297299
(40, 4, 12, 0.08, 0.75, 'log2') -0.08346719457013575
(35, 32, 21, 0.08, 0.5, 'log2') -0.08352622576966943
(36, 45, 26, 0.04, 0.5, 'log2') -0.08386441647597254
(74, 5, 15, 0.02, 0.75, 'log2') -0.08392445213379471
(42, 8, 34, 0.02, 1.0, 'log2') -0.08409477866061277
(39, 47, 35, 0.02, 0.5, 'log2') -0.08414696667616073
(96, 16, 27, 0.02, 0.5, 'log2') -0.084240777809551
(24, 3, 25, 0.02, 0.75, 'log2') -0.08442992213570628
(39, 15, 24, 0.1, 0.5, 'log2') -0.08458368142578677
(24, 27, None, 0.02, 1.0, 'log2') -0.08464991530208932
(23, 43, 22, 0.08, 0.75, 'log2') -0.08468545402789641
(39, 9, 14, 0.1, 0.5, 'log2') -0.08481037367540441
(17, 29, 39, 0.06, 0.75, 'log2') -0.08495719178082206
(55, 8, 30, 0.02, 0.75, 'log2') -0.085171526586621
(66, 47, 32, 0.02, 0.75, 'log2') -0.08525226013414991
(50, 41, 13, 0.08, 0.5, 'log2') -0.08529478780974088
(26, 10, 17, 0.02, 1.0, 'log2') -0.08554581447963808
(20, 3, 33, 0.04, 1.0, 'log2') -0.08588945005611677
(49, 5, 31, 0.04, 1.0, 'log2') -0.08608880090497759
(11, 36, 30, 0.08, 0.5, 'log2') -0.08646687697160868
(31, 26, 15, 0.02, 1.0, 'log2') -0.08650213980028536
(12, 44, 10, 0.1, 0.75, 'log2') -0.08672821696480083
(39, 42, 33, 0.02, 0.5, 'log2') -0.08680918220946923
(36, 42, None, 0.08, 1.0, 'log2') -0.08692110509826266
(17, 42, 11, 0.04, 1.0, 'log2') -0.08695664575014271
(76, 25, 25, 0.02, 0.5, 'log2') -0.08713913798090847
(14, 35, 31, 0.04, 1.0, 'log2') -0.08726449787835927
(58, 23, 26, 0.02, 0.75, 'log2') -0.08746984491671453
(12, 15, 11, 0.04, 0.5, 'log2') -0.08747740112994357
(48, 16, 31, 0.02, 0.75, 'log2') -0.0878878076702918
(50, 48, 34, 0.02, 1.0, 'log2') -0.08801788805539526
(66, 14, None, 0.04, 0.5, 'log2') -0.08818776671408272
(27, 45, 38, 0.08, 0.5, 'log2') -0.08820586543990803
(13, 31, 14, 0.06, 1.0, 'log2') -0.08848407281001124
(11, 50, 20, 0.08, 1.0, 'log2') -0.0888020390824128
(28, 16, 40, 0.02, 0.5, 'log2') -0.0890385164051356
(47, 23, 23, 0.02, 0.5, 'log2') -0.08911933448078031
(55, 47, 21, 0.02, 0.5, 'log2') -0.08916618580496263
(13, 3, 12, 0.02, 0.5, 'log2') -0.08936715918594935
(12, 46, 14, 0.1, 0.75, 'log2') -0.08945217144479126
(84, 28, 20, 0.02, 1.0, 'log2') -0.08970257002598907
(16, 33, 31, 0.02, 0.5, 'log2') -0.08981347438752792
(63, 22, 15, 0.02, 1.0, 'log2') -0.08991589327146174
(64, 30, 22, 0.02, 0.5, 'log2') -0.09007832898172317
(18, 42, 27, 0.06, 0.75, 'log2') -0.09020986954055593
(29, 4, 22, 0.02, 0.75, 'log2') -0.09027450980392161
(14, 23, 11, 0.08, 1.0, 'log2') -0.09035087719298236
(35, 49, 33, 0.02, 0.5, 'log2') -0.09041762013729976
(30, 30, 20, 0.02, 1.0, 'log2') -0.09050847457627126
(57, 15, 22, 0.08, 0.75, 'log2') -0.09171259842519697
(19, 26, 38, 0.02, 0.75, 'log2') -0.09191061452513968
(13, 10, 16, 0.08, 0.5, 'log2') -0.09221164613661824
(10, 32, 16, 0.02, 0.5, 'log2') -0.09226670347874112
(19, 48, 10, 0.06, 0.5, 'log2') -0.09262280953748925
(18, 10, 28, 0.06, 1.0, 'log2') -0.09285026889329187
(17, 33, 30, 0.06, 1.0, 'log2') -0.09303627534990015
(14, 5, 21, 0.02, 0.5, 'log2') -0.09309788654060068
(60, 41, 13, 0.02, 0.5, 'log2') -0.093144434757338
(57, 4, 15, 0.02, 0.75, 'log2') -0.0933534656312914
(32, 40, 13, 0.02, 1.0, 'log2') -0.09403813318155957
(24, 23, 10, 0.04, 1.0, 'log2') -0.09452846463484763
(45, 10, 14, 0.02, 1.0, 'log2') -0.0945446735395189
(84, 48, 24, 0.1, 1.0, 'log2') -0.0946074610244989
(20, 38, 31, 0.02, 0.5, 'log2') -0.09464737285754432
(27, 4, 36, 0.06, 1.0, 'log2') -0.09494120940649511
(68, 17, 33, 0.1, 1.0, 'log2') -0.09514592511013227
(40, 47, 17, 0.02, 0.75, 'log2') -0.09549093003167301
(43, 37, 27, 0.02, 0.5, 'log2') -0.09560779816513774
(35, 42, 36, 0.08, 1.0, 'log2') -0.09584619782732985
(33, 4, 11, 0.08, 1.0, 'log2') -0.09651662844036703
(25, 37, 19, 0.1, 0.5, 'log2') -0.09657507082152968
(85, 36, 21, 0.02, 0.5, 'log2') -0.096751592356688
(17, 26, 15, 0.04, 0.5, 'log2') -0.09681779298545766
(27, 50, 21, 0.02, 1.0, 'log2') -0.09693698784967515
(11, 49, 12, 0.06, 0.5, 'log2') -0.09709075487701445
(23, 16, 23, 0.02, 0.5, 'log2') -0.09749014084507043
(15, 18, 14, 0.04, 0.75, 'log2') -0.09757155001416822
(87, 16, 28, 0.02, 0.5, 'log2') -0.09781708369283869
(45, 50, 37, 0.02, 1.0, 'log2') -0.09796046977943286
(58, 3, 32, 0.02, 0.5, 'log2') -0.0981357364122782
(37, 33, None, 0.02, 0.75, 'log2') -0.09858692549243514
(25, 38, 36, 0.02, 1.0, 'log2') -0.09924688561721408
(47, 31, 11, 0.08, 1.0, 'log2') -0.09950574712643691
(13, 29, 21, 0.02, 0.5, 'log2') -0.10010246469122136
(58, 32, 11, 0.02, 1.0, 'log2') -0.10086616454229438
(56, 26, 31, 0.02, 0.5, 'log2') -0.10108412836079798
(14, 37, None, 0.04, 0.5, 'log2') -0.10110450297366187
(25, 25, 21, 0.04, 1.0, 'log2') -0.10124430523917999
(36, 32, 30, 0.02, 0.5, 'log2') -0.10144084789458596
(59, 50, 40, 0.02, 1.0, 'log2') -0.10145718432510885
(23, 45, 34, 0.06, 0.75, 'log2') -0.10166904422253924
(82, 43, 14, 0.02, 1.0, 'log2') -0.10441313190005821
(40, 37, 25, 0.02, 1.0, 'log2') -0.10540795877469225
(13, 34, 21, 0.04, 0.5, 'log2') -0.10563013310676857
(18, 12, 36, 0.06, 0.5, 'log2') -0.10624612785130935
(47, 43, 17, 0.04, 0.5, 'log2') -0.10657035538861606
(19, 9, 11, 0.04, 1.0, 'log2') -0.10664569631112372
(15, 26, 27, 0.02, 1.0, 'log2') -0.10674923462287791
(11, 31, 15, 0.04, 0.75, 'log2') -0.10744782853919918
(24, 12, 12, 0.02, 0.5, 'log2') -0.10766694843617915
(16, 9, 23, 0.02, 0.75, 'log2') -0.10880111265646725
(44, 23, 35, 0.02, 1.0, 'log2') -0.10894315909740067
(39, 29, 19, 0.02, 1.0, 'log2') -0.10908701854493588
(15, 45, 15, 0.06, 1.0, 'log2') -0.10911168237646379
(31, 21, 29, 0.06, 0.5, 'log2') -0.10924694515487353
(14, 33, 10, 0.04, 0.75, 'log2') -0.10999155405405417
(78, 31, 20, 0.02, 0.5, 'log2') -0.11066375545851531
(52, 45, 38, 0.04, 0.75, 'log2') -0.1111560693641619
(15, 16, 20, 0.02, 0.75, 'log2') -0.1112461752433936
(19, 43, 15, 0.06, 0.5, 'log2') -0.1123458904109588
(51, 42, 18, 0.02, 0.5, 'log2') -0.1141932700603969
(43, 25, 29, 0.02, 0.5, 'log2') -0.11489233419465972
(13, 41, 19, 0.04, 0.75, 'log2') -0.11562765655993196
(12, 33, 30, 0.04, 0.75, 'log2') -0.11939915373765869
(64, 47, 23, 0.02, 1.0, 'log2') -0.12243789716926629
(15, 39, 21, 0.08, 0.5, 'log2') -0.12322701149425286


our:
(38, 34, 35, 0.1, 0.75, 'log2') 0.043773898586866235
(94, 19, 38, 0.04, 1.0, 'log2') 0.035087524312308965
(71, 33, 11, 0.1, 0.5, 'log2') 0.022922311307713564
(86, 33, 16, 0.1, 0.75, 'log2') 0.02107369583218325
(18, 33, 15, 0.04, 0.5, 'log2') 0.01750556792873051
(64, 47, 16, 0.06, 0.75, 'log2') 0.015295100222717132
(68, 30, 36, 0.04, 0.75, 'log2') 0.014016120066703719
(56, 24, 10, 0.06, 0.5, 'log2') 0.013906599552572686
(31, 4, 13, 0.04, 0.75, 'log2') 0.013811659192825083
(11, 37, 10, 0.1, 0.75, 'log2') 0.013414634146341461
(20, 20, 11, 0.1, 0.5, 'log2') 0.012421023203802074
(34, 31, 24, 0.02, 1.0, 'log2') 0.010428611188421904
(18, 5, 15, 0.06, 0.75, 'log2') 0.009802338530066778
(74, 19, 11, 0.02, 0.5, 'log2') 0.008965807174887876
(35, 14, None, 0.02, 1.0, 'log2') 0.008903765690376564
(33, 44, 25, 0.08, 0.5, 'log2') 0.008322562517561099
(90, 23, 13, 0.1, 0.75, 'log2') 0.007887634260534257
(54, 38, 29, 0.02, 1.0, 'log2') 0.00763253856942497
(61, 38, 19, 0.02, 1.0, 'log2') 0.00635287485907556
(65, 29, 10, 0.02, 0.75, 'log2') 0.006032456631225545
(65, 33, 12, 0.02, 1.0, 'log2') 0.005723943661971777
(45, 38, 14, 0.06, 1.0, 'log2') 0.005663493840985386
(33, 31, 31, 0.1, 1.0, 'log2') 0.0053056708160441265
(95, 19, 11, 0.1, 0.75, 'log2') 0.005102097130242834
(55, 34, 25, 0.04, 0.75, 'log2') 0.004778711484593829
(50, 18, 13, 0.04, 0.75, 'log2') 0.004114173228346459
(82, 12, None, 0.04, 0.5, 'log2') 0.0039900110987791506
(75, 9, 37, 0.02, 1.0, 'log2') 0.0037328479417530103
(58, 23, 15, 0.04, 0.5, 'log2') 0.0035484772282760387
(49, 47, 35, 0.08, 1.0, 'log2') 0.003211902113459412
(29, 5, 14, 0.08, 1.0, 'log2') 0.0025571030640668515
(65, 12, 15, 0.06, 1.0, 'log2') 0.0023735408560310216
(35, 49, None, 0.02, 1.0, 'log2') 0.001886687133686855
(52, 11, 22, 0.06, 1.0, 'log2') 0.0017682926829267866
(25, 43, 39, 0.06, 0.5, 'log2') 0.0017143658810325562
(84, 46, 19, 0.04, 0.5, 'log2') 0.0016340235030777657
(25, 12, 39, 0.06, 0.5, 'log2') 0.0009997207483942877
(49, 39, 23, 0.02, 1.0, 'log2') 0.0007508436445444462
(24, 39, 20, 0.06, 0.75, 'log2') 0.0006069120539477055
(23, 47, 22, 0.04, 1.0, 'log2') 0.000581818181818199
(81, 35, 23, 0.06, 1.0, 'log2') 0.00036842105263155413
(29, 18, 36, 0.04, 0.5, 'log2') 3.0666294953988514e-05
(44, 50, 28, 0.04, 0.75, 'log2') -0.000159932659932666
(10, 14, 22, 0.04, 0.75, 'log2') -0.00024403771491957328
(86, 48, None, 0.02, 0.5, 'log2') -0.0004054054054053808
(79, 45, 14, 0.04, 0.75, 'log2') -0.0006735896716251234
(20, 5, 25, 0.02, 0.5, 'log2') -0.0008768035516093181
(89, 42, 35, 0.02, 0.5, 'log2') -0.0011761395610579678
(37, 18, 39, 0.02, 1.0, 'log2') -0.0014995811225914592
(29, 42, None, 0.02, 0.5, 'log2') -0.0017986614612381373
(16, 11, 12, 0.1, 1.0, 'log2') -0.0018693946188340553
(56, 11, 40, 0.08, 0.75, 'log2') -0.0020974401321222445
(89, 27, 36, 0.08, 0.5, 'log2') -0.00212279735682821
(10, 25, 24, 0.1, 1.0, 'log2') -0.0021631403118040505
(86, 40, 11, 0.06, 0.75, 'log2') -0.002435290843306559
(77, 4, 21, 0.02, 0.5, 'log2') -0.002779955207166838
(71, 22, 34, 0.04, 1.0, 'log2') -0.0028448275862068472
(77, 33, 37, 0.06, 0.5, 'log2') -0.0029629629629631363
(11, 44, 29, 0.08, 0.5, 'log2') -0.002990784697012047
(46, 41, 11, 0.02, 0.75, 'log2') -0.003073047858942042
(42, 32, 17, 0.04, 1.0, 'log2') -0.0031262244612371326
(21, 3, 39, 0.02, 1.0, 'log2') -0.003448945615982221
(23, 47, 35, 0.1, 1.0, 'log2') -0.003863257365202986
(19, 17, 18, 0.02, 1.0, 'log2') -0.0038847326129121443
(19, 28, 27, 0.04, 0.75, 'log2') -0.004021799888205695
(84, 36, 17, 0.1, 0.75, 'log2') -0.004328646264130175
(56, 29, 35, 0.04, 1.0, 'log2') -0.0044506569751187755
(27, 25, 15, 0.04, 1.0, 'log2') -0.00445538981142697
(15, 39, 37, 0.06, 0.75, 'log2') -0.00446832263466369
(29, 23, 17, 0.04, 1.0, 'log2') -0.004490597810833644
(92, 46, 22, 0.04, 0.5, 'log2') -0.004616461366181416
(29, 46, 36, 0.08, 0.5, 'log2') -0.004705224923162903
(53, 26, 39, 0.06, 1.0, 'log2') -0.004759120022277942
(57, 19, 36, 0.02, 0.5, 'log2') -0.004923943661971787
(35, 18, 11, 0.1, 0.5, 'log2') -0.005070695869143491
(81, 18, 34, 0.04, 1.0, 'log2') -0.005098858256753
(34, 30, 29, 0.04, 1.0, 'log2') -0.005226256983240214
(17, 7, 16, 0.08, 1.0, 'log2') -0.0056536312849163215
(27, 39, 36, 0.1, 1.0, 'log2') -0.005680738048644154
(36, 13, 12, 0.04, 0.5, 'log2') -0.005781337830241686
(94, 5, 26, 0.04, 0.75, 'log2') -0.005873719191359792
(74, 35, 35, 0.02, 0.75, 'log2') -0.005939257592800876
(25, 17, 24, 0.1, 1.0, 'log2') -0.005960522657770407
(44, 30, 24, 0.1, 0.5, 'log2') -0.005972299168975072
(53, 34, 33, 0.1, 1.0, 'log2') -0.006153846153846193
(40, 37, 10, 0.06, 0.5, 'log2') -0.0061603139013452915
(32, 41, 36, 0.06, 0.5, 'log2') -0.006282766313441181
(85, 44, 35, 0.02, 0.75, 'log2') -0.006309423347398022
(22, 36, 29, 0.02, 1.0, 'log2') -0.006366666666666656
(49, 25, 23, 0.06, 0.75, 'log2') -0.006393762183236021
(30, 48, 12, 0.02, 1.0, 'log2') -0.006632340662399105
(14, 38, 13, 0.1, 0.75, 'log2') -0.006900224215246646
(65, 27, 37, 0.04, 1.0, 'log2') -0.007119307069013665
(61, 48, 37, 0.02, 1.0, 'log2') -0.007119977521775771
(53, 7, 32, 0.04, 0.75, 'log2') -0.007120156119319766
(13, 14, 30, 0.1, 1.0, 'log2') -0.007268660889013201
(37, 38, 21, 0.04, 0.5, 'log2') -0.007374161073825503
(29, 12, 13, 0.02, 1.0, 'log2') -0.007453381575285265
(59, 49, 11, 0.02, 0.75, 'log2') -0.007645739910313876
(31, 29, 17, 0.02, 1.0, 'log2') -0.007835654596100278
(55, 50, 23, 0.1, 1.0, 'log2') -0.007895464601769943
(14, 46, 37, 0.02, 0.5, 'log2') -0.00804527885146327
(40, 39, 24, 0.02, 0.5, 'log2') -0.008084750487872864
(88, 19, 27, 0.04, 1.0, 'log2') -0.0081001390820584
(56, 39, 16, 0.1, 1.0, 'log2') -0.008109535724214701
(10, 11, 28, 0.02, 0.75, 'log2') -0.0081344723064205
(27, 35, 18, 0.06, 1.0, 'log2') -0.008153544410198922
(43, 37, 37, 0.04, 0.75, 'log2') -0.0081559094719195
(30, 28, 34, 0.02, 0.5, 'log2') -0.008361566231602311
(58, 19, 21, 0.02, 0.5, 'log2') -0.008378076062639784
(94, 4, 33, 0.02, 0.5, 'log2') -0.008618660689268701
(16, 43, 35, 0.06, 0.75, 'log2') -0.008709767702210993
(60, 47, 20, 0.02, 1.0, 'log2') -0.00882220975883343
(71, 44, None, 0.04, 0.75, 'log2') -0.008932960893854773
(13, 37, 17, 0.04, 0.75, 'log2') -0.009008908685968792
(57, 38, 36, 0.08, 1.0, 'log2') -0.009112033195020831
(34, 7, 11, 0.1, 1.0, 'log2') -0.009114945727804158
(15, 34, 17, 0.1, 0.75, 'log2') -0.009322553666016137
(34, 13, 40, 0.04, 1.0, 'log2') -0.009375699888018037
(53, 12, 11, 0.08, 1.0, 'log2') -0.009419444444444432
(42, 49, 13, 0.04, 0.5, 'log2') -0.00952206915940397
(38, 27, 21, 0.08, 1.0, 'log2') -0.009958344904193325
(49, 21, 12, 0.04, 0.75, 'log2') -0.010095291479820615
(45, 18, 22, 0.1, 0.75, 'log2') -0.010207182320442027
(62, 24, 13, 0.04, 0.5, 'log2') -0.010285155157953729
(23, 16, 27, 0.02, 0.75, 'log2') -0.010479889042995849
(16, 21, None, 0.04, 1.0, 'log2') -0.010657564781276106
(29, 17, 36, 0.1, 0.75, 'log2') -0.010692137320044287
(27, 14, 28, 0.06, 1.0, 'log2') -0.010765790944661843
(41, 40, 19, 0.02, 1.0, 'log2') -0.01077634529147978
(87, 42, 35, 0.1, 0.75, 'log2') -0.010942408376963393
(15, 20, 19, 0.04, 0.75, 'log2') -0.011049125728559574
(34, 25, 25, 0.06, 1.0, 'log2') -0.011079943899018254
(15, 27, 30, 0.02, 1.0, 'log2') -0.011086775713889637
(32, 4, 12, 0.1, 0.5, 'log2') -0.011129568106312292
(35, 34, 28, 0.02, 0.5, 'log2') -0.01114047287899859
(27, 24, 17, 0.08, 0.5, 'log2') -0.011333702268954087
(47, 37, 19, 0.08, 0.5, 'log2') -0.011397161146674106
(44, 10, 36, 0.06, 0.75, 'log2') -0.011510950928749685
(27, 29, 13, 0.04, 1.0, 'log2') -0.011534138803034515
(61, 15, 10, 0.02, 1.0, 'log2') -0.01154647887323949
(69, 42, 23, 0.1, 0.75, 'log2') -0.011573281810654146
(88, 11, 20, 0.04, 1.0, 'log2') -0.011664351208669231
(78, 44, 10, 0.06, 0.5, 'log2') -0.011785216178521659
(33, 45, 13, 0.04, 1.0, 'log2') -0.011876931722394018
(74, 15, 22, 0.02, 0.5, 'log2') -0.012026271660145357
(20, 47, 16, 0.02, 0.5, 'log2') -0.012039400665926722
(41, 39, 16, 0.02, 1.0, 'log2') -0.01209563994374121
(90, 36, 10, 0.02, 1.0, 'log2') -0.012114253710445243
(45, 35, 29, 0.02, 0.75, 'log2') -0.012144854586129747
(58, 13, 24, 0.06, 0.5, 'log2') -0.012154527831625702
(69, 44, 31, 0.08, 0.5, 'log2') -0.01217017738359205
(12, 42, 37, 0.06, 0.75, 'log2') -0.012196274673338878
(82, 31, 19, 0.02, 0.5, 'log2') -0.012235955056179762
(18, 18, 16, 0.02, 1.0, 'log2') -0.012286188762800966
(53, 17, 21, 0.06, 1.0, 'log2') -0.012309197651663436
(27, 31, 22, 0.02, 0.75, 'log2') -0.012346196868008912
(80, 38, 34, 0.02, 0.75, 'log2') -0.012424242424242416
(87, 3, 14, 0.1, 0.75, 'log2') -0.012526661197703058
(17, 25, 23, 0.02, 0.75, 'log2') -0.012643805309734487
(18, 36, None, 0.04, 0.5, 'log2') -0.012706013363028963
(92, 22, 21, 0.04, 1.0, 'log2') -0.012797105482883406
(60, 5, 40, 0.02, 0.75, 'log2') -0.012924449400613356
(90, 29, 20, 0.02, 0.5, 'log2') -0.01294745715088505
(12, 48, 40, 0.04, 0.75, 'log2') -0.013112287545277223
(31, 49, 14, 0.06, 1.0, 'log2') -0.013140123804164352
(58, 47, 36, 0.1, 0.5, 'log2') -0.013163888888889001
(51, 50, 32, 0.1, 0.75, 'log2') -0.013262017227007495
(28, 50, 17, 0.02, 1.0, 'log2') -0.013263830970252966
(33, 36, 24, 0.08, 1.0, 'log2') -0.013273743016759805
(16, 33, 17, 0.04, 1.0, 'log2') -0.013286869250069722
(66, 44, 23, 0.04, 1.0, 'log2') -0.013334265734265948
(57, 31, 22, 0.02, 0.75, 'log2') -0.013364275668073113
(50, 17, 27, 0.08, 0.5, 'log2') -0.013783485225075961
(54, 4, 30, 0.02, 0.75, 'log2') -0.013862552594670422
(82, 17, 29, 0.02, 1.0, 'log2') -0.013969101123595588
(65, 16, 30, 0.08, 0.5, 'log2') -0.013977900552486214
(25, 50, 39, 0.06, 0.75, 'log2') -0.014026337909778672
(55, 47, 17, 0.08, 0.5, 'log2') -0.01417781493868453
(84, 23, 34, 0.06, 0.75, 'log2') -0.01434939091915841
(15, 5, 33, 0.02, 0.75, 'log2') -0.014462947543713555
(68, 35, 29, 0.1, 0.5, 'log2') -0.014483613329661313
(40, 28, 33, 0.08, 0.75, 'log2') -0.014575380359612807
(11, 40, 25, 0.08, 1.0, 'log2') -0.014614305750350649
(18, 24, 26, 0.02, 0.75, 'log2') -0.014651933701657453
(38, 33, 28, 0.1, 0.5, 'log2') -0.014730255839822036
(32, 49, 20, 0.02, 1.0, 'log2') -0.014815123714206296
(35, 24, 11, 0.1, 0.5, 'log2') -0.015117056856187305
(78, 50, 31, 0.02, 0.75, 'log2') -0.015493513818387055
(52, 28, 21, 0.04, 0.5, 'log2') -0.01554335585585587
(40, 27, 10, 0.04, 1.0, 'log2') -0.015671348314606773
(84, 26, 33, 0.02, 0.75, 'log2') -0.01572307692307693
(19, 43, 36, 0.08, 0.75, 'log2') -0.015797304884896123
(14, 39, 15, 0.06, 1.0, 'log2') -0.015897651006711398
(64, 50, 35, 0.1, 0.5, 'log2') -0.015899141036298324
(94, 32, 40, 0.04, 0.5, 'log2') -0.01607968793535805
(29, 31, 15, 0.06, 0.5, 'log2') -0.01622615039281709
(97, 48, 31, 0.1, 0.75, 'log2') -0.016321014892443482
(53, 40, 29, 0.1, 1.0, 'log2') -0.01635075041689833
(54, 50, 18, 0.04, 0.5, 'log2') -0.016385846672283093
(79, 26, 14, 0.02, 1.0, 'log2') -0.016504772599663157
(92, 26, 15, 0.02, 0.75, 'log2') -0.016648029074643703
(35, 48, None, 0.04, 0.75, 'log2') -0.01679696287964015
(17, 37, 33, 0.08, 1.0, 'log2') -0.016894045289348625
(56, 50, 15, 0.06, 0.75, 'log2') -0.01697680916457108
(17, 48, 23, 0.02, 0.5, 'log2') -0.01703263274336285
(78, 40, 14, 0.08, 1.0, 'log2') -0.01704703590314498
(49, 46, 13, 0.02, 1.0, 'log2') -0.017070224719101138
(49, 34, 30, 0.02, 0.75, 'log2') -0.017265124059102327
(20, 32, 20, 0.1, 0.75, 'log2') -0.017289641766176093
(58, 26, 27, 0.02, 0.75, 'log2') -0.01731309724564365
(83, 20, 23, 0.06, 1.0, 'log2') -0.01753675450762836
(61, 12, 25, 0.02, 0.5, 'log2') -0.018071208298289895
(56, 26, 30, 0.1, 0.5, 'log2') -0.018170563961485614
(20, 28, 20, 0.02, 0.75, 'log2') -0.018189368770764113
(17, 36, 38, 0.04, 0.75, 'log2') -0.018223152022315222
(47, 31, 35, 0.02, 1.0, 'log2') -0.01852546166759933
(70, 50, 18, 0.06, 0.5, 'log2') -0.018525641025641092
(59, 40, 28, 0.06, 1.0, 'log2') -0.018534482758620692
(59, 13, None, 0.02, 1.0, 'log2') -0.018742632612966686
(62, 35, 12, 0.02, 0.5, 'log2') -0.018857142857142836
(24, 5, 27, 0.04, 1.0, 'log2') -0.018961687951138284
(42, 7, 29, 0.06, 0.5, 'log2') -0.01898776418242495
(50, 14, 20, 0.02, 0.75, 'log2') -0.01913493840985446
(63, 8, 38, 0.04, 0.75, 'log2') -0.019173599556295075
(66, 10, 11, 0.04, 0.5, 'log2') -0.01921705210365007
(81, 8, 27, 0.08, 0.75, 'log2') -0.019223593964334762
(82, 29, 18, 0.04, 1.0, 'log2') -0.019330917201003685
(65, 34, 22, 0.04, 1.0, 'log2') -0.019336892385501514
(21, 30, 23, 0.1, 0.5, 'log2') -0.019377268919296455
(22, 45, 27, 0.04, 0.5, 'log2') -0.019401565995525696
(79, 12, 30, 0.08, 0.75, 'log2') -0.019434997257268296
(36, 8, 34, 0.02, 1.0, 'log2') -0.019454697986577195
(47, 48, 27, 0.04, 0.75, 'log2') -0.019455155071249033
(81, 36, 35, 0.08, 1.0, 'log2') -0.01947019867549674
(46, 18, 37, 0.04, 1.0, 'log2') -0.019596299411270092
(75, 21, 33, 0.08, 0.75, 'log2') -0.019610389610389717
(60, 40, 22, 0.06, 0.5, 'log2') -0.01961452513966492
(96, 32, 26, 0.1, 0.75, 'log2') -0.01965327462850855
(59, 33, 39, 0.06, 1.0, 'log2') -0.01966573816155992
(84, 39, 18, 0.04, 0.5, 'log2') -0.01968200836820088
(45, 12, 30, 0.02, 0.75, 'log2') -0.019748743718592997
(29, 47, 31, 0.02, 0.5, 'log2') -0.019897250763676783
(10, 26, 28, 0.04, 1.0, 'log2') -0.020063606194690286
(72, 21, 18, 0.1, 0.75, 'log2') -0.020353006067291738
(84, 48, 20, 0.08, 0.5, 'log2') -0.020404096318848586
(28, 41, 28, 0.1, 0.5, 'log2') -0.020522222222222254
(88, 48, 22, 0.02, 1.0, 'log2') -0.02055743243243253
(15, 6, 12, 0.02, 0.5, 'log2') -0.020699861687413584
(28, 17, 27, 0.1, 0.75, 'log2') -0.020876901798063667
(40, 20, 28, 0.08, 0.75, 'log2') -0.021024430871737936
(51, 49, 26, 0.04, 0.5, 'log2') -0.02105588317888233
(29, 39, 35, 0.04, 0.5, 'log2') -0.02109217877094974
(51, 5, 39, 0.02, 0.75, 'log2') -0.021277606933184263
(62, 36, 11, 0.08, 0.5, 'log2') -0.021425395943317646
(25, 28, 23, 0.04, 0.5, 'log2') -0.0216838871823514
(25, 28, 24, 0.1, 1.0, 'log2') -0.021826789195210413
(21, 29, 39, 0.02, 0.5, 'log2') -0.022230833102684783
(21, 29, 38, 0.02, 0.5, 'log2') -0.022230833102684783
(42, 12, 24, 0.1, 0.75, 'log2') -0.02231491712707194
(81, 39, 32, 0.04, 0.5, 'log2') -0.022409537166900393
(80, 50, 40, 0.06, 0.5, 'log2') -0.022449944382647524
(15, 43, 16, 0.08, 0.75, 'log2') -0.022463442069741456
(94, 21, 19, 0.06, 0.5, 'log2') -0.02253863134657836
(48, 34, 15, 0.06, 1.0, 'log2') -0.022731092436974878
(78, 25, 16, 0.04, 0.75, 'log2') -0.02273849607182938
(94, 37, 39, 0.08, 1.0, 'log2') -0.022781913427074748
(77, 28, 39, 0.02, 0.75, 'log2') -0.022875706214689408
(62, 19, 31, 0.08, 1.0, 'log2') -0.022907136952328447
(10, 32, 25, 0.08, 0.5, 'log2') -0.02292492324867433
(31, 39, 26, 0.06, 0.75, 'log2') -0.023033361368096434
(30, 17, 16, 0.1, 1.0, 'log2') -0.023325917686318125
(15, 48, 38, 0.04, 1.0, 'log2') -0.023730801452108354
(26, 12, 28, 0.08, 1.0, 'log2') -0.02374164810690432
(45, 15, 11, 0.08, 0.5, 'log2') -0.02392886913031404
(33, 19, 10, 0.08, 0.75, 'log2') -0.024035674470457062
(89, 40, 24, 0.08, 1.0, 'log2') -0.024061461794019925
(54, 49, 18, 0.06, 0.5, 'log2') -0.024168526785714368
(79, 40, 30, 0.02, 0.75, 'log2') -0.024175084175084155
(55, 28, 15, 0.08, 0.75, 'log2') -0.02427502079290267
(19, 7, 32, 0.04, 0.75, 'log2') -0.024426822481914304
(11, 11, 30, 0.06, 1.0, 'log2') -0.024460935312237538
(75, 39, 26, 0.04, 0.75, 'log2') -0.024675034867503647
(18, 29, 21, 0.06, 0.75, 'log2') -0.02468478565424486
(41, 8, 25, 0.06, 1.0, 'log2') -0.024849749582637744
(83, 4, 22, 0.04, 0.5, 'log2') -0.025204307012700166
(79, 9, 28, 0.06, 0.5, 'log2') -0.02530077262693159
(79, 31, 30, 0.04, 1.0, 'log2') -0.0253262391486979
(24, 3, 17, 0.02, 0.5, 'log2') -0.02537735849056605
(77, 5, 25, 0.08, 0.75, 'log2') -0.02551165980795613
(86, 28, 35, 0.1, 1.0, 'log2') -0.025592755214050567
(37, 38, 37, 0.04, 0.5, 'log2') -0.02581863979848877
(75, 32, 23, 0.08, 0.5, 'log2') -0.025864265927977782
(77, 24, 22, 0.06, 1.0, 'log2') -0.02597838137472287
(75, 48, 17, 0.04, 0.5, 'log2') -0.02598881118881138
(37, 46, 34, 0.1, 1.0, 'log2') -0.02611512791991103
(41, 34, 11, 0.02, 0.75, 'log2') -0.026157070989379527
(89, 22, 34, 0.06, 0.5, 'log2') -0.026450540315876948
(93, 49, 32, 0.02, 1.0, 'log2') -0.026479909451047053
(10, 10, 15, 0.1, 1.0, 'log2') -0.026502930505163252
(91, 25, 23, 0.08, 1.0, 'log2') -0.026504827586206918
(29, 6, 36, 0.06, 1.0, 'log2') -0.026528396436525752
(17, 35, 13, 0.1, 0.5, 'log2') -0.026570386988222092
(90, 30, 15, 0.04, 0.75, 'log2') -0.026607192640089358
(79, 38, 30, 0.02, 1.0, 'log2') -0.026627318718381088
(43, 34, 13, 0.08, 0.75, 'log2') -0.02666666666666666
(65, 46, 18, 0.1, 0.75, 'log2') -0.02667314634823653
(11, 33, 24, 0.06, 1.0, 'log2') -0.0268744734625106
(43, 27, 25, 0.1, 0.75, 'log2') -0.02699056079955574
(59, 14, 31, 0.04, 0.5, 'log2') -0.027048175995544554
(37, 30, 34, 0.1, 0.5, 'log2') -0.027062898309781272
(53, 6, 18, 0.04, 0.75, 'log2') -0.027066184649610737
(83, 9, None, 0.1, 0.5, 'log2') -0.02709871479354668
(80, 8, 14, 0.02, 1.0, 'log2') -0.0272722143864599
(36, 45, 29, 0.06, 1.0, 'log2') -0.02742343354874975
(38, 5, 31, 0.04, 0.5, 'log2') -0.02760978321289605
(46, 40, 24, 0.08, 0.5, 'log2') -0.02793912314995811
(85, 36, 13, 0.08, 0.5, 'log2') -0.027982310668877894
(65, 11, 34, 0.06, 0.75, 'log2') -0.02808982533961747
(18, 36, 23, 0.08, 0.5, 'log2') -0.028201338538762034
(65, 33, None, 0.08, 1.0, 'log2') -0.02823123620309048
(96, 8, 25, 0.04, 0.75, 'log2') -0.028370226895406702
(70, 44, 29, 0.06, 0.75, 'log2') -0.028447170337329228
(63, 15, 27, 0.08, 0.5, 'log2') -0.02859624931053511
(35, 30, 26, 0.1, 0.75, 'log2') -0.02875624652970575
(39, 47, 23, 0.06, 0.75, 'log2') -0.028815642458100654
(30, 50, 22, 0.06, 1.0, 'log2') -0.02900028161081387
(71, 20, 35, 0.06, 1.0, 'log2') -0.02908764169200997
(56, 12, 31, 0.1, 0.5, 'log2') -0.029103695532266986
(83, 32, 26, 0.06, 1.0, 'log2') -0.02958321756043343
(54, 9, 38, 0.04, 0.75, 'log2') -0.029691837867851126
(30, 19, 16, 0.08, 1.0, 'log2') -0.029863013698630196
(25, 24, 31, 0.08, 0.75, 'log2') -0.030024993057484187
(59, 5, 17, 0.04, 0.75, 'log2') -0.03022365110427737
(69, 46, 16, 0.08, 0.75, 'log2') -0.03039210233592886
(83, 25, 34, 0.02, 0.75, 'log2') -0.03058576233183847
(41, 27, 29, 0.04, 1.0, 'log2') -0.03063407821229063
(71, 32, 14, 0.02, 0.75, 'log2') -0.030656934306569315
(56, 9, 34, 0.1, 0.5, 'log2') -0.030704845814977903
(33, 24, 32, 0.06, 1.0, 'log2') -0.030705915178571363
(30, 16, 19, 0.08, 1.0, 'log2') -0.03087175188600179
(84, 45, 36, 0.06, 0.5, 'log2') -0.03089494163424128
(54, 48, 33, 0.04, 0.5, 'log2') -0.030955861681192007
(13, 4, 38, 0.08, 1.0, 'log2') -0.031194236630645678
(76, 36, 25, 0.06, 1.0, 'log2') -0.031198335644937562
(23, 11, 35, 0.1, 0.75, 'log2') -0.03132148806218773
(24, 25, 27, 0.08, 0.5, 'log2') -0.031430555555555593
(30, 35, 13, 0.08, 0.75, 'log2') -0.031506428172163405
(55, 38, 27, 0.1, 0.75, 'log2') -0.03171753607103223
(62, 16, 34, 0.04, 0.5, 'log2') -0.0318082727780882
(59, 19, 13, 0.1, 0.5, 'log2') -0.031999447666390436
(11, 37, 26, 0.1, 0.75, 'log2') -0.03216057987175907
(60, 17, 39, 0.1, 0.5, 'log2') -0.032273980154354995
(95, 36, 35, 0.08, 0.5, 'log2') -0.03246001103143956
(70, 19, 12, 0.04, 1.0, 'log2') -0.03257847533632295
(71, 30, 27, 0.08, 0.75, 'log2') -0.03280696902654866
(76, 9, 29, 0.04, 0.5, 'log2') -0.03294590846047168
(84, 27, 39, 0.06, 0.75, 'log2') -0.03300637295649756
(92, 37, 26, 0.06, 1.0, 'log2') -0.033350901525658797
(91, 32, 36, 0.08, 0.5, 'log2') -0.033422651933701586
(30, 41, 19, 0.08, 1.0, 'log2') -0.03344089012517386
(57, 14, 13, 0.1, 1.0, 'log2') -0.03345706371191128
(95, 18, 27, 0.06, 1.0, 'log2') -0.033899752134398234
(88, 5, 19, 0.02, 1.0, 'log2') -0.03397378694924711
(19, 26, 37, 0.08, 1.0, 'log2') -0.03414914493972538
(56, 17, 29, 0.1, 0.75, 'log2') -0.03422896551724145
(60, 49, 14, 0.1, 1.0, 'log2') -0.03423653525818988
(79, 12, 22, 0.02, 0.5, 'log2') -0.03430400890868605
(69, 24, 20, 0.04, 0.5, 'log2') -0.03440866185452544
(32, 6, 17, 0.04, 1.0, 'log2') -0.0344099552572708
(93, 50, 10, 0.1, 0.5, 'log2') -0.03453613957352535
(25, 25, 35, 0.06, 0.5, 'log2') -0.03459792659008138
(67, 34, 11, 0.06, 0.5, 'log2') -0.03464914733016503
(57, 11, 12, 0.06, 1.0, 'log2') -0.03472616068946347
(70, 10, 35, 0.04, 0.5, 'log2') -0.03484621778886106
(76, 14, 39, 0.1, 1.0, 'log2') -0.03490953947368422
(66, 10, 19, 0.02, 0.5, 'log2') -0.03504333240145374
(51, 31, 34, 0.04, 0.5, 'log2') -0.03507014590347944
(22, 15, 38, 0.08, 0.5, 'log2') -0.03510845383759725
(87, 9, 21, 0.06, 0.75, 'log2') -0.03512757201646091
(16, 8, 24, 0.04, 0.5, 'log2') -0.03548207835509858
(55, 23, 36, 0.08, 1.0, 'log2') -0.035531914893617
(67, 15, 14, 0.1, 1.0, 'log2') -0.0355616892078388
(68, 47, 25, 0.08, 0.75, 'log2') -0.035682196339434244
(25, 7, 40, 0.1, 0.75, 'log2') -0.035718612334801725
(74, 7, 10, 0.1, 0.5, 'log2') -0.03574944690265479
(16, 25, 11, 0.1, 0.75, 'log2') -0.03611781206171108
(15, 49, 37, 0.08, 0.5, 'log2') -0.03617638771484934
(10, 14, 19, 0.1, 1.0, 'log2') -0.036278488048916036
(21, 22, 27, 0.08, 1.0, 'log2') -0.03630083565459612
(52, 27, 16, 0.02, 0.5, 'log2') -0.03641551869552991
(66, 27, 31, 0.06, 1.0, 'log2') -0.036535148652403336
(80, 31, 34, 0.06, 0.5, 'log2') -0.03654495159059469
(96, 29, 17, 0.04, 0.5, 'log2') -0.037362698633955846
(83, 3, 35, 0.1, 1.0, 'log2') -0.038082378614293505
(19, 15, None, 0.1, 1.0, 'log2') -0.03813021702838063
(69, 38, 37, 0.06, 0.5, 'log2') -0.03870463428252361
(31, 5, 15, 0.08, 1.0, 'log2') -0.03937952142459656
(64, 15, 18, 0.1, 1.0, 'log2') -0.03948109301683682
(52, 42, 20, 0.06, 0.75, 'log2') -0.03967624895339103
(38, 21, 34, 0.08, 1.0, 'log2') -0.03975663716814146
(34, 50, 38, 0.1, 0.5, 'log2') -0.040080533185226315
(63, 37, 21, 0.06, 1.0, 'log2') -0.04040645879732739
(85, 41, 24, 0.1, 0.5, 'log2') -0.04045027624309388
(60, 45, 25, 0.06, 1.0, 'log2') -0.040451630889322555
(55, 28, 28, 0.08, 0.5, 'log2') -0.04063399778516059
(45, 5, 13, 0.04, 0.5, 'log2') -0.04082333240301415
(75, 5, None, 0.1, 1.0, 'log2') -0.04141803278688517
(45, 16, 25, 0.1, 0.5, 'log2') -0.041532947339398954
(13, 9, 15, 0.08, 0.75, 'log2') -0.04155518394648839
(46, 3, 22, 0.08, 0.75, 'log2') -0.041681780708985885
(33, 8, 16, 0.1, 1.0, 'log2') -0.04172279432229339
(24, 20, 32, 0.08, 1.0, 'log2') -0.0420016703786191
(65, 39, 15, 0.1, 0.5, 'log2') -0.04236820314656366
(52, 12, 24, 0.06, 0.75, 'log2') -0.0424888888888888
(12, 7, 24, 0.08, 0.75, 'log2') -0.0425415282392027
(73, 44, 19, 0.06, 1.0, 'log2') -0.042729549248747896
(53, 28, 22, 0.04, 0.75, 'log2') -0.04307498601007275
(60, 11, 33, 0.06, 0.5, 'log2') -0.04308054248546905
(23, 21, 34, 0.08, 1.0, 'log2') -0.04354507628294035
(23, 22, 37, 0.1, 0.75, 'log2') -0.04387294511005856
(46, 24, 15, 0.08, 0.5, 'log2') -0.04401112656467302
(40, 35, 34, 0.1, 0.75, 'log2') -0.04408587257617734
(47, 16, 29, 0.04, 0.5, 'log2') -0.044189866369710555
(60, 6, 23, 0.06, 0.5, 'log2') -0.04422013274336269
(30, 4, 27, 0.1, 0.5, 'log2') -0.04454470426409891
(12, 14, 28, 0.08, 1.0, 'log2') -0.044704241071428556
(73, 29, 31, 0.08, 0.5, 'log2') -0.04490352811466359
(88, 43, 11, 0.1, 1.0, 'log2') -0.04509015256588071
(39, 7, 17, 0.06, 0.75, 'log2') -0.04531388888888883
(79, 7, 37, 0.04, 0.75, 'log2') -0.04543315804040939
(16, 8, 19, 0.08, 0.5, 'log2') -0.04632020117351209
(49, 13, 25, 0.1, 1.0, 'log2') -0.04704275862068948
(91, 39, 17, 0.1, 1.0, 'log2') -0.047122381477397925
(94, 10, 18, 0.06, 0.5, 'log2') -0.047464943634863775
(45, 41, 37, 0.06, 0.75, 'log2') -0.04779821627647711
(43, 44, 37, 0.1, 0.75, 'log2') -0.047825366123238566
(51, 35, 28, 0.08, 1.0, 'log2') -0.047922906267332074
(88, 26, 39, 0.08, 1.0, 'log2') -0.04841147269718698
(90, 5, 33, 0.1, 0.5, 'log2') -0.04866684916506968
(69, 6, 35, 0.08, 1.0, 'log2') -0.0490597587719297
(38, 49, 23, 0.1, 0.75, 'log2') -0.0491148723640399
(53, 33, 23, 0.08, 0.5, 'log2') -0.04925249169435213
(66, 7, 25, 0.06, 1.0, 'log2') -0.04928256070640173
(89, 32, 24, 0.08, 1.0, 'log2') -0.0499972406181015
(42, 10, 20, 0.08, 0.5, 'log2') -0.05019618679193148
(65, 30, 15, 0.1, 0.75, 'log2') -0.05029346622369868
(99, 7, 28, 0.04, 0.75, 'log2') -0.05058206896551707
(92, 17, 36, 0.06, 0.75, 'log2') -0.05069079856313878
(34, 3, 16, 0.1, 0.75, 'log2') -0.0508740005514198
(78, 23, 33, 0.08, 0.5, 'log2') -0.051184101573281716
(60, 8, 19, 0.08, 0.5, 'log2') -0.05142384105960264
(35, 11, 23, 0.06, 1.0, 'log2') -0.05202729044834313
(93, 4, 26, 0.02, 1.0, 'log2') -0.05294380766005022
(99, 46, 39, 0.1, 0.5, 'log2') -0.053215859030837
(73, 41, 16, 0.06, 0.5, 'log2') -0.053594880356149094
(41, 35, 21, 0.1, 1.0, 'log2') -0.05439490445859872
(75, 28, 11, 0.08, 1.0, 'log2') -0.054522417153996076
(31, 14, 10, 0.08, 1.0, 'log2') -0.05473169368362211
(48, 32, 25, 0.1, 0.5, 'log2') -0.05481871021311927
(85, 13, 21, 0.08, 0.5, 'log2') -0.05502337091009056
(62, 7, 34, 0.04, 0.75, 'log2') -0.055115502365711035
(97, 39, 30, 0.1, 1.0, 'log2') -0.05526721763085382
(95, 14, 36, 0.1, 1.0, 'log2') -0.05543739748496425
(78, 6, 16, 0.08, 0.75, 'log2') -0.05569188445667107
(70, 34, 15, 0.06, 0.75, 'log2') -0.0557230255839822
(75, 31, 25, 0.1, 1.0, 'log2') -0.05588995873452534
(99, 12, 18, 0.1, 0.5, 'log2') -0.05627843244724574
(27, 21, None, 0.1, 0.5, 'log2') -0.0573624550732652
(97, 17, 19, 0.08, 1.0, 'log2') -0.05758830022075034
(58, 42, 39, 0.08, 0.5, 'log2') -0.057949500554938936
(59, 16, 32, 0.08, 1.0, 'log2') -0.058098922354241384
(89, 4, 29, 0.1, 0.5, 'log2') -0.05889647637257556
(16, 35, 35, 0.1, 0.5, 'log2') -0.05964325529542907
(81, 4, 30, 0.08, 0.75, 'log2') -0.059901666211417445
(98, 35, 40, 0.06, 0.75, 'log2') -0.05991133277916308
(95, 22, 30, 0.06, 0.75, 'log2') -0.061195472114853676
(52, 13, 31, 0.1, 0.5, 'log2') -0.06142542045767861
(65, 9, 25, 0.08, 0.5, 'log2') -0.06157068062827212
(31, 21, 21, 0.06, 0.5, 'log2') -0.062461624337147546
(93, 17, 21, 0.08, 1.0, 'log2') -0.06325715859030823
(69, 34, 26, 0.08, 0.5, 'log2') -0.06327800829875507
(15, 13, 39, 0.06, 0.5, 'log2') -0.06391861761426984
(83, 35, 22, 0.08, 1.0, 'log2') -0.06440729483282663
(43, 3, 19, 0.1, 0.75, 'log2') -0.06468758601706565
(27, 12, None, 0.08, 1.0, 'log2') -0.06512763596004441
(72, 6, 18, 0.06, 0.75, 'log2') -0.06528923332410737
(89, 6, 38, 0.04, 0.5, 'log2') -0.06577974054650824
(90, 12, 33, 0.1, 0.5, 'log2') -0.06694650205761306
(43, 29, 24, 0.1, 0.5, 'log2') -0.069075
(96, 3, 28, 0.04, 1.0, 'log2') -0.07086164043082005
(76, 13, 26, 0.08, 1.0, 'log2') -0.07222405725295891
(44, 3, 26, 0.1, 0.5, 'log2') -0.0732804811372337
(96, 5, 23, 0.06, 1.0, 'log2') -0.0743729463307776
(76, 17, 29, 0.08, 1.0, 'log2') -0.07549462661890337
(87, 3, 35, 0.04, 0.5, 'log2') -0.07593758630212641
(55, 33, 37, 0.08, 0.5, 'log2') -0.0763904338153504
(65, 29, 27, 0.1, 1.0, 'log2') -0.07716380741560593
(63, 14, 26, 0.1, 1.0, 'log2') -0.07951648351648348
(96, 7, 16, 0.06, 1.0, 'log2') -0.08629547960308712

