('our_tree', 6, 22, 18, 0.1, 0.8) 0.0018494271685761067
('our_tree', 29, 11, 27, 0.06, 0.6) -0.001039847161572052
('our_tree', 29, 23, 20, 0.08, 0.2) -0.004002181025081813
('our_tree', 17, 42, 11, 0.1, 0.5) -0.004767093435031336
('our_tree', 16, 24, 10, 0.02, 0.5) -0.005008183306055649
('our_tree', 17, 24, 32, 0.08, 0.2) -0.006445536445536432
('our_tree', 18, 15, 15, 0.04, 0.7) -0.007840196345786747
('our_tree', 20, 42, 16, 0.06, 0.8) -0.007938369239160078
('our_tree', 10, 39, 38, 0.06, 0.5) -0.008196676654862439
('our_tree', 10, 25, 20, 0.01, 1.0) -0.008794655031360782
('our_tree', 11, 44, 25, 0.01, 0.5) -0.00939749182115593
('our_tree', 17, 21, 36, 0.05, 0.4) -0.00997272231314785
('our_tree', 8, 41, 12, 0.07, 0.5) -0.01019361876193074
('our_tree', 24, 29, 35, 0.08, 0.8) -0.010332515671845179
('our_tree', 15, 31, 10, 0.01, 0.8) -0.010896946564885508
('our_tree', 12, 32, 25, 0.03, 0.5) -0.010917030567685615
('our_tree', 21, 42, 36, 0.04, 0.5) -0.011836512261580402
('our_tree', 16, 16, 14, 0.04, 1.0) -0.012084015275504668
('our_tree', 29, 40, 23, 0.08, 0.3) -0.012892944701716147
('our_tree', 24, 15, 19, 0.03, 0.3) -0.012953678474114445
('our_tree', 21, 10, 38, 0.03, 0.7) -0.01316434995911696
('our_tree', 14, 37, 11, 0.04, 0.9) -0.013293315143246987
('our_tree', 18, 26, 12, 0.01, 0.5) -0.013547859285519518
('our_tree', 21, 15, 22, 0.04, 0.8) -0.013751023751023776
('our_tree', 22, 31, 10, 0.08, 0.2) -0.014020759355367396
('our_tree', 24, 30, 39, 0.05, 0.1) -0.01416734805124015
('our_tree', 5, 34, 12, 0.07, 0.2) -0.014434450804033818
('our_tree', 22, 27, 17, 0.08, 0.8) -0.014869209809264313
('our_tree', 10, 27, 10, 0.05, 0.5) -0.015360262008733637
('our_tree', 23, 29, 31, 0.05, 0.5) -0.01539847161572053
('our_tree', 5, 15, 37, 0.03, 0.3) -0.01561546840958607
('our_tree', 16, 44, 19, 0.07, 0.3) -0.01563318777292582
('our_tree', 21, 33, 23, 0.07, 0.6) -0.016281036834924982
('our_tree', 24, 22, 16, 0.06, 0.4) -0.01637700898937619
('our_tree', 28, 13, 40, 0.02, 0.3) -0.016486338797814214
('our_tree', 11, 37, 27, 0.01, 0.4) -0.01683478735005455
('our_tree', 12, 19, 31, 0.1, 0.9) -0.016912165848336057
('our_tree', 15, 37, 23, 0.02, 0.9) -0.017256613035178666
('our_tree', 18, 27, 14, 0.08, 0.1) -0.01733242506811991
('our_tree', 12, 32, 16, 0.01, 0.7) -0.017358953393295223
('our_tree', 19, 18, 21, 0.06, 0.4) -0.01780900409276945
('our_tree', 20, 39, 12, 0.05, 0.5) -0.01811341330425301
('our_tree', 19, 26, 13, 0.06, 0.9) -0.01826655764513493
('our_tree', 10, 40, 26, 0.02, 0.2) -0.018284313725490227
('our_tree', 16, 22, 17, 0.01, 0.9) -0.018386481330062734
('our_tree', 5, 21, 14, 0.08, 0.8) -0.01842923370602675
('our_tree', 20, 27, 15, 0.05, 0.1) -0.018595199127114045
('our_tree', 27, 22, 18, 0.02, 0.3) -0.019093886462882136
('our_tree', 23, 23, 26, 0.08, 0.2) -0.019268957992362265
('our_tree', 13, 18, 18, 0.08, 0.7) -0.019452166802943576
('our_tree', 18, 17, 23, 0.02, 1.0) -0.0199454595036815
('our_tree', 19, 49, 12, 0.07, 0.2) -0.019961821652577063
('our_tree', 14, 39, 28, 0.05, 0.4) -0.02017448200654311
('our_tree', 18, 39, 40, 0.05, 0.7) -0.020493995633187802
('our_tree', 11, 35, 34, 0.05, 0.7) -0.020872647941096285
('our_tree', 9, 27, 12, 0.02, 0.7) -0.021114441416893767
('our_tree', 10, 38, 16, 0.05, 0.4) -0.02143402399127591
('our_tree', 16, 19, 27, 0.08, 0.7) -0.02173628173628173
('our_tree', 28, 45, 17, 0.04, 0.4) -0.021773841961852877
('our_tree', 11, 26, 27, 0.07, 0.9) -0.021822149481723972
('our_tree', 27, 17, 32, 0.04, 0.7) -0.022184942716857614
('our_tree', 19, 46, 38, 0.08, 0.7) -0.022213427947598275
('our_tree', 16, 34, 27, 0.06, 0.4) -0.02253336965404521
('our_tree', 22, 26, 16, 0.04, 0.4) -0.022578444747612596
('our_tree', 18, 35, 16, 0.05, 0.6) -0.02257906215921484
('our_tree', 26, 39, 26, 0.04, 0.3) -0.022629427792915546
('our_tree', 13, 45, 40, 0.04, 0.6) -0.022733224222585918
('our_tree', 15, 39, 10, 0.06, 0.1) -0.022772331154684116
('our_tree', 5, 36, 17, 0.04, 0.1) -0.023683060109289663
('our_tree', 13, 33, 23, 0.1, 0.9) -0.02377553800054482
('our_tree', 5, 41, 25, 0.08, 0.6) -0.02386103542234334
('our_tree', 21, 45, 15, 0.04, 0.6) -0.023996728462377322
('our_tree', 9, 23, 12, 0.08, 0.4) -0.024127589967284636
('our_tree', 29, 27, 14, 0.04, 0.9) -0.024319607308426527
('our_tree', 23, 19, 35, 0.03, 0.6) -0.024762813522355515
('our_tree', 22, 24, 34, 0.06, 0.9) -0.024797924631349038
('our_tree', 5, 49, 26, 0.03, 0.5) -0.02537077426390404
('our_tree', 18, 34, 24, 0.07, 0.9) -0.025658469945355197
('our_tree', 25, 41, 29, 0.08, 0.3) -0.02662033251567185
('our_tree', 19, 10, 14, 0.08, 0.1) -0.026635768811341314
('our_tree', 24, 47, 17, 0.04, 0.2) -0.027031377899045052
('our_tree', 26, 36, 16, 0.04, 0.1) -0.027253136933988006
('our_tree', 19, 13, 14, 0.06, 0.7) -0.027556585764930464
('our_tree', 12, 44, 12, 0.07, 0.7) -0.027891008174386937
('our_tree', 6, 40, 27, 0.06, 0.4) -0.028103542234332434
('our_tree', 25, 31, 12, 0.05, 0.7) -0.028523471615720546
('our_tree', 22, 34, 17, 0.07, 0.2) -0.029817139737991313
('our_tree', 12, 10, 11, 0.02, 0.1) -0.0298909487459106
('our_tree', 15, 11, 11, 0.06, 0.6) -0.030076294277929176
('our_tree', 14, 10, 36, 0.04, 0.7) -0.03150640152546991
('our_tree', 29, 33, 28, 0.04, 0.1) -0.03439934622718609
('our_tree', 26, 44, 15, 0.06, 1.0) -0.03491812227074234
('our_tree', 16, 42, 28, 0.03, 0.7) -0.03554555373704307
('our_tree', 19, 27, 33, 0.06, 0.3) -0.035776990185387096
('our_tree', 24, 17, 39, 0.03, 0.6) -0.03652138381912282
('our_tree', 16, 17, 26, 0.06, 0.6) -0.0381565312244341
('our_tree', 28, 19, 14, 0.08, 0.1) -0.041136549468519995
('our_tree', 27, 37, 21, 0.04, 0.7) -0.04247543668122267
('our_tree', 22, 42, 40, 0.05, 0.7) -0.04345231607629425
('our_tree', 10, 39, 38, 0.08, 0.4) -0.04597707423580781