none:
(55, 20, 36, 0.1, 0.75, 'log2') 0.005415273132664427
(53, 16, 37, 0.08, 0.75, 'log2') 0.004273696017947278
(94, 34, 28, 0.1, 0.75, 'log2') 0.004084585420144659
(74, 27, 14, 0.08, 1.0, 'log2') -0.0006375176304654778
(67, 37, 31, 0.08, 0.5, 'log2') -0.01119255709049901
(38, 11, 27, 0.1, 0.5, 'log2') -0.0124583795782464
(78, 32, 34, 0.06, 0.5, 'log2') -0.0128005657708628
(37, 5, 34, 0.1, 0.75, 'log2') -0.01405158069883532
(63, 43, 16, 0.06, 0.5, 'log2') -0.01575157773952952
(37, 4, 40, 0.06, 0.5, 'log2') -0.01604917574741549
(92, 49, 11, 0.1, 0.5, 'log2') -0.01675728699551571
(75, 3, 31, 0.08, 0.75, 'log2') -0.017470572132493877
(47, 19, 39, 0.1, 1.0, 'log2') -0.019015890716476202
(76, 30, None, 0.1, 0.5, 'log2') -0.01968854282536152
(53, 36, 14, 0.08, 1.0, 'log2') -0.021146010186757224
(52, 27, 18, 0.06, 1.0, 'log2') -0.021420842824601473
(57, 18, 31, 0.08, 0.5, 'log2') -0.022389107243121806
(30, 37, 11, 0.1, 1.0, 'log2') -0.023086419753086448
(78, 46, 17, 0.08, 1.0, 'log2') -0.023210777434746005
(65, 20, 34, 0.08, 0.75, 'log2') -0.02359788359788359
(33, 30, 38, 0.1, 0.5, 'log2') -0.024082607474009525
(79, 12, 22, 0.08, 0.75, 'log2') -0.02454520320707762
(67, 15, 21, 0.06, 0.5, 'log2') -0.02495928110081431
(57, 39, 40, 0.08, 1.0, 'log2') -0.025427362482369487
(53, 17, 26, 0.1, 1.0, 'log2') -0.025864849833147952
(56, 39, 40, 0.1, 0.5, 'log2') -0.02589729277142056
(84, 20, 26, 0.04, 0.75, 'log2') -0.02697845804988666
(81, 12, 31, 0.04, 0.5, 'log2') -0.028076490438695118
(48, 37, 13, 0.08, 1.0, 'log2') -0.028097154354699626
(78, 43, 33, 0.1, 0.5, 'log2') -0.028497902097902112
(36, 7, 38, 0.1, 0.5, 'log2') -0.028547175062621732
(97, 26, 38, 0.08, 1.0, 'log2') -0.028857853982300907
(88, 14, 25, 0.04, 1.0, 'log2') -0.029717274526434814
(40, 31, 25, 0.1, 0.5, 'log2') -0.02996332863187577
(62, 40, 27, 0.08, 0.5, 'log2') -0.03064880112834984
(90, 33, 12, 0.04, 0.5, 'log2') -0.031167439165701007
(65, 33, 17, 0.1, 0.75, 'log2') -0.031198764738910714
(43, 43, 31, 0.1, 1.0, 'log2') -0.03211132977227995
(85, 44, 15, 0.1, 0.5, 'log2') -0.03234816680660508
(93, 9, 40, 0.08, 0.75, 'log2') -0.032988410596026495
(64, 37, 31, 0.06, 1.0, 'log2') -0.033032879818594076
(94, 3, 19, 0.08, 0.5, 'log2') -0.03310666301069367
(88, 10, 36, 0.08, 0.75, 'log2') -0.03364718914428124
(54, 46, 16, 0.08, 0.75, 'log2') -0.033745361119040806
(82, 25, 36, 0.08, 0.75, 'log2') -0.033803442531926645
(93, 25, 10, 0.1, 1.0, 'log2') -0.03399774457287846
(49, 7, 13, 0.1, 1.0, 'log2') -0.03434528773978311
(90, 9, None, 0.08, 1.0, 'log2') -0.03522988505747124
(39, 6, 14, 0.06, 0.75, 'log2') -0.03626865671641796
(98, 27, 20, 0.06, 0.75, 'log2') -0.036455234353073275
(70, 38, 11, 0.1, 0.75, 'log2') -0.03678621858232137
(91, 35, 38, 0.1, 1.0, 'log2') -0.03705669816564753
(33, 35, 18, 0.06, 0.75, 'log2') -0.037069063926940725
(38, 34, 20, 0.06, 0.5, 'log2') -0.037089615931721186
(80, 33, 17, 0.08, 0.5, 'log2') -0.03713843556555986
(86, 39, 20, 0.06, 0.5, 'log2') -0.0372660238230289
(77, 7, 25, 0.08, 0.75, 'log2') -0.03732417582417577
(64, 17, 19, 0.1, 0.5, 'log2') -0.03733814948596828
(42, 13, 39, 0.08, 0.75, 'log2') -0.03743919485602473
(87, 22, 27, 0.06, 1.0, 'log2') -0.03764082543223632
(35, 20, 26, 0.06, 0.75, 'log2') -0.037872099603848366
(80, 21, 18, 0.04, 0.75, 'log2') -0.038057370065322504
(48, 39, 16, 0.1, 0.75, 'log2') -0.038102333427045394
(96, 11, 31, 0.06, 0.5, 'log2') -0.03815687361419066
(32, 50, 22, 0.1, 0.75, 'log2') -0.03831441543700342
(42, 30, 15, 0.1, 1.0, 'log2') -0.038628506659110266
(65, 19, 27, 0.06, 1.0, 'log2') -0.03874717832957107
(66, 13, 21, 0.06, 0.75, 'log2') -0.039220779220779066
(64, 11, 14, 0.1, 0.75, 'log2') -0.03927100723427923
(33, 5, 27, 0.08, 0.5, 'log2') -0.03928115459339447
(56, 33, 29, 0.1, 1.0, 'log2') -0.03938638274026329
(73, 43, 29, 0.1, 1.0, 'log2') -0.039587398940618836
(42, 31, 39, 0.1, 1.0, 'log2') -0.03960214446952582
(64, 49, 37, 0.1, 1.0, 'log2') -0.03966001685866816
(42, 13, 23, 0.06, 0.75, 'log2') -0.03969326895768243
(52, 20, 19, 0.06, 0.75, 'log2') -0.0397911374541349
(75, 33, 38, 0.08, 1.0, 'log2') -0.040288515406162385
(98, 40, 11, 0.06, 1.0, 'log2') -0.04030486051193553
(64, 9, 30, 0.1, 0.5, 'log2') -0.040492977141283366
(52, 47, 31, 0.08, 0.5, 'log2') -0.04056924384027186
(97, 45, 17, 0.04, 1.0, 'log2') -0.040971181556195946
(80, 26, 25, 0.1, 0.75, 'log2') -0.040985643290999484
(50, 18, 16, 0.08, 1.0, 'log2') -0.04107062146892642
(54, 42, 11, 0.1, 0.5, 'log2') -0.041161016949152585
(26, 19, 40, 0.1, 0.5, 'log2') -0.041193021947101845
(69, 22, 35, 0.08, 1.0, 'log2') -0.04122630992196194
(45, 20, 22, 0.08, 1.0, 'log2') -0.04200453643322925
(79, 29, 27, 0.06, 1.0, 'log2') -0.04211500701262264
(80, 49, 20, 0.08, 0.5, 'log2') -0.042617977528089816
(41, 38, 21, 0.1, 0.5, 'log2') -0.04265765765765772
(40, 22, 33, 0.06, 0.5, 'log2') -0.04350887074063649
(78, 15, 10, 0.04, 1.0, 'log2') -0.04382758620689654
(73, 29, 31, 0.06, 0.5, 'log2') -0.04397240990990987
(22, 3, 27, 0.08, 0.75, 'log2') -0.04410734149054501
(36, 48, 16, 0.1, 1.0, 'log2') -0.04425968109339397
(97, 48, 15, 0.04, 1.0, 'log2') -0.044366399082568786
(95, 49, 12, 0.1, 1.0, 'log2') -0.04446874123913653
(76, 37, 32, 0.08, 1.0, 'log2') -0.044700139470013917
(93, 42, 29, 0.08, 0.75, 'log2') -0.044724233983286885
(42, 18, 12, 0.08, 0.75, 'log2') -0.04498450267681034
(90, 14, 24, 0.06, 0.5, 'log2') -0.04499304976369185
(83, 21, 33, 0.1, 0.75, 'log2') -0.04534568584070785
(73, 4, 22, 0.06, 0.75, 'log2') -0.04539528432732298
(97, 7, 10, 0.06, 0.5, 'log2') -0.0458074447243213
(59, 50, 20, 0.06, 0.5, 'log2') -0.04586704384724185
(81, 34, 29, 0.1, 1.0, 'log2') -0.04602830974188167
(58, 4, 22, 0.08, 0.5, 'log2') -0.046186791931472605
(18, 4, 10, 0.08, 0.5, 'log2') -0.04619598983338032
(91, 23, 34, 0.1, 1.0, 'log2') -0.046408702836684114
(98, 26, 24, 0.06, 0.5, 'log2') -0.04775953242415795
(91, 11, 29, 0.04, 1.0, 'log2') -0.04776500280426235
(48, 25, 40, 0.08, 0.5, 'log2') -0.04783653846153852
(30, 39, 25, 0.08, 0.5, 'log2') -0.048330971946727135
(82, 13, 38, 0.06, 0.5, 'log2') -0.048434004474272825
(80, 43, 17, 0.1, 0.75, 'log2') -0.04864630044843045
(92, 3, 33, 0.04, 0.5, 'log2') -0.04876423215773384
(80, 17, 22, 0.06, 0.75, 'log2') -0.0488502523836231
(63, 36, 29, 0.06, 1.0, 'log2') -0.04913043478260861
(27, 44, 12, 0.1, 0.75, 'log2') -0.04944948921679907
(87, 36, 40, 0.06, 1.0, 'log2') -0.04963825014021308
(52, 11, 21, 0.06, 1.0, 'log2') -0.049640550407188865
(46, 27, 17, 0.08, 0.5, 'log2') -0.049926719278466695
(76, 22, 33, 0.1, 0.75, 'log2') -0.04999170812603641
(27, 7, 24, 0.06, 0.5, 'log2') -0.05013775653640717
(87, 46, 10, 0.04, 1.0, 'log2') -0.050335081585081494
(44, 35, 37, 0.1, 0.5, 'log2') -0.05061922107032781
(49, 45, 29, 0.08, 0.5, 'log2') -0.05062695924764881
(47, 10, 26, 0.08, 0.75, 'log2') -0.05077821011673143
(80, 21, 29, 0.08, 0.75, 'log2') -0.05096522948539635
(36, 26, 21, 0.06, 0.5, 'log2') -0.05097665148063786
(92, 46, 27, 0.06, 1.0, 'log2') -0.050999153259949075
(73, 10, 18, 0.06, 1.0, 'log2') -0.0510751186819323
(76, 48, 35, 0.04, 1.0, 'log2') -0.051164324634356245
(38, 32, 23, 0.08, 0.75, 'log2') -0.05150895140664966
(65, 43, 33, 0.06, 0.75, 'log2') -0.05157924743443561
(69, 25, 15, 0.04, 1.0, 'log2') -0.05164426651415501
(71, 45, 35, 0.06, 0.75, 'log2') -0.05168179239931929
(76, 42, 26, 0.08, 1.0, 'log2') -0.05175289793610396
(33, 31, 37, 0.06, 0.75, 'log2') -0.05189066059225507
(65, 49, 27, 0.08, 1.0, 'log2') -0.05226734348561756
(32, 34, 16, 0.1, 0.5, 'log2') -0.05259144625773779
(33, 10, 16, 0.08, 1.0, 'log2') -0.052767154105736694
(51, 26, 31, 0.08, 0.5, 'log2') -0.0527730616864741
(90, 14, 39, 0.06, 1.0, 'log2') -0.05286192468619233
(96, 36, 21, 0.1, 1.0, 'log2') -0.053121883656509626
(99, 11, 32, 0.08, 1.0, 'log2') -0.05328770873254844
(59, 33, 40, 0.08, 1.0, 'log2') -0.05351903695408738
(53, 33, 10, 0.06, 1.0, 'log2') -0.05378691372321946
(90, 18, 21, 0.04, 0.75, 'log2') -0.05380535966149509
(32, 34, 36, 0.08, 1.0, 'log2') -0.053858493268404604
(98, 4, 13, 0.06, 1.0, 'log2') -0.053885634588563436
(80, 17, 12, 0.1, 0.75, 'log2') -0.05390433815350381
(76, 15, 39, 0.04, 0.5, 'log2') -0.05401767892785848
(97, 47, 33, 0.02, 1.0, 'log2') -0.05436268829663965
(44, 14, 18, 0.08, 0.5, 'log2') -0.05461860854987425
(54, 8, 25, 0.06, 0.5, 'log2') -0.05467521605798708
(59, 40, 20, 0.08, 0.75, 'log2') -0.0547171404446945
(57, 49, 18, 0.08, 0.75, 'log2') -0.05481207289293848
(90, 23, 37, 0.08, 1.0, 'log2') -0.054894444444444225
(72, 19, 28, 0.06, 0.75, 'log2') -0.055151770657672745
(89, 29, 24, 0.02, 0.75, 'log2') -0.05530412222542531
(93, 6, 37, 0.02, 1.0, 'log2') -0.055480497456189846
(69, 29, 26, 0.04, 0.75, 'log2') -0.05549259681093401
(39, 21, 33, 0.04, 1.0, 'log2') -0.05562712826333718
(68, 29, 30, 0.1, 0.75, 'log2') -0.05562934148374548
(61, 26, 20, 0.1, 0.75, 'log2') -0.05571827057182707
(62, 15, 23, 0.08, 0.5, 'log2') -0.055822432507653605
(47, 20, 39, 0.1, 0.5, 'log2') -0.055993883792048935
(73, 10, 40, 0.06, 0.75, 'log2') -0.056201442841287294
(69, 36, 35, 0.1, 0.75, 'log2') -0.056559020044543294
(83, 25, 40, 0.04, 0.5, 'log2') -0.05666855363713549
(64, 9, 33, 0.08, 1.0, 'log2') -0.05713067400275085
(94, 26, 37, 0.04, 0.5, 'log2') -0.057547761619617964
(97, 9, 30, 0.08, 0.5, 'log2') -0.05774469258340203
(48, 5, 26, 0.1, 0.75, 'log2') -0.05788180060756677
(86, 36, 16, 0.06, 1.0, 'log2') -0.05792248503847234
(71, 46, 33, 0.04, 0.5, 'log2') -0.058009849362688305
(91, 29, 21, 0.02, 0.75, 'log2') -0.05805850301118447
(52, 23, 10, 0.1, 0.75, 'log2') -0.058134011874469885
(85, 36, 40, 0.08, 0.5, 'log2') -0.0582786429365962
(66, 45, 40, 0.08, 0.5, 'log2') -0.058333333333333424
(84, 6, 30, 0.1, 0.75, 'log2') -0.05861908668307335
(60, 20, 11, 0.04, 0.75, 'log2') -0.05879076479076482
(19, 13, 11, 0.06, 0.5, 'log2') -0.059026175063326906
(75, 10, 35, 0.1, 0.75, 'log2') -0.05946384382732996
(34, 4, None, 0.06, 1.0, 'log2') -0.05960647502093217
(67, 17, 16, 0.04, 1.0, 'log2') -0.059639381797366976
(91, 34, 23, 0.08, 0.75, 'log2') -0.05979694019471484
(66, 19, 32, 0.06, 1.0, 'log2') -0.06034084507042236
(35, 28, 23, 0.08, 1.0, 'log2') -0.06053893905191881
(88, 6, None, 0.02, 1.0, 'log2') -0.06062927107061507
(95, 17, 19, 0.08, 1.0, 'log2') -0.0606395348837208
(67, 32, 27, 0.04, 0.5, 'log2') -0.0607520732056048
(88, 8, 16, 0.06, 0.5, 'log2') -0.06100970873786396
(53, 27, 27, 0.04, 0.75, 'log2') -0.06122222222222224
(91, 20, 40, 0.04, 0.5, 'log2') -0.061267326732673245
(69, 21, 27, 0.08, 0.5, 'log2') -0.06130483375244473
(61, 23, 34, 0.08, 0.75, 'log2') -0.06130932439977655
(28, 44, 24, 0.1, 1.0, 'log2') -0.06133976724382632
(86, 22, 34, 0.06, 1.0, 'log2') -0.06137834821428565
(66, 27, 36, 0.04, 0.5, 'log2') -0.061443358251869
(78, 29, 39, 0.04, 0.75, 'log2') -0.061504854368932035
(99, 25, 14, 0.08, 1.0, 'log2') -0.06195149149707256
(42, 44, 12, 0.06, 0.5, 'log2') -0.06196655132641287
(36, 48, 19, 0.06, 1.0, 'log2') -0.06267162471395885
(59, 32, 29, 0.1, 1.0, 'log2') -0.06279632721201994
(66, 30, 20, 0.1, 0.5, 'log2') -0.06293165969316596
(88, 40, 39, 0.06, 0.75, 'log2') -0.06306346967559945
(42, 37, 12, 0.06, 1.0, 'log2') -0.06314681280646099
(92, 44, 33, 0.04, 0.5, 'log2') -0.06318928262748494
(58, 29, 33, 0.06, 0.5, 'log2') -0.06320636725412175
(95, 48, 39, 0.08, 0.75, 'log2') -0.06332590529247908
(96, 43, 19, 0.08, 0.5, 'log2') -0.06333612975391509
(93, 19, 27, 0.04, 1.0, 'log2') -0.06342172073342724
(82, 4, 33, 0.1, 0.5, 'log2') -0.06348206953189141
(48, 20, 38, 0.04, 1.0, 'log2') -0.06350115074798628
(46, 15, 25, 0.04, 0.5, 'log2') -0.06353141882286041
(69, 29, 15, 0.1, 0.5, 'log2') -0.06381058495821725
(81, 14, 24, 0.04, 0.5, 'log2') -0.06381649310441877
(48, 28, 10, 0.08, 1.0, 'log2') -0.06453214695752009
(50, 24, 32, 0.06, 0.75, 'log2') -0.06460146975692492
(65, 47, 40, 0.04, 0.75, 'log2') -0.06517636937195302
(68, 4, 31, 0.04, 0.5, 'log2') -0.065335203366059
(44, 45, 37, 0.06, 0.75, 'log2') -0.06537292025243846
(61, 26, 22, 0.1, 0.5, 'log2') -0.06539988814317664
(15, 7, 17, 0.1, 1.0, 'log2') -0.06574677147669854
(89, 46, 27, 0.06, 1.0, 'log2') -0.06579185520361983
(28, 30, 37, 0.04, 1.0, 'log2') -0.06598463289698359
(80, 39, 23, 0.02, 1.0, 'log2') -0.066163830400923
(77, 24, 13, 0.06, 0.75, 'log2') -0.06627946606077827
(39, 29, 15, 0.06, 1.0, 'log2') -0.0663887291546865
(96, 18, 35, 0.1, 0.75, 'log2') -0.06666941241076321
(77, 12, 25, 0.1, 0.5, 'log2') -0.06684980673660966
(62, 43, 23, 0.06, 1.0, 'log2') -0.06694833000285466
(90, 48, 31, 0.02, 1.0, 'log2') -0.06701561596298448
(50, 25, 30, 0.04, 1.0, 'log2') -0.06702788157516532
(27, 45, 11, 0.1, 0.5, 'log2') -0.0672512791358726
(62, 5, 29, 0.08, 1.0, 'log2') -0.06734637641223461
(94, 33, 35, 0.02, 0.75, 'log2') -0.06736075407026566
(12, 28, 13, 0.1, 1.0, 'log2') -0.06794711401762873
(22, 22, 34, 0.06, 1.0, 'log2') -0.06805633802816896
(64, 11, 30, 0.1, 1.0, 'log2') -0.06805777166437398
(99, 6, 13, 0.02, 0.5, 'log2') -0.06808937267258668
(37, 22, 26, 0.06, 0.5, 'log2') -0.06809929078014183
(29, 34, 12, 0.08, 1.0, 'log2') -0.0681511161991987
(70, 13, 11, 0.06, 1.0, 'log2') -0.06821894498014751
(42, 11, 39, 0.08, 1.0, 'log2') -0.06825613839285695
(44, 21, 36, 0.08, 0.5, 'log2') -0.06826221224031452
(27, 40, 31, 0.1, 0.5, 'log2') -0.06828417470221226
(37, 16, 38, 0.06, 0.75, 'log2') -0.06838909193140294
(84, 25, 26, 0.06, 0.5, 'log2') -0.06850014096419507
(62, 32, 39, 0.08, 0.75, 'log2') -0.06874545962559377
(92, 44, 12, 0.08, 0.75, 'log2') -0.06908579465541488
(12, 39, 16, 0.08, 0.5, 'log2') -0.06920509193776529
(87, 36, 10, 0.04, 1.0, 'log2') -0.06933410204669926
(82, 46, 34, 0.06, 0.75, 'log2') -0.06934690415606454
(32, 33, 10, 0.08, 0.75, 'log2') -0.06943288686235409
(54, 15, 16, 0.1, 0.75, 'log2') -0.06946971811331311
(39, 35, 14, 0.08, 1.0, 'log2') -0.06947487936417832
(17, 12, 21, 0.06, 1.0, 'log2') -0.0697597094160381
(16, 49, 34, 0.1, 1.0, 'log2') -0.06988000000000014
(17, 30, 28, 0.06, 0.75, 'log2') -0.07007060152499296
(48, 6, 35, 0.06, 1.0, 'log2') -0.07029510022271707
(28, 37, 23, 0.06, 1.0, 'log2') -0.07045480549199087
(66, 49, 34, 0.1, 0.75, 'log2') -0.0704787234042553
(65, 28, None, 0.08, 0.75, 'log2') -0.07101501668520575
(49, 24, 24, 0.1, 0.75, 'log2') -0.07110458612975393
(95, 24, 12, 0.02, 1.0, 'log2') -0.07120824862038927
(51, 41, 32, 0.04, 0.5, 'log2') -0.07123085813348738
(32, 5, 33, 0.06, 0.5, 'log2') -0.07125940373363057
(51, 46, 10, 0.08, 0.5, 'log2') -0.07129698708751793
(61, 17, 33, 0.04, 0.75, 'log2') -0.07134149814867564
(55, 20, 37, 0.02, 0.5, 'log2') -0.07143099068585956
(11, 42, 31, 0.08, 1.0, 'log2') -0.07147415984185267
(91, 12, 18, 0.04, 0.5, 'log2') -0.07157551714366675
(70, 49, 39, 0.02, 0.75, 'log2') -0.07165327210103331
(49, 14, 35, 0.1, 0.75, 'log2') -0.07197664720600495
(78, 10, 16, 0.06, 0.75, 'log2') -0.07202971684889271
(32, 48, 23, 0.1, 0.5, 'log2') -0.07246955536675173
(21, 27, 18, 0.04, 1.0, 'log2') -0.07247870528109036
(39, 36, 21, 0.08, 1.0, 'log2') -0.07258615778980357
(77, 29, 36, 0.04, 0.5, 'log2') -0.07331728045325787
(91, 41, 21, 0.06, 0.5, 'log2') -0.0734150464919696
(90, 40, 31, 0.02, 1.0, 'log2') -0.07355357655846022
(56, 14, None, 0.1, 0.5, 'log2') -0.073734772978959
(25, 4, 24, 0.08, 0.5, 'log2') -0.0737489539748954
(44, 6, 29, 0.08, 1.0, 'log2') -0.07396231643114429
(19, 37, 40, 0.1, 1.0, 'log2') -0.07400226436456282
(87, 16, 17, 0.02, 0.75, 'log2') -0.07408105022831057
(60, 25, 16, 0.04, 0.5, 'log2') -0.07422005170927903
(51, 27, 33, 0.02, 1.0, 'log2') -0.07435773283964689
(65, 15, 36, 0.04, 0.75, 'log2') -0.07457593688362928
(98, 10, 25, 0.02, 1.0, 'log2') -0.07465986394557833
(58, 22, 32, 0.02, 0.75, 'log2') -0.07505566657151012
(63, 25, 30, 0.02, 0.5, 'log2') -0.07521998296906053
(55, 12, 40, 0.06, 0.5, 'log2') -0.07523622047244083
(89, 34, 20, 0.02, 0.5, 'log2') -0.07526823729775754
(43, 6, 17, 0.06, 0.75, 'log2') -0.07535472972972998
(39, 30, 38, 0.04, 0.5, 'log2') -0.07542233560090708
(36, 6, 32, 0.06, 1.0, 'log2') -0.07551037577117226
(91, 3, 36, 0.04, 0.5, 'log2') -0.07561506276150631
(96, 46, 36, 0.02, 0.75, 'log2') -0.07591385331781152
(53, 38, 31, 0.06, 0.5, 'log2') -0.07623539469934457
(99, 17, 18, 0.04, 0.5, 'log2') -0.0764515219842165
(60, 8, 16, 0.04, 0.75, 'log2') -0.07650887573964499
(91, 12, 30, 0.02, 1.0, 'log2') -0.07658378072901946
(61, 6, 40, 0.08, 0.75, 'log2') -0.0766528468767275
(64, 29, 15, 0.06, 0.5, 'log2') -0.07665339778220084
(43, 16, 25, 0.04, 0.5, 'log2') -0.07689361702127655
(47, 6, 29, 0.02, 1.0, 'log2') -0.07693584693303335
(27, 25, 11, 0.08, 0.5, 'log2') -0.07715947786606134
(18, 32, 27, 0.1, 0.75, 'log2') -0.07725996631106129
(39, 13, 28, 0.02, 0.75, 'log2') -0.07730136208853576
(39, 45, 16, 0.08, 0.75, 'log2') -0.07736585365853646
(29, 43, 33, 0.06, 0.75, 'log2') -0.07740740740740744
(81, 23, 12, 0.02, 1.0, 'log2') -0.07742930591259653
(29, 32, 36, 0.06, 0.75, 'log2') -0.0776415891800508
(53, 24, 14, 0.06, 0.5, 'log2') -0.0776540755467197
(52, 5, 16, 0.06, 0.75, 'log2') -0.07766900420757367
(77, 32, 16, 0.02, 1.0, 'log2') -0.0781217690982195
(57, 50, 35, 0.06, 1.0, 'log2') -0.07816016073478779
(72, 19, 39, 0.08, 0.5, 'log2') -0.07822364751812616
(46, 44, 38, 0.1, 0.5, 'log2') -0.07836636466591183
(42, 17, 21, 0.04, 1.0, 'log2') -0.07843126069594988
(67, 6, 29, 0.08, 1.0, 'log2') -0.0785996705107083
(23, 29, None, 0.08, 1.0, 'log2') -0.07865238229489718
(14, 25, 26, 0.08, 0.75, 'log2') -0.07906767761864647
(50, 45, 14, 0.02, 0.75, 'log2') -0.07906830523006575
(26, 42, 10, 0.08, 0.75, 'log2') -0.07947277441659471
(39, 22, 21, 0.04, 0.75, 'log2') -0.07970076944998587
(52, 19, 17, 0.02, 1.0, 'log2') -0.08006837606837605
(17, 40, 39, 0.08, 0.5, 'log2') -0.08020176186416592
(21, 25, 29, 0.1, 0.75, 'log2') -0.08057616638561005
(54, 42, 21, 0.04, 0.5, 'log2') -0.08080918220946924
(14, 16, 19, 0.06, 1.0, 'log2') -0.08083333333333337
(78, 13, 16, 0.04, 1.0, 'log2') -0.08095103311633173
(22, 14, 11, 0.04, 1.0, 'log2') -0.08099625683846824
(26, 5, 22, 0.06, 0.75, 'log2') -0.08109248393405974
(58, 4, 34, 0.02, 0.5, 'log2') -0.08110362257792762
(44, 46, 40, 0.08, 1.0, 'log2') -0.08111810122962547
(21, 43, 36, 0.06, 1.0, 'log2') -0.08153142857142866
(16, 36, 34, 0.06, 1.0, 'log2') -0.08154653802497162
(78, 30, 38, 0.02, 0.75, 'log2') -0.08168091168091153
(63, 7, 16, 0.04, 0.75, 'log2') -0.08184650240725018
(17, 15, 34, 0.06, 1.0, 'log2') -0.08188779803646581
(12, 24, 32, 0.06, 1.0, 'log2') -0.08192835152532885
(44, 27, 10, 0.1, 0.75, 'log2') -0.08209342067786954
(13, 3, 29, 0.06, 0.5, 'log2') -0.08213908205841468
(86, 46, 18, 0.04, 0.75, 'log2') -0.08226129216695251
(48, 28, 13, 0.04, 0.5, 'log2') -0.08244083262047329
(57, 10, 24, 0.06, 1.0, 'log2') -0.08253168121655872
(30, 31, 28, 0.04, 0.75, 'log2') -0.08296359017781539
(24, 37, 30, 0.04, 0.75, 'log2') -0.082975651189128
(21, 9, 20, 0.06, 0.5, 'log2') -0.08298994974874378
(62, 25, 24, 0.02, 0.75, 'log2') -0.08305176336746307
(85, 30, 34, 0.02, 0.75, 'log2') -0.08309325681492123
(11, 48, 20, 0.1, 0.75, 'log2') -0.08317272471118632
(14, 47, 18, 0.1, 0.75, 'log2') -0.08320973676761964
(29, 7, 18, 0.04, 1.0, 'log2') -0.08337731611454248
(60, 11, 18, 0.02, 0.5, 'log2') -0.08348784624081411
(11, 9, 11, 0.08, 1.0, 'log2') -0.08366638200967838
(42, 20, 17, 0.08, 0.5, 'log2') -0.08408076814459196
(58, 50, 19, 0.04, 0.5, 'log2') -0.08409750435287307
(66, 38, 13, 0.02, 0.75, 'log2') -0.08424433610553489
(36, 49, 12, 0.06, 0.75, 'log2') -0.08435493119266059
(18, 41, 25, 0.06, 0.5, 'log2') -0.08496445834518059
(92, 21, 14, 0.06, 0.5, 'log2') -0.08520956399437422
(10, 25, 30, 0.08, 1.0, 'log2') -0.08521616275784125
(36, 8, 35, 0.02, 0.75, 'log2') -0.08522810994616044
(28, 43, 34, 0.08, 0.5, 'log2') -0.085425562197552
(35, 23, 24, 0.04, 0.5, 'log2') -0.08545171339563867
(75, 4, 31, 0.02, 0.5, 'log2') -0.08546632854325173
(41, 27, 32, 0.04, 0.75, 'log2') -0.08558000000000004
(83, 11, 14, 0.02, 0.5, 'log2') -0.08568499003133019
(77, 16, 12, 0.02, 0.5, 'log2') -0.0857497149372863
(21, 3, 38, 0.1, 0.5, 'log2') -0.08597341456660214
(24, 15, 34, 0.08, 0.75, 'log2') -0.08607282913165257
(78, 33, 27, 0.04, 0.75, 'log2') -0.08653386454183268
(17, 47, 14, 0.1, 0.75, 'log2') -0.08671995432486444
(63, 40, 15, 0.02, 0.75, 'log2') -0.08682208237986266
(50, 31, 29, 0.02, 0.75, 'log2') -0.08693680929441779
(16, 38, 16, 0.08, 0.75, 'log2') -0.0869670958512161
(70, 45, 18, 0.02, 0.75, 'log2') -0.08702377542251502
(12, 32, 32, 0.06, 0.75, 'log2') -0.08731225296442688
(38, 35, 30, 0.04, 0.5, 'log2') -0.0873176335439403
(24, 7, 35, 0.06, 0.75, 'log2') -0.08732609905397891
(29, 23, 21, 0.04, 1.0, 'log2') -0.08759511641113017
(41, 26, 15, 0.04, 0.5, 'log2') -0.08767162471395892
(34, 3, 24, 0.02, 0.5, 'log2') -0.08783487784330252
(76, 36, 12, 0.02, 1.0, 'log2') -0.08789580908032607
(99, 27, 11, 0.02, 0.5, 'log2') -0.08797242963813907
(31, 46, 33, 0.04, 1.0, 'log2') -0.08824216524216529
(74, 4, 38, 0.02, 0.5, 'log2') -0.08881412952060566
(14, 38, 14, 0.08, 0.75, 'log2') -0.08886104783599073
(23, 24, 16, 0.1, 0.75, 'log2') -0.08948217317487267
(31, 32, 14, 0.04, 1.0, 'log2') -0.08963532763532768
(47, 46, 10, 0.04, 0.75, 'log2') -0.08978618896272753
(21, 44, 21, 0.04, 0.5, 'log2') -0.09012044737596796
(29, 47, 17, 0.06, 1.0, 'log2') -0.09021952628538431
(56, 12, 19, 0.02, 1.0, 'log2') -0.09022108843537417
(32, 20, 14, 0.04, 1.0, 'log2') -0.09062162929321609
(74, 27, 15, 0.06, 0.5, 'log2') -0.09071791972866036
(57, 34, 39, 0.02, 0.75, 'log2') -0.0907825839499146
(48, 42, 26, 0.04, 0.75, 'log2') -0.09090572486471099
(37, 33, 24, 0.02, 1.0, 'log2') -0.09104575163398701
(36, 47, 40, 0.04, 0.75, 'log2') -0.09121825962910135
(49, 3, 20, 0.04, 0.5, 'log2') -0.09130862117382775
(23, 36, 10, 0.1, 1.0, 'log2') -0.09133314220183493
(34, 3, 20, 0.02, 0.75, 'log2') -0.09150507328072165
(63, 27, 21, 0.02, 0.5, 'log2') -0.092116912599319
(22, 34, 15, 0.04, 0.5, 'log2') -0.0923464163822526
(76, 43, 22, 0.02, 0.5, 'log2') -0.0924425947187141
(78, 8, 35, 0.02, 0.75, 'log2') -0.09257021276595752
(47, 21, 18, 0.02, 0.5, 'log2') -0.0927657175077531
(19, 3, 34, 0.04, 0.75, 'log2') -0.09277591036414576
(67, 48, 36, 0.02, 0.75, 'log2') -0.09289383561643831
(18, 21, 32, 0.04, 0.5, 'log2') -0.09303329571106107
(11, 18, 40, 0.06, 0.5, 'log2') -0.09311637080867859
(37, 50, 23, 0.08, 0.5, 'log2') -0.09324285714285727
(58, 29, 21, 0.04, 0.5, 'log2') -0.09343821510297487
(29, 22, 32, 0.02, 1.0, 'log2') -0.09361647727272733
(52, 45, 27, 0.04, 0.5, 'log2') -0.0937916063675833
(84, 34, 33, 0.04, 0.75, 'log2') -0.09404328018223246
(58, 5, 31, 0.02, 0.5, 'log2') -0.09463853727144869
(28, 47, 13, 0.08, 1.0, 'log2') -0.09523975588491725
(85, 43, 29, 0.1, 0.75, 'log2') -0.09526857779014751
(91, 48, 19, 0.02, 1.0, 'log2') -0.09531438415159346
(12, 49, 10, 0.06, 0.5, 'log2') -0.09578977112178579
(69, 29, 11, 0.02, 0.5, 'log2') -0.09617596810933939
(31, 15, 37, 0.02, 0.75, 'log2') -0.09708789665824215
(24, 12, 35, 0.1, 1.0, 'log2') -0.0975525651808243
(14, 48, 15, 0.08, 1.0, 'log2') -0.09763723825693257
(93, 31, 38, 0.02, 1.0, 'log2') -0.09814359267734554
(42, 33, 13, 0.08, 1.0, 'log2') -0.09828645235361666
(25, 22, 34, 0.08, 0.5, 'log2') -0.09868613138686139
(13, 11, 39, 0.08, 0.75, 'log2') -0.09882352941176477
(37, 8, 35, 0.02, 0.5, 'log2') -0.09894854586129762
(52, 25, 13, 0.02, 0.5, 'log2') -0.09911338448422854
(15, 35, 28, 0.06, 0.75, 'log2') -0.09932827431141099
(46, 36, 21, 0.02, 0.75, 'log2') -0.0999317600227467
(28, 4, 10, 0.06, 0.75, 'log2') -0.10000563063063066
(15, 43, 40, 0.04, 1.0, 'log2') -0.10009075439591622
(14, 49, 17, 0.04, 1.0, 'log2') -0.1004263233190273
(42, 42, 28, 0.04, 0.75, 'log2') -0.10043812233285922
(13, 24, 10, 0.04, 0.5, 'log2') -0.10101818181818198
(22, 6, 15, 0.04, 0.5, 'log2') -0.10177672076105203
(10, 14, 33, 0.1, 0.75, 'log2') -0.10208984374999996
(44, 29, 20, 0.02, 0.5, 'log2') -0.10233512595527887
(11, 19, 40, 0.1, 1.0, 'log2') -0.10259176239843096
(25, 36, 20, 0.06, 0.75, 'log2') -0.10273114010209879
(36, 20, 24, 0.02, 0.75, 'log2') -0.10303373972214351
(36, 6, 15, 0.06, 0.75, 'log2') -0.10385269121813039
(46, 7, 38, 0.02, 1.0, 'log2') -0.10408146067415726
(60, 42, 20, 0.02, 0.5, 'log2') -0.10409195402298844
(16, 41, 24, 0.04, 0.75, 'log2') -0.10451195499296759
(25, 42, 13, 0.06, 0.75, 'log2') -0.10503255024058862
(31, 13, 27, 0.02, 0.5, 'log2') -0.10509423186750438
(31, 35, 22, 0.02, 1.0, 'log2') -0.10546309489883164
(10, 12, 24, 0.08, 0.5, 'log2') -0.10554565701559013
(11, 6, 29, 0.02, 0.75, 'log2') -0.10570619869799044
(22, 34, 33, 0.04, 0.75, 'log2') -0.10643060295790678
(15, 18, 11, 0.08, 0.75, 'log2') -0.1064752475247524
(48, 5, 16, 0.06, 0.5, 'log2') -0.10684843400447423
(12, 49, 10, 0.1, 0.5, 'log2') -0.1068792517006801
(35, 23, 12, 0.02, 0.75, 'log2') -0.1069812925170068
(23, 32, 26, 0.08, 1.0, 'log2') -0.1076929649672459
(28, 15, 13, 0.02, 0.5, 'log2') -0.10779469825155101
(49, 33, 11, 0.08, 0.75, 'log2') -0.10814013101680445
(24, 9, 14, 0.02, 1.0, 'log2') -0.10814456459874784
(14, 44, 10, 0.04, 0.75, 'log2') -0.10833714285714284
(39, 47, 25, 0.02, 1.0, 'log2') -0.1083965763195435
(16, 9, 34, 0.02, 0.75, 'log2') -0.10840870548332404
(19, 21, 38, 0.02, 1.0, 'log2') -0.10897999436460987
(39, 35, 22, 0.02, 0.5, 'log2') -0.1089869095048377
(33, 26, 39, 0.02, 0.5, 'log2') -0.10925633802816904
(27, 40, 30, 0.06, 0.5, 'log2') -0.10927861403010503
(40, 47, 38, 0.02, 0.5, 'log2') -0.1093335224049915
(28, 40, 27, 0.02, 0.75, 'log2') -0.10941076966450525
(15, 4, 22, 0.02, 0.75, 'log2') -0.10986580933743362
(22, 47, 15, 0.04, 0.5, 'log2') -0.10999147242751564
(19, 35, 21, 0.02, 1.0, 'log2') -0.11022077554486273
(22, 16, 21, 0.02, 0.75, 'log2') -0.11049563503238519
(10, 18, 23, 0.04, 0.75, 'log2') -0.11068354430379744
(18, 7, 11, 0.08, 0.5, 'log2') -0.11148614609571769
(10, 24, 24, 0.02, 0.75, 'log2') -0.11210124434389147
(11, 44, 18, 0.04, 1.0, 'log2') -0.11253473206691235
(11, 26, 10, 0.02, 1.0, 'log2') -0.11266478076379063
(28, 37, 25, 0.06, 0.75, 'log2') -0.11282825405867297
(21, 20, 20, 0.02, 0.5, 'log2') -0.11285954583683765
(17, 48, 25, 0.08, 1.0, 'log2') -0.11293848354792563
(15, 23, 14, 0.04, 1.0, 'log2') -0.11311968235961427
(20, 40, None, 0.06, 0.5, 'log2') -0.11381792318634414
(19, 49, 14, 0.04, 0.5, 'log2') -0.11436746143057512
(20, 29, 14, 0.02, 1.0, 'log2') -0.11447854504120486
(12, 32, 37, 0.02, 0.75, 'log2') -0.116038906117846
(18, 45, 36, 0.02, 1.0, 'log2') -0.11758151403459029
(24, 19, 13, 0.02, 0.75, 'log2') -0.11908860045146732
(31, 22, 13, 0.04, 0.5, 'log2') -0.1212706552706554
(24, 31, 33, 0.02, 0.5, 'log2') -0.12215129358830133
(11, 21, 32, 0.08, 0.5, 'log2') -0.13105129650507316


zero:
(70, 15, 17, 0.06, 1.0, 'log2') 0.028641837020442436
(97, 22, 14, 0.06, 0.5, 'log2') 0.00906904357668359
(89, 31, 37, 0.1, 0.75, 'log2') 0.005016583747927016
(33, 21, 13, 0.08, 1.0, 'log2') -0.0024007993148729206
(97, 41, 38, 0.08, 0.5, 'log2') -0.0025455564900476457
(93, 24, None, 0.08, 1.0, 'log2') -0.003139856274184637
(47, 38, 27, 0.06, 1.0, 'log2') -0.00394662123793308
(94, 26, 19, 0.04, 0.75, 'log2') -0.00445652173913057
(48, 13, 36, 0.06, 1.0, 'log2') -0.006727118163785775
(99, 15, 21, 0.06, 0.75, 'log2') -0.008588137009189681
(85, 16, 25, 0.08, 0.5, 'log2') -0.008689024390243945
(45, 19, 20, 0.1, 1.0, 'log2') -0.009020156774916053
(99, 42, 36, 0.08, 1.0, 'log2') -0.009066704035874406
(61, 43, 24, 0.08, 1.0, 'log2') -0.009127857747671489
(93, 27, 19, 0.06, 1.0, 'log2') -0.009276056338028195
(68, 14, 28, 0.06, 0.75, 'log2') -0.01019453058923035
(86, 46, 27, 0.06, 0.5, 'log2') -0.010618439716312033
(88, 39, 37, 0.06, 0.5, 'log2') -0.01068624682293142
(73, 17, 31, 0.08, 1.0, 'log2') -0.013490566037735888
(52, 16, 18, 0.06, 0.75, 'log2') -0.013786462758425452
(78, 25, 28, 0.04, 1.0, 'log2') -0.014460533787620676
(66, 34, 24, 0.06, 0.75, 'log2') -0.014879637496459893
(32, 17, 29, 0.08, 0.5, 'log2') -0.015005624296963107
(99, 34, 10, 0.04, 0.5, 'log2') -0.015344023323615152
(23, 3, 16, 0.1, 0.75, 'log2') -0.015889074693422503
(42, 5, 14, 0.06, 0.75, 'log2') -0.016192764273600897
(76, 49, 14, 0.08, 1.0, 'log2') -0.016245416078984515
(75, 41, 31, 0.08, 0.5, 'log2') -0.016856741573033705
(61, 49, 20, 0.06, 0.5, 'log2') -0.018495702005730683
(96, 33, 29, 0.06, 0.5, 'log2') -0.01864072194021436
(47, 12, 21, 0.06, 0.5, 'log2') -0.018976244343891387
(64, 27, 25, 0.1, 0.5, 'log2') -0.01955636160714288
(45, 22, 30, 0.08, 0.75, 'log2') -0.019884701912260962
(51, 7, 10, 0.08, 1.0, 'log2') -0.020119760479041893
(55, 44, 20, 0.06, 1.0, 'log2') -0.02079656160458464
(71, 36, 36, 0.08, 0.75, 'log2') -0.020882022471910112
(78, 46, 14, 0.06, 1.0, 'log2') -0.02099712643678162
(82, 28, 16, 0.04, 0.5, 'log2') -0.02106382978723403
(63, 37, 31, 0.1, 1.0, 'log2') -0.021064425770308107
(84, 12, 32, 0.08, 0.75, 'log2') -0.02122482758620691
(67, 37, 36, 0.1, 0.5, 'log2') -0.02183588317107092
(34, 11, 15, 0.06, 1.0, 'log2') -0.02245084069535485
(87, 42, 25, 0.06, 1.0, 'log2') -0.022834376778599896
(92, 36, 19, 0.06, 0.5, 'log2') -0.023129792672536183
(89, 41, 36, 0.08, 1.0, 'log2') -0.02333797715241015
(43, 7, 17, 0.08, 1.0, 'log2') -0.023691275167785228
(60, 28, 36, 0.06, 0.5, 'log2') -0.024498162284421917
(44, 4, 33, 0.1, 0.75, 'log2') -0.024499586435070376
(85, 13, 16, 0.06, 0.75, 'log2') -0.024557247602932902
(67, 32, 34, 0.1, 0.75, 'log2') -0.02487364620938631
(44, 17, None, 0.06, 0.75, 'log2') -0.02547860360360352
(32, 4, 36, 0.06, 1.0, 'log2') -0.025704264870931526
(90, 8, 22, 0.08, 1.0, 'log2') -0.02616186556927303
(49, 18, 27, 0.08, 0.75, 'log2') -0.02645985401459847
(93, 14, 40, 0.02, 0.5, 'log2') -0.02665807560137464
(83, 49, 12, 0.08, 0.5, 'log2') -0.02674536256323771
(94, 45, 35, 0.06, 0.5, 'log2') -0.02690919345741683
(91, 3, 24, 0.06, 0.75, 'log2') -0.0269683631361761
(81, 42, 33, 0.08, 0.75, 'log2') -0.027045964125560554
(40, 36, 31, 0.1, 1.0, 'log2') -0.02707544504097208
(27, 30, 37, 0.08, 1.0, 'log2') -0.02746670444885241
(50, 26, 31, 0.04, 0.75, 'log2') -0.02794320137693637
(79, 47, 26, 0.1, 0.5, 'log2') -0.028027458671896918
(84, 12, 38, 0.08, 1.0, 'log2') -0.028143876990664504
(27, 26, 10, 0.1, 0.5, 'log2') -0.028195683453237422
(71, 33, 34, 0.06, 1.0, 'log2') -0.028477027793533716
(88, 22, 18, 0.04, 1.0, 'log2') -0.02855968244967406
(94, 45, 21, 0.1, 1.0, 'log2') -0.028711469036378747
(70, 32, 23, 0.08, 0.5, 'log2') -0.029250915235145156
(53, 14, 32, 0.06, 0.75, 'log2') -0.02939684329199543
(49, 22, 14, 0.1, 0.5, 'log2') -0.029398200224971985
(70, 11, 11, 0.06, 1.0, 'log2') -0.029891830344434912
(41, 34, 39, 0.06, 0.75, 'log2') -0.03032064128256521
(84, 39, 21, 0.08, 0.5, 'log2') -0.03039731393396753
(80, 40, 26, 0.06, 0.5, 'log2') -0.030464063384267066
(86, 28, 10, 0.08, 1.0, 'log2') -0.030704104903078597
(52, 9, 32, 0.06, 0.75, 'log2') -0.031189674523007815
(81, 34, 19, 0.08, 0.5, 'log2') -0.031377579475738965
(96, 33, 38, 0.04, 1.0, 'log2') -0.03142938173567779
(36, 38, 19, 0.08, 0.5, 'log2') -0.03145485423153138
(63, 3, 34, 0.1, 1.0, 'log2') -0.03201965065502186
(99, 49, 21, 0.1, 1.0, 'log2') -0.03227007502083909
(47, 25, 37, 0.08, 1.0, 'log2') -0.03240797976959834
(43, 47, 22, 0.06, 0.5, 'log2') -0.03255025847214258
(49, 50, 15, 0.1, 1.0, 'log2') -0.03263322884012558
(86, 39, 12, 0.1, 0.75, 'log2') -0.03283992150266339
(42, 25, 31, 0.08, 0.75, 'log2') -0.033114800225098405
(74, 5, 37, 0.08, 0.75, 'log2') -0.033228021978021986
(89, 45, 18, 0.08, 1.0, 'log2') -0.033899069636312396
(62, 21, 40, 0.08, 0.5, 'log2') -0.03399275564224017
(78, 48, 38, 0.1, 0.75, 'log2') -0.03428651059085846
(51, 40, 14, 0.08, 1.0, 'log2') -0.03448068669527885
(31, 39, 29, 0.1, 0.5, 'log2') -0.03459672870840383
(43, 4, 11, 0.08, 0.5, 'log2') -0.03482633053221288
(47, 13, 10, 0.08, 1.0, 'log2') -0.035416306539902014
(82, 38, 20, 0.06, 1.0, 'log2') -0.03554169030062403
(87, 43, 11, 0.04, 1.0, 'log2') -0.03554401154401158
(14, 11, 33, 0.08, 0.75, 'log2') -0.035844046953605345
(36, 18, 32, 0.06, 1.0, 'log2') -0.03627099345288933
(21, 8, 12, 0.1, 1.0, 'log2') -0.036677133885241346
(49, 13, 13, 0.08, 0.75, 'log2') -0.03695578231292518
(87, 16, 33, 0.08, 0.75, 'log2') -0.037258377180836307
(28, 25, 15, 0.1, 0.75, 'log2') -0.03836953455571237
(81, 26, 38, 0.04, 0.5, 'log2') -0.03852084523129636
(46, 48, 28, 0.06, 0.75, 'log2') -0.03854160709179299
(77, 36, 30, 0.04, 1.0, 'log2') -0.03858414704192998
(15, 8, 36, 0.08, 1.0, 'log2') -0.03863483146067426
(70, 19, 35, 0.08, 0.75, 'log2') -0.03869093941078371
(66, 33, 18, 0.04, 1.0, 'log2') -0.038696027633851604
(50, 10, 36, 0.04, 0.5, 'log2') -0.03901448452144289
(73, 16, 35, 0.1, 0.75, 'log2') -0.03916895982388552
(91, 14, 37, 0.1, 0.75, 'log2') -0.039174664107485525
(90, 36, 29, 0.1, 0.75, 'log2') -0.03933314809669359
(59, 8, 26, 0.1, 1.0, 'log2') -0.03963360881542695
(61, 28, None, 0.1, 0.75, 'log2') -0.03975779510022275
(68, 3, 27, 0.1, 0.5, 'log2') -0.03999726102437672
(82, 12, 35, 0.04, 1.0, 'log2') -0.040115136197697125
(63, 49, 21, 0.1, 1.0, 'log2') -0.04023137697516913
(48, 3, 34, 0.04, 0.75, 'log2') -0.04054274465691781
(47, 48, 23, 0.06, 0.75, 'log2') -0.04057167480609017
(79, 18, 31, 0.06, 0.5, 'log2') -0.04088408644400781
(96, 16, 35, 0.08, 1.0, 'log2') -0.04089835164835158
(49, 4, 28, 0.04, 1.0, 'log2') -0.041049661399548444
(65, 47, 11, 0.08, 0.5, 'log2') -0.041195402298850645
(47, 33, 35, 0.1, 0.5, 'log2') -0.04156487475372928
(99, 24, 22, 0.08, 1.0, 'log2') -0.04162694013303753
(66, 20, 27, 0.1, 0.5, 'log2') -0.04198885793871863
(92, 26, 13, 0.04, 1.0, 'log2') -0.04199147727272733
(87, 16, 25, 0.06, 0.5, 'log2') -0.042004466778336046
(66, 31, 12, 0.08, 0.75, 'log2') -0.04221376198533569
(63, 50, 26, 0.04, 0.5, 'log2') -0.04242562929061784
(57, 17, 39, 0.06, 0.5, 'log2') -0.04249294184076787
(51, 8, 34, 0.08, 0.5, 'log2') -0.04281328495674017
(81, 10, None, 0.02, 1.0, 'log2') -0.04282707622298073
(43, 48, 35, 0.04, 1.0, 'log2') -0.04310494362532531
(58, 45, 26, 0.08, 1.0, 'log2') -0.043366392745820236
(46, 27, 15, 0.04, 0.5, 'log2') -0.043845050215207994
(63, 14, 22, 0.06, 0.75, 'log2') -0.04401349072512634
(82, 32, 39, 0.04, 0.5, 'log2') -0.04407481439177613
(42, 37, None, 0.06, 0.5, 'log2') -0.04417169107091588
(57, 35, 15, 0.08, 0.5, 'log2') -0.04434047350620062
(92, 4, 20, 0.04, 1.0, 'log2') -0.044344673731176676
(96, 31, 29, 0.04, 1.0, 'log2') -0.04438262844166898
(59, 40, None, 0.06, 0.75, 'log2') -0.04439632922282773
(37, 24, 29, 0.06, 1.0, 'log2') -0.044597210361514365
(96, 3, 29, 0.02, 1.0, 'log2') -0.0446245395296117
(66, 11, 27, 0.06, 0.75, 'log2') -0.04465310671496244
(15, 8, 14, 0.1, 0.75, 'log2') -0.04487531521434588
(54, 46, 30, 0.08, 1.0, 'log2') -0.045178066704352746
(76, 47, 10, 0.06, 0.75, 'log2') -0.045184971098265914
(23, 41, 10, 0.1, 0.5, 'log2') -0.04554727793696278
(15, 15, 28, 0.08, 0.75, 'log2') -0.04593900028240619
(86, 7, 32, 0.02, 0.5, 'log2') -0.04617105635797232
(67, 4, 29, 0.04, 1.0, 'log2') -0.046390532544378596
(28, 4, 28, 0.06, 1.0, 'log2') -0.04640831227183368
(95, 6, 13, 0.1, 1.0, 'log2') -0.04655922865013762
(38, 19, 31, 0.08, 0.75, 'log2') -0.04674674957603157
(84, 3, 31, 0.1, 0.5, 'log2') -0.04697400820793423
(37, 21, 39, 0.08, 1.0, 'log2') -0.047039660056657176
(72, 6, 34, 0.08, 1.0, 'log2') -0.04705477566749237
(55, 46, 40, 0.1, 0.5, 'log2') -0.047099859353023896
(53, 9, 38, 0.1, 0.5, 'log2') -0.047338865836791186
(94, 15, 21, 0.08, 0.5, 'log2') -0.047455801104972224
(98, 25, 35, 0.02, 0.5, 'log2') -0.047473442434682794
(93, 37, None, 0.02, 0.5, 'log2') -0.04750435793143525
(65, 25, 20, 0.06, 0.75, 'log2') -0.0475389408099689
(34, 17, 39, 0.04, 1.0, 'log2') -0.0476280781205775
(93, 22, 23, 0.02, 0.75, 'log2') -0.04763165467625903
(12, 13, 15, 0.1, 0.75, 'log2') -0.0476652601969059
(76, 8, 25, 0.06, 1.0, 'log2') -0.04771349095966617
(85, 25, 32, 0.04, 0.75, 'log2') -0.047784058790276966
(51, 25, 15, 0.1, 0.5, 'log2') -0.04792325056433407
(44, 37, 25, 0.06, 1.0, 'log2') -0.048792312105565096
(90, 15, 15, 0.04, 0.75, 'log2') -0.04883484162895932
(54, 7, 11, 0.04, 1.0, 'log2') -0.04886350656767566
(47, 47, 18, 0.06, 0.75, 'log2') -0.04892386949055533
(39, 17, 32, 0.04, 1.0, 'log2') -0.04894557823129248
(89, 17, 21, 0.1, 1.0, 'log2') -0.04913570052298364
(81, 3, 29, 0.02, 0.5, 'log2') -0.049256642170717985
(53, 40, 18, 0.08, 0.5, 'log2') -0.049328274311411006
(53, 10, 27, 0.1, 0.5, 'log2') -0.04965364366860621
(67, 17, 10, 0.06, 0.5, 'log2') -0.04973526900085397
(89, 40, 22, 0.08, 0.5, 'log2') -0.0497614369912994
(64, 9, 23, 0.06, 1.0, 'log2') -0.04983268265476838
(44, 48, 23, 0.1, 1.0, 'log2') -0.050036837631057034
(26, 11, 13, 0.04, 0.75, 'log2') -0.05005977796754921
(89, 33, 14, 0.08, 1.0, 'log2') -0.0500869809203142
(58, 19, 20, 0.04, 0.5, 'log2') -0.05009700427960063
(12, 28, 35, 0.08, 1.0, 'log2') -0.05051933389782683
(63, 8, 26, 0.08, 0.75, 'log2') -0.050776028721347496
(85, 6, 36, 0.1, 0.5, 'log2') -0.05099835436094332
(94, 4, 16, 0.1, 0.5, 'log2') -0.051017274472168736
(88, 3, None, 0.06, 0.75, 'log2') -0.05104046242774557
(37, 20, 40, 0.06, 0.75, 'log2') -0.05146807297605472
(92, 38, 30, 0.02, 0.5, 'log2') -0.051472037090698454
(39, 50, 13, 0.06, 1.0, 'log2') -0.05153890824622539
(60, 15, 24, 0.06, 0.5, 'log2') -0.05190061763054452
(68, 42, 22, 0.04, 1.0, 'log2') -0.051904625107727684
(63, 21, 14, 0.06, 0.75, 'log2') -0.05204915690197198
(36, 15, 33, 0.08, 1.0, 'log2') -0.052073239436619755
(43, 25, 33, 0.1, 0.5, 'log2') -0.052146450531023014
(45, 8, 22, 0.06, 0.75, 'log2') -0.052149717514124255
(70, 16, 18, 0.04, 0.5, 'log2') -0.05215186246418346
(52, 15, 15, 0.04, 1.0, 'log2') -0.052178303519907786
(52, 27, 15, 0.06, 0.5, 'log2') -0.05221497447532616
(48, 10, 40, 0.06, 0.75, 'log2') -0.05238629983155527
(72, 11, None, 0.04, 0.75, 'log2') -0.05257653061224479
(62, 4, 14, 0.1, 0.75, 'log2') -0.0528678097345132
(19, 8, 12, 0.1, 0.5, 'log2') -0.05293655249859636
(17, 11, 30, 0.06, 0.5, 'log2') -0.05318526848467818
(17, 9, 18, 0.1, 1.0, 'log2') -0.05322100533557993
(63, 27, 35, 0.02, 1.0, 'log2') -0.05322145725760188
(76, 36, None, 0.04, 0.5, 'log2') -0.053534856812265004
(74, 7, 28, 0.06, 0.75, 'log2') -0.053681440443213116
(97, 16, 22, 0.08, 0.5, 'log2') -0.05369601328903641
(53, 50, 29, 0.06, 0.5, 'log2') -0.053741089250071275
(62, 8, 26, 0.02, 1.0, 'log2') -0.05376212207644053
(79, 28, 38, 0.04, 0.75, 'log2') -0.053873359954363924
(44, 25, 18, 0.1, 0.75, 'log2') -0.05414647887323941
(51, 43, 22, 0.1, 0.75, 'log2') -0.054203226719501854
(24, 32, 25, 0.08, 1.0, 'log2') -0.054350686498855896
(54, 13, 35, 0.08, 0.75, 'log2') -0.05436662946428565
(83, 44, 30, 0.04, 0.75, 'log2') -0.054567155593902864
(62, 46, 38, 0.06, 0.75, 'log2') -0.05462989425550163
(44, 26, 26, 0.08, 1.0, 'log2') -0.05475035260930887
(75, 15, 29, 0.04, 1.0, 'log2') -0.05481534090909085
(44, 23, 14, 0.06, 0.5, 'log2') -0.05544568644310692
(58, 12, 16, 0.04, 0.5, 'log2') -0.055573583831483066
(86, 46, 16, 0.08, 0.75, 'log2') -0.0557010135135134
(51, 8, 18, 0.1, 1.0, 'log2') -0.05626101321585884
(66, 13, 23, 0.08, 1.0, 'log2') -0.05628404669260689
(23, 7, 23, 0.08, 0.75, 'log2') -0.05639616793462951
(60, 37, 17, 0.04, 0.5, 'log2') -0.05664553314121049
(57, 27, 11, 0.04, 0.5, 'log2') -0.05667631731325995
(70, 14, 29, 0.02, 0.5, 'log2') -0.056856654317469356
(59, 10, 12, 0.08, 0.5, 'log2') -0.05688851446222988
(27, 29, 17, 0.06, 0.75, 'log2') -0.0570487106017193
(68, 9, 17, 0.04, 0.5, 'log2') -0.05712142654967452
(66, 8, 29, 0.04, 0.5, 'log2') -0.05722520486012994
(42, 48, 40, 0.08, 0.75, 'log2') -0.0572914285714286
(90, 6, 36, 0.08, 0.75, 'log2') -0.057324368825466425
(61, 20, 38, 0.06, 1.0, 'log2') -0.05757933164841346
(84, 29, 19, 0.04, 0.5, 'log2') -0.05774785100286526
(24, 30, 27, 0.08, 0.75, 'log2') -0.05781179138321986
(34, 49, 30, 0.08, 1.0, 'log2') -0.05786449399656953
(55, 27, 40, 0.04, 1.0, 'log2') -0.05791240045506272
(36, 20, 20, 0.1, 0.5, 'log2') -0.05828939988782946
(35, 49, 24, 0.04, 1.0, 'log2') -0.05842361708225865
(89, 26, 13, 0.02, 1.0, 'log2') -0.058500727802037925
(50, 32, 12, 0.04, 0.5, 'log2') -0.05880986937590715
(32, 24, 36, 0.1, 0.75, 'log2') -0.05890914189568134
(24, 37, 34, 0.08, 0.5, 'log2') -0.059318375461516706
(87, 22, 17, 0.1, 1.0, 'log2') -0.059346622369878005
(16, 14, 11, 0.1, 1.0, 'log2') -0.05948148148148155
(71, 21, 25, 0.06, 0.75, 'log2') -0.059952018063787645
(30, 26, 21, 0.06, 0.5, 'log2') -0.05999149177538297
(69, 3, 40, 0.02, 1.0, 'log2') -0.060045197740113035
(93, 39, 18, 0.04, 0.75, 'log2') -0.060149769585253456
(37, 33, 33, 0.06, 0.5, 'log2') -0.06021410219811591
(83, 18, 32, 0.06, 0.5, 'log2') -0.06028859624544699
(25, 39, 26, 0.06, 1.0, 'log2') -0.060485436893203896
(46, 19, 17, 0.06, 0.75, 'log2') -0.06049530315969266
(34, 9, 24, 0.08, 0.5, 'log2') -0.0605248464544947
(74, 5, 39, 0.02, 1.0, 'log2') -0.060849377123442766
(70, 43, 16, 0.04, 1.0, 'log2') -0.06095937770095074
(16, 33, 22, 0.06, 0.5, 'log2') -0.061067961165048645
(77, 26, 18, 0.1, 0.75, 'log2') -0.06108954810091488
(79, 15, 35, 0.06, 1.0, 'log2') -0.06109344490934436
(25, 34, 19, 0.1, 0.5, 'log2') -0.06127689694224252
(32, 48, None, 0.1, 0.5, 'log2') -0.06146932952924395
(36, 40, 38, 0.06, 1.0, 'log2') -0.06168384879725084
(92, 23, 11, 0.04, 0.75, 'log2') -0.061956709956709995
(79, 33, 29, 0.08, 1.0, 'log2') -0.062055865921787655
(35, 25, 33, 0.04, 1.0, 'log2') -0.06224879020779971
(32, 36, 24, 0.08, 1.0, 'log2') -0.062302425106990016
(17, 22, 24, 0.08, 1.0, 'log2') -0.0631581905029503
(14, 48, 18, 0.08, 1.0, 'log2') -0.06321336760925454
(94, 8, 11, 0.06, 0.75, 'log2') -0.06326766113143821
(98, 42, 37, 0.04, 1.0, 'log2') -0.06327995424649703
(74, 3, 38, 0.04, 0.5, 'log2') -0.06330143540669854
(54, 14, 12, 0.06, 0.75, 'log2') -0.06347813661046009
(68, 21, 37, 0.06, 0.75, 'log2') -0.06348942172073342
(28, 19, 11, 0.06, 1.0, 'log2') -0.06350243622814573
(31, 34, 31, 0.06, 0.5, 'log2') -0.06383219954648535
(84, 16, 34, 0.04, 0.5, 'log2') -0.06394266250354806
(41, 6, 19, 0.04, 0.75, 'log2') -0.06397621070518264
(80, 36, 33, 0.04, 0.5, 'log2') -0.0640563056592933
(26, 12, 14, 0.04, 0.5, 'log2') -0.064090263979563
(92, 10, 33, 0.1, 1.0, 'log2') -0.06409549795361512
(78, 17, 19, 0.06, 0.75, 'log2') -0.06412528216704293
(44, 36, 13, 0.1, 0.5, 'log2') -0.06418393414703381
(43, 33, 17, 0.1, 0.75, 'log2') -0.0642152466367713
(32, 12, 17, 0.1, 1.0, 'log2') -0.06425196850393704
(67, 28, 38, 0.02, 1.0, 'log2') -0.0644304160688667
(47, 42, 17, 0.04, 1.0, 'log2') -0.06452661870503604
(23, 42, 31, 0.08, 1.0, 'log2') -0.06467159510946821
(37, 42, 34, 0.04, 0.5, 'log2') -0.06478483898546598
(89, 4, 40, 0.02, 0.75, 'log2') -0.06480281690140853
(91, 19, 20, 0.02, 1.0, 'log2') -0.06481896551724146
(51, 10, 12, 0.04, 0.5, 'log2') -0.0648374215630349
(51, 32, 21, 0.06, 1.0, 'log2') -0.06484101976511031
(18, 4, 16, 0.06, 1.0, 'log2') -0.06566043004747284
(33, 37, 15, 0.04, 1.0, 'log2') -0.06569182389937114
(65, 48, 21, 0.04, 0.5, 'log2') -0.06575271894676593
(54, 45, 27, 0.06, 0.75, 'log2') -0.0658813462635482
(96, 37, 25, 0.1, 0.5, 'log2') -0.0662818003913894
(95, 8, 35, 0.04, 1.0, 'log2') -0.06643097643097633
(34, 17, 17, 0.08, 1.0, 'log2') -0.066545866364666
(44, 41, 33, 0.08, 0.5, 'log2') -0.06666195190947675
(36, 42, 15, 0.04, 0.75, 'log2') -0.06673060406527347
(79, 17, 36, 0.08, 0.75, 'log2') -0.06678173719376372
(63, 10, 20, 0.02, 0.75, 'log2') -0.06679667335818754
(58, 39, 40, 0.04, 0.5, 'log2') -0.06681477207155224
(37, 5, 33, 0.08, 0.75, 'log2') -0.0668548387096774
(91, 43, 14, 0.06, 1.0, 'log2') -0.06704229349985817
(21, 45, 17, 0.08, 0.75, 'log2') -0.06708500861573818
(12, 8, 36, 0.04, 0.75, 'log2') -0.0674831838565023
(86, 31, 16, 0.02, 0.75, 'log2') -0.06761107905366416
(45, 15, 29, 0.04, 0.75, 'log2') -0.06787318737560416
(36, 7, 40, 0.04, 0.5, 'log2') -0.06792569659442729
(27, 24, 19, 0.1, 0.75, 'log2') -0.06793592288063517
(81, 6, 25, 0.06, 1.0, 'log2') -0.06794353722668126
(34, 21, 32, 0.06, 0.75, 'log2') -0.06805420827389444
(42, 17, None, 0.08, 0.75, 'log2') -0.06876300253022212
(63, 26, 22, 0.04, 1.0, 'log2') -0.06880503144654092
(45, 23, 19, 0.08, 1.0, 'log2') -0.0688410314536698
(66, 41, 36, 0.04, 0.5, 'log2') -0.06891517599538381
(81, 37, 31, 0.04, 0.75, 'log2') -0.06901259301660001
(63, 20, 25, 0.02, 0.5, 'log2') -0.06909971509971524
(23, 39, 36, 0.1, 1.0, 'log2') -0.06912994350282496
(83, 47, 29, 0.02, 0.75, 'log2') -0.06939603106125981
(29, 49, 23, 0.06, 1.0, 'log2') -0.06945783132530126
(79, 39, 40, 0.02, 0.5, 'log2') -0.06964016250725481
(36, 4, None, 0.08, 1.0, 'log2') -0.06975738984941421
(26, 12, 33, 0.08, 0.5, 'log2') -0.06978908886389201
(41, 6, 22, 0.04, 1.0, 'log2') -0.06982466063348415
(27, 40, 29, 0.08, 0.5, 'log2') -0.06985519591141408
(33, 22, 26, 0.04, 1.0, 'log2') -0.07001417233560085
(84, 31, 10, 0.06, 0.75, 'log2') -0.07026300743281888
(44, 46, 24, 0.04, 1.0, 'log2') -0.07035530085959893
(36, 29, 32, 0.08, 0.75, 'log2') -0.07049801924165262
(43, 30, 10, 0.04, 1.0, 'log2') -0.07061739130434784
(96, 24, 29, 0.1, 1.0, 'log2') -0.07064462809917357
(75, 47, 27, 0.02, 0.75, 'log2') -0.07070564516129031
(56, 3, 24, 0.02, 0.5, 'log2') -0.07102932882120702
(49, 36, 25, 0.06, 0.5, 'log2') -0.07127051499717037
(29, 3, 11, 0.08, 0.75, 'log2') -0.07147662485746877
(28, 24, 28, 0.02, 0.75, 'log2') -0.07165390070921986
(96, 19, 27, 0.02, 0.5, 'log2') -0.0718020086083214
(80, 34, 31, 0.08, 1.0, 'log2') -0.0719521024784183
(45, 14, 19, 0.06, 1.0, 'log2') -0.07198927765237041
(48, 24, 36, 0.1, 1.0, 'log2') -0.07219690576652614
(37, 45, 32, 0.06, 1.0, 'log2') -0.07235648679678539
(60, 13, 33, 0.08, 1.0, 'log2') -0.07249653259362003
(27, 18, 36, 0.06, 1.0, 'log2') -0.07280270956816258
(13, 8, 32, 0.02, 1.0, 'log2') -0.07289517470881873
(26, 18, 13, 0.06, 1.0, 'log2') -0.07316885339418157
(61, 26, 28, 0.02, 0.5, 'log2') -0.0732054951345164
(99, 11, 27, 0.08, 0.75, 'log2') -0.07338740720373928
(51, 24, 19, 0.02, 0.75, 'log2') -0.07343151272519308
(28, 34, 14, 0.08, 0.5, 'log2') -0.07354035489410414
(96, 45, 28, 0.04, 0.75, 'log2') -0.07364988558352406
(26, 33, 29, 0.04, 0.5, 'log2') -0.0739466969095549
(31, 24, 40, 0.06, 1.0, 'log2') -0.07443941109852788
(34, 48, 30, 0.04, 1.0, 'log2') -0.07444860351281318
(49, 48, 38, 0.04, 0.75, 'log2') -0.074668396770473
(49, 29, 17, 0.04, 0.5, 'log2') -0.07496277205040092
(77, 36, 30, 0.04, 0.5, 'log2') -0.07544560185185192
(94, 43, 25, 0.04, 0.5, 'log2') -0.07564892086330945
(52, 31, 34, 0.02, 1.0, 'log2') -0.07590079817559868
(27, 46, 36, 0.06, 1.0, 'log2') -0.07620227920227911
(96, 6, 14, 0.02, 1.0, 'log2') -0.07630553167096583
(99, 12, 15, 0.04, 1.0, 'log2') -0.07642551979493024
(20, 18, 28, 0.04, 0.75, 'log2') -0.07650310208685851
(57, 40, 22, 0.02, 0.75, 'log2') -0.07651062607696722
(43, 13, 38, 0.02, 1.0, 'log2') -0.07686030036837638
(57, 43, 26, 0.02, 1.0, 'log2') -0.07699711815561974
(32, 18, 24, 0.06, 0.5, 'log2') -0.07704673423423433
(20, 3, 38, 0.04, 0.75, 'log2') -0.07725648897571881
(93, 48, 10, 0.02, 1.0, 'log2') -0.07739935351160752
(50, 26, 25, 0.04, 1.0, 'log2') -0.07748858447488592
(43, 4, 32, 0.08, 0.5, 'log2') -0.07752488938053104
(23, 38, 18, 0.02, 1.0, 'log2') -0.07757278835386351
(10, 43, 14, 0.08, 0.75, 'log2') -0.07773295454545454
(99, 41, 15, 0.04, 0.75, 'log2') -0.07775416427340619
(18, 35, 28, 0.02, 1.0, 'log2') -0.07804912084845107
(30, 35, 16, 0.08, 0.5, 'log2') -0.07881074899942822
(67, 45, 12, 0.02, 0.75, 'log2') -0.07951716114019788
(24, 12, 10, 0.06, 0.5, 'log2') -0.07963948497854081
(77, 49, 20, 0.02, 0.5, 'log2') -0.07965587044534411
(11, 41, 30, 0.08, 0.5, 'log2') -0.08001426533523542
(21, 9, 32, 0.02, 1.0, 'log2') -0.08067939359910167
(60, 24, 20, 0.02, 0.5, 'log2') -0.0809560502283106
(65, 31, 21, 0.08, 0.75, 'log2') -0.08143816452154469
(14, 35, 32, 0.02, 0.5, 'log2') -0.08151304830649647
(59, 31, 37, 0.02, 0.5, 'log2') -0.08159953970080557
(26, 41, 39, 0.02, 1.0, 'log2') -0.08171509167842037
(92, 49, None, 0.08, 1.0, 'log2') -0.0822191246166714
(27, 4, 28, 0.04, 0.5, 'log2') -0.08229544819882728
(86, 4, 12, 0.06, 0.75, 'log2') -0.08248947516138097
(23, 21, 40, 0.04, 0.5, 'log2') -0.08261904761904768
(19, 41, 14, 0.06, 0.75, 'log2') -0.08322009705966332
(28, 3, 26, 0.1, 1.0, 'log2') -0.08325200998059336
(18, 8, 34, 0.04, 1.0, 'log2') -0.0833276740237692
(72, 6, 27, 0.06, 0.75, 'log2') -0.08343706585162547
(24, 41, 12, 0.06, 0.5, 'log2') -0.08373168629704122
(13, 36, 12, 0.02, 0.5, 'log2') -0.08399499582985832
(14, 41, 32, 0.08, 0.75, 'log2') -0.08403275910759672
(57, 44, 13, 0.02, 1.0, 'log2') -0.08405008635578581
(48, 10, None, 0.02, 0.75, 'log2') -0.08440869319785489
(12, 27, 18, 0.02, 0.75, 'log2') -0.08443796835970035
(37, 15, 32, 0.02, 0.75, 'log2') -0.08447008547008544
(54, 44, 33, 0.02, 0.5, 'log2') -0.08480564353584788
(14, 44, 40, 0.1, 1.0, 'log2') -0.08497591385661664
(26, 44, 27, 0.04, 0.5, 'log2') -0.08540409789413775
(27, 43, 12, 0.04, 1.0, 'log2') -0.08593093525179858
(74, 31, 34, 0.02, 0.5, 'log2') -0.08606199770378872
(20, 26, 34, 0.06, 0.75, 'log2') -0.086099431818182
(47, 38, 33, 0.02, 0.75, 'log2') -0.08616339491916858
(94, 45, 22, 0.02, 1.0, 'log2') -0.08630724637681157
(20, 49, 20, 0.08, 0.75, 'log2') -0.08633276255707785
(46, 27, 23, 0.02, 0.5, 'log2') -0.08647362385321103
(50, 4, 24, 0.02, 1.0, 'log2') -0.08691850594227508
(64, 33, 35, 0.02, 0.75, 'log2') -0.08696202531645575
(15, 22, 27, 0.06, 0.5, 'log2') -0.08698171589310824
(34, 37, 16, 0.02, 1.0, 'log2') -0.08701624394414365
(48, 44, 20, 0.02, 1.0, 'log2') -0.0871051120045952
(63, 6, 28, 0.04, 0.5, 'log2') -0.08729920814479646
(72, 22, 28, 0.02, 0.75, 'log2') -0.08742930591259647
(50, 35, 33, 0.02, 0.75, 'log2') -0.08747136311569306
(42, 40, 19, 0.04, 0.75, 'log2') -0.08770472895040378
(12, 13, 31, 0.02, 1.0, 'log2') -0.08800997782705104
(21, 26, 34, 0.04, 0.5, 'log2') -0.08872443181818192
(14, 34, 18, 0.04, 0.5, 'log2') -0.08927823379564112
(57, 7, 35, 0.02, 0.75, 'log2') -0.0892953776775649
(18, 5, 35, 0.04, 0.5, 'log2') -0.08952300785634112
(17, 24, 15, 0.04, 1.0, 'log2') -0.08990919409761636
(31, 37, 39, 0.02, 0.5, 'log2') -0.09019050326983231
(13, 9, 21, 0.02, 0.5, 'log2') -0.09092835238360761
(74, 43, 35, 0.02, 1.0, 'log2') -0.09115229885057474
(61, 44, 33, 0.02, 0.75, 'log2') -0.09123988439306359
(49, 35, 25, 0.02, 0.75, 'log2') -0.09124035438696772
(12, 37, 31, 0.04, 1.0, 'log2') -0.09125350532809881
(14, 23, 11, 0.06, 1.0, 'log2') -0.09127453769559035
(14, 11, 26, 0.02, 0.5, 'log2') -0.09144131586283819
(18, 23, 25, 0.02, 1.0, 'log2') -0.09151506696428587
(67, 46, 22, 0.02, 0.5, 'log2') -0.09199942296595488
(40, 49, 39, 0.02, 1.0, 'log2') -0.09202343526721929
(15, 8, 12, 0.08, 1.0, 'log2') -0.0920917640353378
(18, 17, 32, 0.02, 1.0, 'log2') -0.09216578286352228
(98, 5, 12, 0.06, 1.0, 'log2') -0.09220518539169233
(78, 9, 12, 0.02, 0.75, 'log2') -0.09250217202432671
(22, 48, 10, 0.02, 1.0, 'log2') -0.0929546726357024
(15, 28, 37, 0.08, 1.0, 'log2') -0.0931062747314867
(32, 47, 12, 0.04, 0.75, 'log2') -0.0931551724137931
(17, 49, 15, 0.06, 1.0, 'log2') -0.09322773972602744
(14, 24, 36, 0.02, 1.0, 'log2') -0.09371070931849804
(15, 42, None, 0.08, 1.0, 'log2') -0.09408278990643612
(18, 29, 24, 0.04, 0.75, 'log2') -0.09430275489917635
(24, 28, 21, 0.06, 1.0, 'log2') -0.09442198177676536
(62, 34, 12, 0.02, 0.5, 'log2') -0.09496106143640025
(61, 19, 18, 0.02, 0.75, 'log2') -0.09521163259429895
(19, 20, 23, 0.08, 0.5, 'log2') -0.09528344671201824
(33, 46, 19, 0.02, 1.0, 'log2') -0.09531152204836427
(10, 16, 28, 0.04, 1.0, 'log2') -0.09576976809164575
(29, 23, 33, 0.02, 0.5, 'log2') -0.09609335219236208
(42, 8, 10, 0.02, 0.75, 'log2') -0.09642610695802195
(42, 12, 10, 0.02, 0.5, 'log2') -0.0968506864988559
(18, 15, 10, 0.06, 0.5, 'log2') -0.09690313390313378
(13, 46, 22, 0.06, 1.0, 'log2') -0.09740447212001126
(65, 44, 26, 0.04, 1.0, 'log2') -0.09761808171544498
(17, 17, 12, 0.02, 0.5, 'log2') -0.09800947867298584
(18, 44, 15, 0.06, 0.75, 'log2') -0.09818078129455385
(15, 47, 16, 0.06, 1.0, 'log2') -0.09876786735277301
(63, 47, 12, 0.02, 1.0, 'log2') -0.09903179190751463
(34, 25, 40, 0.02, 0.75, 'log2') -0.10006539664486779
(52, 6, 10, 0.02, 1.0, 'log2') -0.10039976825028968
(11, 26, 29, 0.02, 0.75, 'log2') -0.10086546463245503
(60, 48, 12, 0.02, 0.5, 'log2') -0.10100318933024076
(35, 15, 39, 0.02, 0.75, 'log2') -0.10198575498575503
(10, 9, 30, 0.08, 0.5, 'log2') -0.10214624616243383
(13, 31, 24, 0.02, 1.0, 'log2') -0.1031919023849141
(11, 16, 24, 0.02, 1.0, 'log2') -0.1038169209431346
(14, 9, 31, 0.02, 0.75, 'log2') -0.10553606237816775
(26, 31, 33, 0.06, 0.75, 'log2') -0.1064945496270799
(17, 45, 37, 0.02, 1.0, 'log2') -0.10702551163442678
(18, 4, 27, 0.02, 0.5, 'log2') -0.10712129681386255
(31, 21, 22, 0.02, 0.75, 'log2') -0.1075566251415629
(13, 40, 23, 0.08, 0.5, 'log2') -0.10776004559703639
(25, 40, 24, 0.02, 0.75, 'log2') -0.10780686936936945
(36, 45, 23, 0.04, 0.5, 'log2') -0.1089663049685894
(29, 21, 19, 0.02, 0.75, 'log2') -0.1093188241944601
(20, 29, 17, 0.04, 1.0, 'log2') -0.10975220734833371
(37, 21, 28, 0.02, 0.5, 'log2') -0.11002272081794942
(86, 22, 35, 0.02, 0.75, 'log2') -0.1104332855093257
(16, 23, 31, 0.06, 0.5, 'log2') -0.11141072949191033
(16, 34, 31, 0.08, 1.0, 'log2') -0.11496871444823667
(22, 39, 38, 0.04, 0.5, 'log2') -0.11555112503560244
(17, 22, 12, 0.04, 0.75, 'log2') -0.12409453302961262
(15, 11, 14, 0.06, 0.5, 'log2') -0.13602824858757043


our:
(74, 22, 21, 0.08, 0.5, 'log2') -0.01049311294765842
(38, 21, 36, 0.1, 0.75, 'log2') -0.018636868406440892
(48, 34, 29, 0.1, 0.75, 'log2') -0.019925290536801345
(53, 32, 34, 0.1, 1.0, 'log2') -0.0217567567567568
(11, 12, 22, 0.1, 0.5, 'log2') -0.022224376731302016
(83, 29, 30, 0.06, 0.5, 'log2') -0.02293496386881601
(76, 45, 17, 0.08, 0.5, 'log2') -0.02454191033138405
(76, 11, 39, 0.1, 0.5, 'log2') -0.026748971193415603
(19, 24, 29, 0.04, 0.5, 'log2') -0.027187153931339986
(34, 6, 32, 0.06, 0.5, 'log2') -0.02728583310230117
(49, 7, 25, 0.02, 0.5, 'log2') -0.027546489036913663
(69, 31, 24, 0.06, 0.75, 'log2') -0.02783671202443764
(97, 20, 25, 0.04, 0.75, 'log2') -0.027840466926070034
(55, 31, 30, 0.1, 0.75, 'log2') -0.0284077134986226
(93, 29, None, 0.1, 0.75, 'log2') -0.02841845140032948
(85, 40, 21, 0.04, 0.5, 'log2') -0.028551859099804292
(68, 12, 22, 0.08, 0.5, 'log2') -0.030495458298926532
(98, 30, 18, 0.1, 1.0, 'log2') -0.03341751303870441
(41, 24, 26, 0.02, 0.5, 'log2') -0.033633093525179826
(41, 17, 36, 0.1, 0.5, 'log2') -0.03387327823691457
(63, 16, 22, 0.1, 1.0, 'log2') -0.03464943634863894
(85, 26, 16, 0.06, 0.75, 'log2') -0.0349291863371285
(82, 40, 23, 0.08, 0.5, 'log2') -0.03551342374757804
(72, 19, 21, 0.08, 0.75, 'log2') -0.03591966759002751
(64, 44, 21, 0.08, 0.5, 'log2') -0.036710233592880906
(30, 29, 33, 0.02, 0.5, 'log2') -0.03673407202216061
(46, 37, 20, 0.02, 0.5, 'log2') -0.036989753530877766
(71, 25, 24, 0.02, 0.75, 'log2') -0.0370203285992759
(73, 10, None, 0.02, 0.5, 'log2') -0.038286830357142775
(63, 7, 22, 0.02, 0.75, 'log2') -0.03908761160714279
(67, 42, 23, 0.1, 0.5, 'log2') -0.03951907131011606
(47, 15, 25, 0.08, 0.75, 'log2') -0.03986203090507722
(64, 47, 19, 0.06, 0.75, 'log2') -0.04054499720514256
(24, 5, 13, 0.04, 0.5, 'log2') -0.040559421096576634
(31, 22, 35, 0.06, 0.5, 'log2') -0.040789766407118865
(38, 45, 40, 0.06, 0.5, 'log2') -0.041159786576804136
(82, 5, 39, 0.08, 0.5, 'log2') -0.041223651793046705
(49, 4, None, 0.1, 0.75, 'log2') -0.04124965744039447
(11, 27, 18, 0.02, 0.5, 'log2') -0.04179818531756935
(93, 19, 14, 0.1, 0.5, 'log2') -0.04188325991189416
(50, 42, None, 0.08, 0.5, 'log2') -0.04195169350360915
(92, 19, 14, 0.1, 0.5, 'log2') -0.04205128205128191
(96, 19, 28, 0.08, 0.5, 'log2') -0.04212496559317363
(13, 9, 40, 0.02, 0.5, 'log2') -0.042395143487858646
(62, 37, 32, 0.04, 0.5, 'log2') -0.04253564439474415
(72, 27, 38, 0.02, 0.5, 'log2') -0.04267593880389421
(26, 3, 12, 0.1, 0.75, 'log2') -0.04296501943364794
(29, 11, 26, 0.1, 0.75, 'log2') -0.0431951354339413
(79, 19, 24, 0.1, 1.0, 'log2') -0.043197690404179215
(12, 24, 28, 0.02, 0.5, 'log2') -0.04319999999999996
(89, 49, None, 0.08, 0.75, 'log2') -0.04347464671654196
(43, 20, 40, 0.02, 0.5, 'log2') -0.04411455451023792
(39, 18, 10, 0.08, 0.5, 'log2') -0.044136579904841884
(89, 31, 25, 0.06, 0.5, 'log2') -0.044521884583217014
(83, 12, 33, 0.08, 0.5, 'log2') -0.04479206830074353
(71, 40, 20, 0.08, 0.5, 'log2') -0.045374619850704866
(16, 45, 27, 0.04, 0.75, 'log2') -0.045495145631067865
(93, 12, 37, 0.08, 0.75, 'log2') -0.04557264487778073
(69, 11, 23, 0.08, 0.5, 'log2') -0.04568438446708892
(53, 6, 33, 0.06, 0.75, 'log2') -0.04579850539717676
(37, 45, 32, 0.02, 0.5, 'log2') -0.04637045265204096
(95, 26, 14, 0.1, 0.75, 'log2') -0.04648076923076919
(66, 8, 39, 0.1, 0.5, 'log2') -0.0466337989591891
(83, 25, 34, 0.08, 1.0, 'log2') -0.0466905681191394
(78, 29, 19, 0.04, 0.75, 'log2') -0.04735064209938569
(97, 41, 35, 0.06, 1.0, 'log2') -0.04752631578947362
(70, 27, 39, 0.1, 0.5, 'log2') -0.047647867950481336
(80, 40, 14, 0.06, 0.75, 'log2') -0.04779821627647704
(83, 32, 35, 0.1, 0.5, 'log2') -0.047899229074889825
(94, 43, 17, 0.04, 1.0, 'log2') -0.048358416945373454
(95, 29, 28, 0.08, 0.5, 'log2') -0.04842308754487703
(37, 11, 14, 0.02, 0.75, 'log2') -0.048824833702882355
(72, 32, 11, 0.1, 1.0, 'log2') -0.04932245575221245
(69, 5, 36, 0.08, 1.0, 'log2') -0.049422708618330924
(76, 12, 36, 0.06, 0.75, 'log2') -0.04975393972905709
(32, 15, 33, 0.04, 0.5, 'log2') -0.049883300916921315
(18, 10, 15, 0.04, 0.5, 'log2') -0.0500921530298798
(85, 10, 40, 0.02, 0.5, 'log2') -0.05011725293132317
(88, 23, 27, 0.04, 0.5, 'log2') -0.05027638190954765
(94, 8, 12, 0.04, 0.75, 'log2') -0.05042825361512793
(47, 37, 14, 0.02, 0.75, 'log2') -0.05043586896168784
(88, 28, 37, 0.08, 0.5, 'log2') -0.050504994450610394
(22, 48, 32, 0.06, 0.5, 'log2') -0.05053232998885165
(19, 32, 15, 0.04, 1.0, 'log2') -0.05053754502632299
(11, 28, 23, 0.04, 0.75, 'log2') -0.05055754899254752
(13, 13, 23, 0.04, 0.5, 'log2') -0.05075075903946993
(32, 21, 38, 0.1, 0.5, 'log2') -0.05083910274162281
(91, 45, 25, 0.06, 1.0, 'log2') -0.05087451415880059
(72, 3, 40, 0.04, 1.0, 'log2') -0.050908084163898006
(75, 47, 32, 0.02, 0.5, 'log2') -0.050936015646828564
(32, 38, 36, 0.04, 0.5, 'log2') -0.05115406006674068
(45, 25, 36, 0.02, 0.5, 'log2') -0.051189683860232794
(74, 31, 33, 0.08, 0.75, 'log2') -0.05144079492133582
(10, 19, 19, 0.08, 1.0, 'log2') -0.05144327030033354
(98, 42, 35, 0.08, 0.5, 'log2') -0.0514586799778148
(94, 3, 27, 0.08, 0.75, 'log2') -0.05159432159432139
(10, 33, 38, 0.02, 0.75, 'log2') -0.0516216960352422
(65, 40, 29, 0.04, 0.75, 'log2') -0.051651735722284445
(98, 45, 34, 0.08, 0.75, 'log2') -0.051667591564927846
(57, 21, 18, 0.1, 1.0, 'log2') -0.051775572098152665
(12, 42, 32, 0.08, 0.75, 'log2') -0.051897079276773166
(11, 30, 12, 0.04, 0.5, 'log2') -0.05190502484815013
(44, 10, 16, 0.06, 0.75, 'log2') -0.05203220433092717
(79, 24, 40, 0.08, 0.5, 'log2') -0.052052558782849166
(59, 18, 28, 0.1, 1.0, 'log2') -0.052099341383095556
(63, 15, 37, 0.08, 0.5, 'log2') -0.05214364640883972
(40, 41, 24, 0.04, 0.75, 'log2') -0.05222097902097886
(71, 19, 24, 0.08, 0.75, 'log2') -0.0524737133370226
(21, 40, None, 0.02, 0.5, 'log2') -0.05271495714680664
(57, 36, 17, 0.02, 0.5, 'log2') -0.05278593187482678
(83, 27, 27, 0.08, 0.75, 'log2') -0.05289698978182814
(92, 38, 33, 0.02, 0.5, 'log2') -0.05293296089385458
(24, 17, 37, 0.02, 0.75, 'log2') -0.05295177383592007
(35, 34, 34, 0.06, 0.5, 'log2') -0.05318601398601409
(93, 21, 38, 0.04, 1.0, 'log2') -0.05322905027932959
(16, 25, 13, 0.1, 1.0, 'log2') -0.05325412356723498
(69, 12, 32, 0.1, 0.5, 'log2') -0.053286655683690134
(40, 13, 26, 0.06, 1.0, 'log2') -0.05339001951491492
(33, 15, 36, 0.08, 0.75, 'log2') -0.05376490158026059
(10, 25, 25, 0.08, 1.0, 'log2') -0.053918128654970636
(25, 39, 24, 0.02, 0.75, 'log2') -0.05392797783933511
(82, 24, 15, 0.04, 1.0, 'log2') -0.054379029997196515
(27, 36, 20, 0.04, 0.75, 'log2') -0.05450320066796535
(34, 23, 34, 0.02, 0.75, 'log2') -0.05457435046987273
(23, 38, 37, 0.06, 1.0, 'log2') -0.054693251533742354
(95, 27, 29, 0.08, 0.5, 'log2') -0.05487999999999997
(80, 47, 20, 0.04, 0.5, 'log2') -0.054991577765300406
(76, 9, None, 0.08, 1.0, 'log2') -0.055093099671412835
(70, 43, 20, 0.02, 0.75, 'log2') -0.05530963621216321
(47, 22, 34, 0.1, 1.0, 'log2') -0.05531232725262565
(23, 20, 26, 0.1, 0.5, 'log2') -0.05538054084192905
(53, 19, 27, 0.02, 1.0, 'log2') -0.05545860050181196
(43, 44, 31, 0.02, 0.75, 'log2') -0.05551014734500957
(70, 11, 24, 0.1, 1.0, 'log2') -0.05553424657534242
(60, 27, 11, 0.02, 0.5, 'log2') -0.05555401277422925
(41, 16, 29, 0.02, 0.5, 'log2') -0.055585062240663806
(23, 5, 12, 0.02, 0.5, 'log2') -0.05559284731774408
(99, 43, 35, 0.02, 0.75, 'log2') -0.05563022866703835
(28, 49, 15, 0.02, 0.75, 'log2') -0.055664451827242424
(98, 25, None, 0.08, 0.75, 'log2') -0.05574262882336728
(25, 16, 39, 0.06, 0.5, 'log2') -0.055769551906484895
(40, 39, 16, 0.1, 1.0, 'log2') -0.05583471531232725
(77, 32, 32, 0.08, 0.5, 'log2') -0.05586311997783309
(26, 47, 27, 0.02, 0.75, 'log2') -0.05598726114649673
(77, 38, 27, 0.08, 0.75, 'log2') -0.056011095700415944
(19, 18, 37, 0.02, 1.0, 'log2') -0.056437067773167274
(11, 22, 20, 0.04, 0.75, 'log2') -0.0565278543849972
(23, 16, 24, 0.02, 1.0, 'log2') -0.05652908587257605
(43, 36, None, 0.1, 0.5, 'log2') -0.05659805285118226
(87, 17, 30, 0.02, 0.5, 'log2') -0.05670565302144246
(14, 25, 27, 0.08, 0.75, 'log2') -0.05671575437621567
(42, 21, 35, 0.06, 0.5, 'log2') -0.05683375104427733
(74, 25, 40, 0.02, 0.75, 'log2') -0.05688040144967924
(14, 14, 33, 0.04, 0.75, 'log2') -0.05688987271721075
(47, 7, 33, 0.04, 0.5, 'log2') -0.056966323406623956
(54, 16, 19, 0.1, 1.0, 'log2') -0.05706272450953293
(59, 10, 29, 0.1, 0.5, 'log2') -0.05707874449339195
(67, 27, 13, 0.08, 0.75, 'log2') -0.057189144281362535
(96, 40, 13, 0.06, 1.0, 'log2') -0.057199666295884286
(70, 40, 37, 0.02, 0.5, 'log2') -0.05719999999999988
(16, 27, 11, 0.02, 0.75, 'log2') -0.057243855288594235
(34, 17, 39, 0.04, 0.5, 'log2') -0.05733370598099488
(88, 33, 21, 0.04, 0.5, 'log2') -0.05735261401557283
(86, 41, 27, 0.02, 0.75, 'log2') -0.05748533109807209
(17, 20, 36, 0.02, 0.75, 'log2') -0.05751933701657451
(75, 34, 16, 0.06, 0.5, 'log2') -0.05753619153674833
(16, 9, 20, 0.02, 1.0, 'log2') -0.05758344827586197
(26, 28, 18, 0.04, 0.5, 'log2') -0.05759136212624576
(36, 8, 20, 0.04, 0.5, 'log2') -0.0576612903225806
(19, 48, None, 0.04, 0.75, 'log2') -0.05767693588676091
(76, 44, 20, 0.1, 0.75, 'log2') -0.05767758046614869
(12, 21, 40, 0.08, 0.5, 'log2') -0.05770169115608551
(36, 20, None, 0.02, 0.5, 'log2') -0.05773230088495564
(78, 22, 20, 0.02, 0.75, 'log2') -0.05774202574146609
(97, 34, 29, 0.1, 0.5, 'log2') -0.05779310344827573
(11, 40, 34, 0.06, 0.75, 'log2') -0.057800221361372285
(81, 14, 24, 0.1, 1.0, 'log2') -0.057900082349711654
(36, 20, 21, 0.1, 1.0, 'log2') -0.05800441622964392
(20, 22, 23, 0.02, 1.0, 'log2') -0.058050870887475715
(17, 29, 29, 0.04, 1.0, 'log2') -0.05810210876803541
(37, 41, 39, 0.08, 0.5, 'log2') -0.05872417643774425
(16, 27, 24, 0.02, 0.5, 'log2') -0.058739658025372225
(86, 13, 13, 0.06, 0.75, 'log2') -0.058964464186562954
(43, 18, 26, 0.06, 0.75, 'log2') -0.058982768204557945
(70, 40, 22, 0.06, 0.75, 'log2') -0.05898489932885886
(64, 26, 23, 0.04, 0.5, 'log2') -0.05920657015590193
(84, 43, 26, 0.06, 0.5, 'log2') -0.059247222222222166
(73, 45, 31, 0.08, 0.75, 'log2') -0.05934999999999997
(67, 21, 35, 0.04, 0.5, 'log2') -0.059445682451253444
(22, 44, 39, 0.04, 1.0, 'log2') -0.05946841079877528
(84, 16, 36, 0.04, 1.0, 'log2') -0.059543810848400415
(37, 49, 26, 0.08, 1.0, 'log2') -0.05955103179029562
(44, 15, 38, 0.1, 1.0, 'log2') -0.05974104683195588
(57, 14, 27, 0.04, 0.75, 'log2') -0.059997214484679644
(76, 7, 39, 0.1, 1.0, 'log2') -0.06006544859558212
(74, 34, 27, 0.08, 0.75, 'log2') -0.06007491675915637
(49, 45, 33, 0.04, 0.75, 'log2') -0.0601179443976411
(68, 30, 28, 0.02, 0.5, 'log2') -0.06030498041410178
(76, 26, 31, 0.06, 0.5, 'log2') -0.0604129711751661
(33, 42, 24, 0.06, 0.75, 'log2') -0.06053576437587648
(61, 20, 38, 0.1, 1.0, 'log2') -0.06062396921385365
(14, 31, 19, 0.06, 0.75, 'log2') -0.06063315745626204
(49, 14, 34, 0.02, 0.5, 'log2') -0.06065646731571616
(54, 21, 13, 0.04, 0.5, 'log2') -0.06090934449093428
(34, 35, 33, 0.06, 0.75, 'log2') -0.061093444909344444
(21, 8, 29, 0.06, 0.75, 'log2') -0.06120347047299179
(83, 38, 16, 0.06, 0.5, 'log2') -0.06120378092855148
(90, 10, 36, 0.02, 0.5, 'log2') -0.06124755791236385
(47, 26, 33, 0.06, 1.0, 'log2') -0.06128205128205119
(40, 28, 33, 0.08, 1.0, 'log2') -0.061638842515303306
(52, 13, 37, 0.1, 1.0, 'log2') -0.061639614855570804
(25, 46, 31, 0.04, 0.75, 'log2') -0.06179087875417114
(64, 31, 18, 0.04, 0.5, 'log2') -0.06194732418044264
(53, 50, 21, 0.06, 1.0, 'log2') -0.06198603351955315
(31, 5, 37, 0.1, 0.5, 'log2') -0.06224394273127755
(89, 21, 16, 0.1, 0.75, 'log2') -0.06234013230429985
(42, 10, 14, 0.04, 0.5, 'log2') -0.06237855946398659
(44, 6, 40, 0.1, 0.75, 'log2') -0.06254955947136562
(66, 16, 19, 0.04, 1.0, 'log2') -0.06259290304554331
(20, 16, 30, 0.08, 1.0, 'log2') -0.06260857461024504
(49, 13, 22, 0.04, 1.0, 'log2') -0.06269359331476311
(88, 33, 22, 0.04, 1.0, 'log2') -0.06281328495674014
(64, 14, 10, 0.08, 0.75, 'log2') -0.06286862527716182
(34, 32, 23, 0.04, 0.75, 'log2') -0.06296368715083785
(99, 6, 19, 0.1, 0.75, 'log2') -0.06309185347184244
(51, 21, 40, 0.06, 0.5, 'log2') -0.06318800333240772
(18, 47, 38, 0.04, 0.5, 'log2') -0.06318948824343
(19, 31, None, 0.02, 1.0, 'log2') -0.0632098424108376
(93, 6, 37, 0.1, 0.5, 'log2') -0.06336428181321667
(24, 27, 18, 0.1, 0.5, 'log2') -0.06345297718419575
(19, 6, 14, 0.04, 0.75, 'log2') -0.06346633416458854
(59, 38, 28, 0.04, 1.0, 'log2') -0.06351525328855301
(48, 30, 15, 0.06, 0.5, 'log2') -0.06376670378619148
(43, 11, 14, 0.04, 1.0, 'log2') -0.06383097025298852
(60, 26, 32, 0.08, 0.5, 'log2') -0.06384914032168598
(17, 5, 15, 0.04, 0.5, 'log2') -0.06386596510661859
(46, 37, 34, 0.04, 0.5, 'log2') -0.0640195804195804
(80, 5, None, 0.06, 1.0, 'log2') -0.06404020930873022
(34, 9, 12, 0.08, 0.75, 'log2') -0.06413994981878997
(20, 7, 21, 0.04, 1.0, 'log2') -0.06415512465373949
(66, 19, 14, 0.02, 0.5, 'log2') -0.06418824839877467
(29, 43, 38, 0.04, 1.0, 'log2') -0.06418851087562744
(58, 37, 17, 0.06, 0.75, 'log2') -0.064331387267167
(52, 48, 28, 0.08, 1.0, 'log2') -0.06449403936789556
(52, 45, 11, 0.1, 0.75, 'log2') -0.06453177257525071
(42, 36, 30, 0.02, 0.5, 'log2') -0.0646369179600887
(93, 5, 37, 0.02, 0.75, 'log2') -0.06469899665551841
(35, 5, 31, 0.08, 0.75, 'log2') -0.06474266740453781
(12, 14, 14, 0.06, 0.75, 'log2') -0.06487899860917938
(70, 37, 37, 0.06, 0.75, 'log2') -0.06505436297741843
(42, 38, 24, 0.08, 0.75, 'log2') -0.06513935340022291
(58, 35, 18, 0.04, 0.75, 'log2') -0.06514413657990478
(53, 11, 20, 0.08, 0.5, 'log2') -0.06519268089825339
(69, 27, 31, 0.1, 0.75, 'log2') -0.06528015456803747
(92, 48, 33, 0.08, 1.0, 'log2') -0.06531310344827583
(33, 7, 28, 0.08, 0.5, 'log2') -0.06543472260557533
(14, 16, 26, 0.06, 1.0, 'log2') -0.06550166297117517
(56, 50, 13, 0.1, 0.5, 'log2') -0.06553863195790646
(17, 13, 10, 0.06, 0.5, 'log2') -0.06557050742921226
(37, 31, 16, 0.04, 0.75, 'log2') -0.06563930764935792
(18, 37, 38, 0.02, 1.0, 'log2') -0.06564074176584547
(22, 7, 27, 0.02, 0.75, 'log2') -0.0656980923417195
(68, 5, 39, 0.06, 0.5, 'log2') -0.06583241455347291
(53, 41, 17, 0.04, 0.5, 'log2') -0.0660419580419579
(51, 4, 27, 0.02, 0.5, 'log2') -0.06612562534741513
(31, 14, 12, 0.06, 1.0, 'log2') -0.0661329980441464
(58, 50, 38, 0.06, 1.0, 'log2') -0.06615942028985511
(37, 11, 23, 0.06, 0.75, 'log2') -0.06623019182652191
(89, 23, 23, 0.08, 0.75, 'log2') -0.06624415727247726
(57, 29, None, 0.08, 1.0, 'log2') -0.06659751037344397
(82, 23, 21, 0.04, 0.5, 'log2') -0.0666119153674833
(85, 35, 26, 0.02, 0.5, 'log2') -0.06671412618648802
(57, 43, 23, 0.06, 1.0, 'log2') -0.0667178342171364
(33, 40, 24, 0.08, 0.75, 'log2') -0.06680357641799368
(55, 36, 18, 0.06, 0.5, 'log2') -0.06688771245472264
(48, 49, 23, 0.04, 0.75, 'log2') -0.06710193765796123
(89, 20, 29, 0.08, 1.0, 'log2') -0.06727247655819081
(23, 9, 31, 0.04, 1.0, 'log2') -0.06733965421081985
(66, 35, 31, 0.02, 1.0, 'log2') -0.06741103950686464
(25, 38, 38, 0.08, 0.75, 'log2') -0.06762877939529666
(86, 22, 25, 0.08, 1.0, 'log2') -0.06764415156507413
(29, 12, 18, 0.04, 1.0, 'log2') -0.06775818639798484
(88, 7, 19, 0.04, 0.75, 'log2') -0.06798497077650996
(12, 46, 20, 0.06, 1.0, 'log2') -0.0681049723756906
(29, 10, 19, 0.08, 0.75, 'log2') -0.06819290465631936
(13, 3, 24, 0.1, 0.75, 'log2') -0.06830298013245044
(10, 49, 36, 0.08, 1.0, 'log2') -0.06832408435072146
(88, 42, 19, 0.04, 0.75, 'log2') -0.06850111234705229
(65, 13, 16, 0.02, 0.5, 'log2') -0.0685020920502091
(90, 29, 39, 0.02, 0.75, 'log2') -0.06864454443194604
(85, 13, 27, 0.04, 0.75, 'log2') -0.06875556792873036
(76, 42, 18, 0.02, 0.5, 'log2') -0.06877858337981035
(84, 25, 38, 0.06, 0.5, 'log2') -0.06880431774148903
(19, 49, 29, 0.02, 0.75, 'log2') -0.06887016574585623
(82, 30, 14, 0.06, 0.5, 'log2') -0.06890594473904534
(19, 43, None, 0.02, 1.0, 'log2') -0.06892294946147458
(80, 6, 16, 0.02, 1.0, 'log2') -0.06896358543417357
(59, 8, 15, 0.04, 1.0, 'log2') -0.06916643356643355
(88, 20, 38, 0.06, 0.75, 'log2') -0.06928492545554926
(38, 25, 13, 0.02, 0.5, 'log2') -0.06933609958506212
(42, 7, 29, 0.1, 1.0, 'log2') -0.06941419141914183
(13, 44, 25, 0.08, 0.5, 'log2') -0.06945742904841384
(41, 32, 13, 0.08, 1.0, 'log2') -0.06959910913140308
(40, 11, 22, 0.06, 0.75, 'log2') -0.06967436682438076
(51, 48, 26, 0.1, 0.75, 'log2') -0.06976705490848582
(45, 11, 13, 0.04, 1.0, 'log2') -0.06979289112790367
(21, 36, 27, 0.06, 0.75, 'log2') -0.0700335008375209
(42, 3, 33, 0.02, 1.0, 'log2') -0.07004723534315092
(29, 28, 29, 0.04, 0.75, 'log2') -0.0701503759398496
(27, 21, 14, 0.02, 0.75, 'log2') -0.07054009368972161
(42, 5, 19, 0.1, 0.75, 'log2') -0.07057284494629563
(20, 44, 38, 0.06, 1.0, 'log2') -0.07061213132999432
(28, 21, 11, 0.1, 1.0, 'log2') -0.07066184649610684
(56, 10, 22, 0.08, 0.75, 'log2') -0.07077410468319557
(48, 36, 16, 0.08, 0.75, 'log2') -0.07081088586503746
(37, 7, 25, 0.04, 0.75, 'log2') -0.0708175223214285
(18, 24, 30, 0.1, 0.5, 'log2') -0.07087259548369114
(90, 27, 34, 0.06, 0.5, 'log2') -0.07093049016892838
(21, 34, 40, 0.08, 0.75, 'log2') -0.07096846218252874
(57, 38, 34, 0.04, 0.5, 'log2') -0.07112107623318384
(80, 4, 21, 0.04, 1.0, 'log2') -0.07135757912270965
(42, 24, 22, 0.06, 0.75, 'log2') -0.07143455205135353
(55, 18, 19, 0.1, 0.75, 'log2') -0.07158725761772845
(69, 46, 23, 0.02, 0.5, 'log2') -0.07169863775368367
(18, 31, 14, 0.04, 1.0, 'log2') -0.07174273858921154
(89, 40, 11, 0.04, 0.75, 'log2') -0.07174412094064953
(40, 24, 31, 0.04, 1.0, 'log2') -0.07180672268907562
(59, 4, 38, 0.08, 1.0, 'log2') -0.07183617372182514
(33, 49, 25, 0.04, 0.5, 'log2') -0.07199833008627879
(59, 44, 28, 0.06, 0.5, 'log2') -0.07216699246020669
(96, 31, 22, 0.02, 0.75, 'log2') -0.07218442507731239
(71, 21, 10, 0.02, 1.0, 'log2') -0.07236871508379893
(77, 50, 13, 0.06, 1.0, 'log2') -0.07239810161920722
(71, 11, 27, 0.08, 1.0, 'log2') -0.07242990654205601
(65, 35, 39, 0.06, 0.75, 'log2') -0.07246944444444445
(36, 7, 31, 0.1, 0.5, 'log2') -0.07288778877887783
(79, 15, 21, 0.1, 0.75, 'log2') -0.07291678110409222
(47, 29, 16, 0.08, 0.5, 'log2') -0.07301442041042704
(12, 24, 14, 0.1, 0.75, 'log2') -0.07313055555555546
(73, 13, 16, 0.04, 0.75, 'log2') -0.073271054099275
(29, 40, 22, 0.08, 0.5, 'log2') -0.07327217125382271
(69, 43, 14, 0.04, 1.0, 'log2') -0.07327639316718008
(32, 33, 25, 0.04, 0.75, 'log2') -0.07346744900810294
(37, 28, 37, 0.06, 0.75, 'log2') -0.07356465997770362
(42, 30, 14, 0.06, 0.75, 'log2') -0.07376082704666113
(80, 12, 30, 0.02, 0.75, 'log2') -0.07385112359550562
(80, 19, 31, 0.06, 1.0, 'log2') -0.07386526780784093
(11, 37, 36, 0.1, 0.75, 'log2') -0.07395862454570865
(14, 16, 34, 0.04, 0.5, 'log2') -0.07400665004156277
(57, 32, 40, 0.06, 0.5, 'log2') -0.07418591706095175
(17, 29, 35, 0.08, 1.0, 'log2') -0.07421949176207773
(73, 40, 13, 0.08, 1.0, 'log2') -0.07429406850459486
(99, 18, 21, 0.06, 0.75, 'log2') -0.0745479679292231
(45, 40, 25, 0.02, 0.75, 'log2') -0.07459429520908323
(79, 50, 27, 0.08, 0.5, 'log2') -0.07476692563817985
(77, 43, 35, 0.02, 0.5, 'log2') -0.07480055788005573
(64, 22, 32, 0.1, 0.75, 'log2') -0.07495332235035689
(52, 45, 40, 0.02, 1.0, 'log2') -0.07507246376811597
(17, 32, 32, 0.06, 1.0, 'log2') -0.07509040333796943
(78, 36, 33, 0.06, 0.75, 'log2') -0.07509161576901725
(27, 10, 29, 0.06, 0.75, 'log2') -0.07512033195020745
(68, 3, 33, 0.06, 0.75, 'log2') -0.07515879591273138
(36, 49, 22, 0.04, 1.0, 'log2') -0.07518870561923396
(86, 39, 33, 0.04, 1.0, 'log2') -0.07519687238201624
(56, 50, 13, 0.1, 0.75, 'log2') -0.07538011695906434
(42, 35, 32, 0.06, 0.5, 'log2') -0.07583542538354253
(78, 26, 23, 0.02, 1.0, 'log2') -0.07589627959413753
(40, 24, 31, 0.06, 0.5, 'log2') -0.07593281510272061
(98, 24, 11, 0.02, 0.75, 'log2') -0.07593864339994365
(25, 14, 13, 0.1, 1.0, 'log2') -0.07600278551532029
(43, 24, 25, 0.08, 0.5, 'log2') -0.07623997788222281
(14, 26, 12, 0.1, 0.5, 'log2') -0.07632394366197182
(70, 14, 26, 0.04, 1.0, 'log2') -0.07691258351893099
(43, 25, 29, 0.06, 0.5, 'log2') -0.07691409507923273
(35, 21, 36, 0.06, 0.5, 'log2') -0.07692649098474343
(27, 16, 34, 0.06, 1.0, 'log2') -0.07708205841446458
(38, 29, None, 0.08, 0.75, 'log2') -0.07716069941715256
(83, 48, 20, 0.1, 0.5, 'log2') -0.07725587828492393
(37, 31, 25, 0.08, 1.0, 'log2') -0.0773220244716352
(77, 31, 34, 0.06, 0.75, 'log2') -0.07734795890030545
(59, 46, None, 0.04, 1.0, 'log2') -0.07735244988864144
(10, 46, 25, 0.06, 0.75, 'log2') -0.07744875346260396
(90, 28, 33, 0.06, 1.0, 'log2') -0.07791333149323774
(44, 33, 10, 0.06, 0.5, 'log2') -0.07800894854586135
(94, 9, 15, 0.04, 0.5, 'log2') -0.07806550097141261
(36, 29, 18, 0.04, 0.75, 'log2') -0.07812011173184366
(40, 32, 25, 0.08, 0.75, 'log2') -0.07846751804553032
(82, 49, 35, 0.06, 0.5, 'log2') -0.0785264623955431
(14, 19, 23, 0.1, 1.0, 'log2') -0.07857978279030915
(93, 45, 39, 0.1, 0.5, 'log2') -0.07870825282914726
(33, 20, 40, 0.04, 0.75, 'log2') -0.07892936596218014
(68, 10, 34, 0.04, 1.0, 'log2') -0.07898474341192785
(60, 23, 38, 0.1, 1.0, 'log2') -0.07901513067400275
(35, 27, 39, 0.06, 0.75, 'log2') -0.07922604079351782
(23, 6, 35, 0.04, 0.5, 'log2') -0.07924549237170606
(40, 30, 22, 0.1, 1.0, 'log2') -0.07937309292649102
(32, 30, 30, 0.02, 1.0, 'log2') -0.07944752915047186
(16, 3, 37, 0.1, 0.5, 'log2') -0.0795129334067143
(75, 4, 37, 0.06, 1.0, 'log2') -0.07965394122493817
(58, 42, 29, 0.04, 1.0, 'log2') -0.07967995508141502
(13, 50, 28, 0.1, 1.0, 'log2') -0.07976529756915339
(98, 49, 13, 0.04, 0.75, 'log2') -0.08010958134307403
(13, 26, 38, 0.08, 1.0, 'log2') -0.08020868113522549
(91, 14, 19, 0.08, 1.0, 'log2') -0.0803006067291783
(84, 42, 17, 0.04, 1.0, 'log2') -0.08033352017937233
(93, 12, 26, 0.02, 0.75, 'log2') -0.0804372197309417
(18, 20, 32, 0.06, 1.0, 'log2') -0.0804602510460251
(90, 6, 14, 0.02, 0.5, 'log2') -0.08046368715083801
(34, 4, 32, 0.04, 1.0, 'log2') -0.08051003344481612
(69, 26, 34, 0.06, 1.0, 'log2') -0.08059117402164864
(29, 40, 15, 0.04, 1.0, 'log2') -0.08068200954252047
(12, 40, 33, 0.06, 0.5, 'log2') -0.08098809853307512
(27, 42, 30, 0.04, 1.0, 'log2') -0.08108100558659222
(98, 40, 32, 0.04, 1.0, 'log2') -0.08123042505592849
(87, 13, 35, 0.08, 0.75, 'log2') -0.08143837496568758
(19, 37, 23, 0.1, 1.0, 'log2') -0.08151515151515165
(74, 48, 11, 0.08, 0.75, 'log2') -0.0815280088740988
(46, 29, 40, 0.1, 0.5, 'log2') -0.08164640883977918
(27, 38, 30, 0.08, 0.5, 'log2') -0.08174360400444948
(41, 31, 16, 0.1, 1.0, 'log2') -0.08189972144846801
(63, 32, 20, 0.08, 0.75, 'log2') -0.08220498614958453
(36, 30, 20, 0.08, 1.0, 'log2') -0.08230876216968024
(96, 8, None, 0.04, 0.5, 'log2') -0.08234595192042012
(81, 31, 10, 0.04, 0.5, 'log2') -0.08270821688093924
(31, 3, 23, 0.02, 0.75, 'log2') -0.08275699639789429
(13, 3, 20, 0.06, 0.75, 'log2') -0.08306456082017187
(22, 12, 15, 0.1, 0.5, 'log2') -0.08313556972553379
(57, 45, 22, 0.08, 0.75, 'log2') -0.08315410199556547
(43, 33, 38, 0.06, 1.0, 'log2') -0.08340240828899464
(36, 16, 26, 0.04, 1.0, 'log2') -0.08343175487465185
(77, 40, 24, 0.08, 1.0, 'log2') -0.08348946784922398
(55, 10, None, 0.1, 0.5, 'log2') -0.08355946168635009
(96, 20, 10, 0.08, 1.0, 'log2') -0.08385108756274405
(36, 33, 12, 0.1, 1.0, 'log2') -0.08402292423818858
(96, 21, 38, 0.06, 0.75, 'log2') -0.08403978999723678
(16, 16, 27, 0.06, 0.75, 'log2') -0.0840435632504887
(41, 9, 38, 0.04, 1.0, 'log2') -0.08410013908205842
(87, 17, 33, 0.02, 1.0, 'log2') -0.08425639583919045
(83, 10, 32, 0.1, 0.75, 'log2') -0.08435827416712176
(48, 3, 29, 0.06, 0.75, 'log2') -0.08447980077476483
(14, 45, 36, 0.06, 0.75, 'log2') -0.08467297522961327
(83, 16, 32, 0.04, 0.75, 'log2') -0.08500695023630812
(69, 30, 11, 0.04, 1.0, 'log2') -0.08539414414414413
(90, 24, 21, 0.04, 1.0, 'log2') -0.0857099109131404
(40, 29, 15, 0.04, 0.5, 'log2') -0.08575859178541505
(74, 31, 24, 0.04, 1.0, 'log2') -0.08581655480984356
(64, 8, 27, 0.1, 0.75, 'log2') -0.08605471956224353
(80, 27, 14, 0.02, 1.0, 'log2') -0.08653221288515411
(94, 20, 32, 0.08, 0.5, 'log2') -0.08655162893429041
(60, 13, 22, 0.1, 0.5, 'log2') -0.08664096916299574
(33, 36, 17, 0.1, 0.5, 'log2') -0.08671953255425721
(51, 28, 36, 0.06, 0.75, 'log2') -0.08673997772828516
(25, 16, 11, 0.04, 1.0, 'log2') -0.08717086834733888
(80, 50, 13, 0.04, 1.0, 'log2') -0.08725747833379938
(74, 31, 28, 0.08, 0.5, 'log2') -0.08751588836695211
(52, 27, 20, 0.06, 0.75, 'log2') -0.08797109505280717
(81, 13, None, 0.08, 0.5, 'log2') -0.08806789953077569
(78, 19, 22, 0.02, 0.75, 'log2') -0.0880921607193033
(45, 48, 34, 0.1, 1.0, 'log2') -0.08825749167591565
(88, 6, 30, 0.04, 1.0, 'log2') -0.0885122826386972
(16, 20, 30, 0.1, 0.5, 'log2') -0.08886787204450636
(46, 11, 15, 0.08, 1.0, 'log2') -0.08950569286309362
(41, 25, 26, 0.1, 0.5, 'log2') -0.08952999723527791
(78, 15, 26, 0.02, 1.0, 'log2') -0.0903575418994414
(38, 16, 24, 0.1, 1.0, 'log2') -0.0906040454419507
(91, 47, 11, 0.08, 0.5, 'log2') -0.0912590529247912
(47, 20, 13, 0.06, 1.0, 'log2') -0.0917388873357563
(90, 42, 25, 0.02, 1.0, 'log2') -0.09188998589562765
(71, 37, 16, 0.04, 0.75, 'log2') -0.09237307152875192
(43, 8, 38, 0.08, 1.0, 'log2') -0.09254016620498635
(15, 20, 29, 0.1, 1.0, 'log2') -0.09309278350515485
(86, 32, 40, 0.04, 1.0, 'log2') -0.09317902955939775
(74, 23, 31, 0.04, 0.75, 'log2') -0.09363484553298099
(69, 30, 19, 0.04, 0.5, 'log2') -0.09363585590617148
(73, 18, 20, 0.02, 1.0, 'log2') -0.09375664335664342
(69, 8, 13, 0.06, 1.0, 'log2') -0.09398721867185338
(41, 16, 22, 0.08, 0.5, 'log2') -0.09430033185840712
(36, 12, 18, 0.06, 1.0, 'log2') -0.09449888017917148
(53, 15, 28, 0.06, 0.5, 'log2') -0.0958067203554568
(36, 3, 21, 0.08, 0.75, 'log2') -0.09608671637669158
(44, 41, 16, 0.04, 1.0, 'log2') -0.09640917996081733
(38, 45, 11, 0.08, 0.75, 'log2') -0.09680761691402973
(31, 27, 40, 0.1, 0.75, 'log2') -0.09699889563776916
(44, 26, 16, 0.1, 1.0, 'log2') -0.0981026352288489
(80, 8, 31, 0.02, 1.0, 'log2') -0.09873325892857142
(38, 3, 28, 0.06, 1.0, 'log2') -0.09938431805632263
(51, 19, 28, 0.04, 0.75, 'log2') -0.10076254555649021
(16, 46, 31, 0.1, 0.5, 'log2') -0.10088374686367456
(38, 7, 30, 0.08, 0.5, 'log2') -0.10112520683949262
(71, 7, 26, 0.04, 0.75, 'log2') -0.10118592407869206
(40, 9, 29, 0.08, 0.75, 'log2') -0.10189526184538669
(62, 23, 12, 0.04, 0.75, 'log2') -0.10236628395407454
(29, 35, 38, 0.08, 0.5, 'log2') -0.10300444691495289
(82, 27, 27, 0.06, 1.0, 'log2') -0.10373440532298316
(97, 9, 28, 0.02, 1.0, 'log2') -0.10415548098434008
(87, 24, 28, 0.04, 1.0, 'log2') -0.10586607636967361
(47, 50, 10, 0.08, 0.5, 'log2') -0.10864948164752039
(40, 27, 19, 0.04, 1.0, 'log2') -0.10987064116985387
(27, 22, 27, 0.1, 0.75, 'log2') -0.11625381838378229
(19, 9, 17, 0.06, 0.75, 'log2') -0.1258920581655481

code:
estimators = list(range(10,100, 10))
min_samples_leaf_lst = list(range(3,51))
max_depth = [None] + list(range(10,41))
learning_rate = [0.02, 0.04, 0.06, 0.08, 0.1]
subsample = (0.5, 0.75, 1.0)
weigths = [{0.0:2.15865, 1.0:3.84336, 2.0:3.61584}]
max_features = ['log2']
profits = dict()

params = {'learning_rate': learning_rate, 'n_estimators' : estimators, 'subsample': subsample, 'max_depth': max_depth,
          'max_features' : max_features, 'min_samples_leaf' : min_samples_leaf_lst}
params_list = list(ParameterSampler(params, 500))
best_params = dict()

our_tree = tree.DecisionTreeClassifier(min_samples_leaf=52, min_samples_split=42, max_depth=8,
                                       class_weight={0.0:2.15865, 1.0:3.84336, 2.0:3.61584}, random_state=42)

j = 0
for comb in params_list:
    params_tuple = (comb['n_estimators'],
                    comb['min_samples_leaf'], comb['max_depth'], comb['learning_rate'],
                    comb['subsample'], comb['max_features'])
    print(j)
    print(params_tuple)
    j += 1
    clf =GradientBoostingClassifier(min_samples_leaf = comb['min_samples_leaf'], min_samples_split=comb['min_samples_leaf'],
    max_depth = comb['max_depth'], max_features=comb['max_features'], n_estimators=comb['n_estimators'],
                                      random_state=42, init=None)
    clf.fit(best_features, results)
    # if comb['class_weight']  == {0.0:1, 1.0:1, 2.0:1}:
    #     is_weighted = 'umweighted'
    # else:
    #     is_weighted = 'weighted'
    best_params[params_tuple] = play(clf)



sort_orders = sorted(best_params.items(), key=lambda x: x[1], reverse=True)
for i in sort_orders:
      print(i[0], i[1])
