(73, 21, 16, 0.1, 1.0, 'log2') 0.022993559227107257
(96, 33, 20, 0.1, 1.0, 'log2') 0.016541124342287414
(65, 33, 21, 0.08, 0.75, 'log2') 0.015585076314301848
(78, 15, 36, 0.08, 0.75, 'log2') 0.005114990302022712
(60, 15, 16, 0.1, 0.75, 'log2') 0.0042511135857460965
(96, 19, 15, 0.06, 0.75, 'log2') 0.0010751477624542534
(54, 17, 29, 0.08, 0.75, 'log2') -0.0007728927471297217
(59, 50, 22, 0.1, 0.75, 'log2') -0.002461322081575229
(40, 3, 36, 0.1, 0.5, 'log2') -0.003415172413793115
(82, 44, 32, 0.06, 1.0, 'log2') -0.004434955878166796
(90, 7, 31, 0.04, 0.5, 'log2') -0.00652137468566639
(48, 17, 36, 0.08, 0.75, 'log2') -0.006904761904761908
(83, 6, 14, 0.04, 1.0, 'log2') -0.007618776671408227
(85, 28, 23, 0.1, 0.75, 'log2') -0.007643630308076604
(52, 26, 40, 0.08, 0.75, 'log2') -0.00966685330347143
(77, 10, 23, 0.06, 0.75, 'log2') -0.010372236216064958
(79, 17, 40, 0.1, 1.0, 'log2') -0.01046242774566476
(48, 14, 35, 0.08, 1.0, 'log2') -0.012490196078431454
(85, 16, 33, 0.08, 0.75, 'log2') -0.01267753523072674
(60, 28, 17, 0.08, 0.5, 'log2') -0.012949985871715319
(59, 22, 21, 0.08, 0.75, 'log2') -0.01367692742163223
(69, 40, 32, 0.08, 0.75, 'log2') -0.014139482564679442
(81, 40, 37, 0.1, 0.75, 'log2') -0.01433203991130825
(68, 23, 23, 0.08, 0.75, 'log2') -0.015223338916806241
(44, 44, 10, 0.1, 0.75, 'log2') -0.015320678746045513
(28, 40, 28, 0.1, 1.0, 'log2') -0.015486425339366533
(78, 42, 21, 0.06, 1.0, 'log2') -0.015496876774559916
(98, 19, 40, 0.08, 0.75, 'log2') -0.016856668511344798
(93, 30, 24, 0.06, 1.0, 'log2') -0.01688995215311002
(86, 47, 39, 0.06, 1.0, 'log2') -0.017222379203164762
(58, 22, 18, 0.06, 0.75, 'log2') -0.017509982886480337
(62, 27, 35, 0.06, 0.5, 'log2') -0.017643221781055114
(45, 30, 22, 0.06, 0.5, 'log2') -0.01824081981212656
(93, 3, 40, 0.08, 0.5, 'log2') -0.018356652949245572
(33, 8, 29, 0.06, 0.75, 'log2') -0.018566186847304662
(76, 31, 37, 0.04, 0.75, 'log2') -0.019417336394948366
(69, 31, 16, 0.04, 1.0, 'log2') -0.019472616632860096
(38, 12, None, 0.06, 0.75, 'log2') -0.01966469428007885
(67, 30, 30, 0.08, 1.0, 'log2') -0.019932697700504796
(51, 15, 32, 0.06, 1.0, 'log2') -0.019943214082907616
(42, 45, 22, 0.1, 0.75, 'log2') -0.019985843714609295
(93, 38, 26, 0.08, 0.5, 'log2') -0.020011204481792756
(89, 28, 40, 0.08, 0.5, 'log2') -0.020476718403547686
(81, 15, 21, 0.06, 0.75, 'log2') -0.020723702664796638
(54, 4, 13, 0.1, 1.0, 'log2') -0.021015820149875134
(39, 6, 36, 0.1, 1.0, 'log2') -0.021046672190002814
(26, 9, 21, 0.1, 0.5, 'log2') -0.02277901785714288
(96, 28, 40, 0.1, 0.75, 'log2') -0.022790055248618817
(72, 26, 39, 0.08, 1.0, 'log2') -0.022810055865921827
(99, 49, 36, 0.08, 0.75, 'log2') -0.022919585318016245
(90, 32, 12, 0.04, 0.75, 'log2') -0.022966781214203952
(54, 39, 21, 0.08, 1.0, 'log2') -0.02308042057402672
(36, 50, 27, 0.1, 0.75, 'log2') -0.02327386009628995
(99, 16, 39, 0.06, 1.0, 'log2') -0.024001105277701003
(80, 21, 10, 0.08, 0.75, 'log2') -0.024323637390567625
(57, 13, 40, 0.1, 0.5, 'log2') -0.0258873861440795
(26, 10, 18, 0.1, 0.75, 'log2') -0.026006711409396126
(48, 30, 23, 0.08, 0.75, 'log2') -0.02654150197628467
(93, 41, 10, 0.08, 0.75, 'log2') -0.026717948717948647
(83, 23, 40, 0.04, 0.5, 'log2') -0.026750851305334857
(88, 28, 14, 0.04, 0.5, 'log2') -0.026897147796024288
(52, 44, 32, 0.08, 0.75, 'log2') -0.02708144796380087
(77, 37, 22, 0.08, 1.0, 'log2') -0.027136044880785436
(28, 9, 33, 0.08, 1.0, 'log2') -0.02735047512576856
(82, 24, 28, 0.06, 0.5, 'log2') -0.027387870239774334
(74, 6, 16, 0.08, 0.75, 'log2') -0.02739950097033547
(41, 9, 36, 0.1, 0.75, 'log2') -0.02749582637729563
(84, 42, 27, 0.06, 0.75, 'log2') -0.02751056040551961
(86, 40, 24, 0.1, 0.75, 'log2') -0.02789356366675955
(93, 24, 14, 0.08, 0.75, 'log2') -0.0281227234519474
(56, 35, 22, 0.08, 0.75, 'log2') -0.028126760563380156
(71, 8, 11, 0.04, 0.75, 'log2') -0.02842408527801798
(84, 34, 12, 0.1, 0.5, 'log2') -0.02908454647256434
(93, 20, 23, 0.06, 1.0, 'log2') -0.029298490776970307
(63, 20, 39, 0.08, 1.0, 'log2') -0.029349162011173123
(54, 30, 17, 0.1, 0.75, 'log2') -0.029375351716375928
(87, 16, 22, 0.06, 0.5, 'log2') -0.02941209563994367
(75, 28, 12, 0.04, 1.0, 'log2') -0.029455230368009268
(74, 19, 30, 0.08, 1.0, 'log2') -0.029546460176991182
(83, 5, 11, 0.1, 0.75, 'log2') -0.029750554323725104
(90, 28, 10, 0.06, 1.0, 'log2') -0.029765848086807677
(29, 15, 13, 0.08, 0.75, 'log2') -0.030028653295128993
(48, 14, 30, 0.08, 0.75, 'log2') -0.030095478798090453
(36, 24, 29, 0.1, 0.75, 'log2') -0.030287000562746233
(47, 24, 32, 0.06, 0.75, 'log2') -0.03029018492176401
(99, 32, 14, 0.08, 1.0, 'log2') -0.030302775441547507
(59, 38, 34, 0.06, 1.0, 'log2') -0.030785370002835325
(84, 27, 15, 0.08, 0.75, 'log2') -0.030883014623172233
(20, 28, 13, 0.1, 0.75, 'log2') -0.030973729297544335
(87, 13, 19, 0.06, 1.0, 'log2') -0.03115330913152747
(56, 49, 16, 0.08, 1.0, 'log2') -0.03178023850085183
(89, 15, 30, 0.1, 0.75, 'log2') -0.031798898071625295
(72, 20, 15, 0.06, 1.0, 'log2') -0.031813031161473056
(24, 30, 17, 0.08, 0.5, 'log2') -0.031897142857142936
(51, 17, 35, 0.08, 0.75, 'log2') -0.03203812727782445
(65, 41, 31, 0.1, 0.5, 'log2') -0.032122231567143264
(80, 12, 35, 0.1, 0.75, 'log2') -0.03252195389681673
(71, 45, 26, 0.1, 0.5, 'log2') -0.03269112293475231
(72, 44, 35, 0.06, 0.5, 'log2') -0.03299346776483962
(48, 39, 26, 0.08, 0.5, 'log2') -0.03316073968705556
(76, 23, 37, 0.04, 0.5, 'log2') -0.03324842587292503
(50, 28, 23, 0.08, 0.75, 'log2') -0.03396279594137527
(33, 4, 23, 0.1, 0.5, 'log2') -0.03397998888271254
(99, 20, 39, 0.04, 0.75, 'log2') -0.03466008462623423
(80, 30, 31, 0.1, 1.0, 'log2') -0.03466944444444437
(91, 42, 25, 0.04, 0.75, 'log2') -0.034708737864077736
(81, 30, 38, 0.1, 0.75, 'log2') -0.03560199280376415
(69, 9, 26, 0.08, 0.5, 'log2') -0.0356932889628398
(67, 22, 22, 0.08, 1.0, 'log2') -0.03579434015130287
(82, 30, 24, 0.06, 1.0, 'log2') -0.03603794958935143
(30, 16, 20, 0.1, 1.0, 'log2') -0.03608169014084509
(89, 48, 38, 0.1, 1.0, 'log2') -0.036193925884647433
(87, 20, 37, 0.08, 1.0, 'log2') -0.03628183831672201
(97, 11, 22, 0.02, 0.75, 'log2') -0.036293425208153964
(38, 42, 20, 0.1, 1.0, 'log2') -0.03647125140924463
(61, 29, 39, 0.06, 0.5, 'log2') -0.036477434005109236
(74, 49, 39, 0.04, 1.0, 'log2') -0.03661975875933387
(31, 34, 38, 0.1, 1.0, 'log2') -0.03672163775945405
(40, 23, 37, 0.1, 0.5, 'log2') -0.03677861740834049
(91, 30, 21, 0.06, 1.0, 'log2') -0.036852891633913636
(70, 43, 40, 0.08, 1.0, 'log2') -0.0369656917885264
(83, 11, 31, 0.1, 0.5, 'log2') -0.037337001375515703
(98, 37, 17, 0.1, 1.0, 'log2') -0.03738431698531435
(69, 11, 19, 0.1, 0.75, 'log2') -0.03742691671263097
(77, 16, 22, 0.04, 0.5, 'log2') -0.03751205673758868
(98, 50, 28, 0.04, 0.75, 'log2') -0.037561888313183585
(54, 45, 13, 0.08, 0.75, 'log2') -0.03788292128445581
(87, 8, None, 0.06, 1.0, 'log2') -0.03832919768403624
(49, 39, 36, 0.06, 1.0, 'log2') -0.03847369933889055
(63, 34, 27, 0.1, 0.75, 'log2') -0.038655085458111374
(38, 24, 10, 0.06, 0.75, 'log2') -0.03886244921648288
(92, 26, 23, 0.06, 0.5, 'log2') -0.03897970687711391
(55, 10, 26, 0.04, 0.75, 'log2') -0.039055587067498614
(94, 24, 32, 0.02, 1.0, 'log2') -0.03909247558874216
(84, 46, None, 0.04, 0.5, 'log2') -0.039119081779053134
(71, 21, 31, 0.08, 1.0, 'log2') -0.039169213670463936
(80, 3, 12, 0.06, 0.75, 'log2') -0.03933689238550137
(56, 43, 11, 0.08, 0.5, 'log2') -0.039355203619909525
(95, 14, 33, 0.1, 0.5, 'log2') -0.03944398568676005
(61, 36, 15, 0.1, 1.0, 'log2') -0.039861971830985915
(49, 43, 20, 0.06, 0.75, 'log2') -0.03992270254795308
(31, 12, 31, 0.08, 0.5, 'log2') -0.04013217097862771
(80, 4, 23, 0.1, 0.5, 'log2') -0.04059017293439466
(45, 43, 31, 0.08, 0.75, 'log2') -0.04078683834048635
(60, 21, 35, 0.06, 1.0, 'log2') -0.041169309173272994
(54, 10, 36, 0.06, 0.5, 'log2') -0.04150070126227216
(83, 11, 20, 0.08, 0.5, 'log2') -0.04164448141985562
(82, 36, 30, 0.08, 0.5, 'log2') -0.041897233201581015
(83, 12, 22, 0.1, 0.75, 'log2') -0.04240440165061884
(43, 15, 13, 0.1, 0.75, 'log2') -0.04253329555114768
(66, 21, 30, 0.1, 0.75, 'log2') -0.04283919597989926
(51, 7, 31, 0.06, 0.75, 'log2') -0.04327919350322029
(72, 8, 16, 0.06, 0.5, 'log2') -0.04328947368421047
(86, 43, 27, 0.08, 0.5, 'log2') -0.04335294117647041
(34, 14, 36, 0.1, 0.5, 'log2') -0.04336317851147167
(53, 28, 39, 0.08, 1.0, 'log2') -0.04403139893467897
(98, 42, 15, 0.08, 0.75, 'log2') -0.04403819151923619
(36, 16, 19, 0.06, 1.0, 'log2') -0.044135211267605515
(83, 26, 40, 0.06, 0.75, 'log2') -0.0441418120427686
(47, 36, 18, 0.04, 1.0, 'log2') -0.04421802325581398
(68, 30, 27, 0.08, 0.5, 'log2') -0.04463435135892415
(96, 4, 32, 0.1, 0.5, 'log2') -0.04472762113331499
(92, 36, 20, 0.06, 1.0, 'log2') -0.044823894054663214
(94, 29, 28, 0.04, 0.5, 'log2') -0.04495021337126597
(96, 43, 31, 0.1, 1.0, 'log2') -0.04498617256637148
(41, 5, 22, 0.04, 1.0, 'log2') -0.04513368983957223
(77, 39, 27, 0.1, 0.5, 'log2') -0.04518021793797145
(29, 4, 11, 0.06, 0.5, 'log2') -0.04520970042796013
(80, 22, 14, 0.06, 0.5, 'log2') -0.04522990126939345
(89, 32, 30, 0.04, 0.5, 'log2') -0.04524857142857144
(26, 34, 20, 0.1, 0.75, 'log2') -0.045414192818773014
(90, 22, 23, 0.1, 0.75, 'log2') -0.045472787245739325
(56, 16, 38, 0.06, 0.75, 'log2') -0.045814409868236636
(48, 46, 10, 0.06, 0.5, 'log2') -0.04602159953298304
(85, 4, 16, 0.06, 0.75, 'log2') -0.04616514269880838
(62, 5, 18, 0.1, 0.75, 'log2') -0.04619729953155123
(54, 39, 36, 0.1, 1.0, 'log2') -0.04624157303370776
(38, 47, 30, 0.06, 0.5, 'log2') -0.04698805709292172
(59, 21, None, 0.1, 0.5, 'log2') -0.04711277362150183
(53, 44, 39, 0.06, 0.75, 'log2') -0.04719851045545689
(43, 50, 12, 0.06, 0.75, 'log2') -0.04724157788655343
(72, 41, 33, 0.04, 0.5, 'log2') -0.047483405483405614
(98, 41, 11, 0.04, 0.75, 'log2') -0.047594752186589005
(65, 4, 15, 0.08, 1.0, 'log2') -0.0476566833056016
(69, 11, 36, 0.1, 1.0, 'log2') -0.047661268185561136
(35, 25, 39, 0.08, 0.75, 'log2') -0.04796958603210359
(87, 36, 38, 0.06, 1.0, 'log2') -0.0484448207733558
(19, 48, 19, 0.1, 0.75, 'log2') -0.048483641536273034
(42, 19, None, 0.1, 1.0, 'log2') -0.048680768160311694
(51, 9, 25, 0.1, 0.5, 'log2') -0.048827757810340086
(80, 18, 30, 0.04, 0.75, 'log2') -0.04885250569476086
(18, 17, 22, 0.08, 1.0, 'log2') -0.048885762521103084
(94, 27, 22, 0.1, 1.0, 'log2') -0.04909722222222217
(68, 16, None, 0.08, 0.75, 'log2') -0.04909795240730472
(83, 5, 27, 0.1, 1.0, 'log2') -0.049519257033597226
(85, 6, 22, 0.04, 0.75, 'log2') -0.04956142816980602
(91, 14, 25, 0.1, 0.75, 'log2') -0.04979367262723501
(72, 26, 37, 0.04, 0.75, 'log2') -0.04985474223867846
(55, 14, None, 0.04, 0.5, 'log2') -0.04992006851270348
(59, 11, 13, 0.06, 1.0, 'log2') -0.04999144811858601
(90, 38, 33, 0.08, 0.75, 'log2') -0.05004473022085548
(28, 8, 28, 0.1, 0.75, 'log2') -0.05019214703425242
(73, 49, 39, 0.04, 0.5, 'log2') -0.05037294015611457
(75, 50, 26, 0.06, 0.75, 'log2') -0.05080773606370877
(30, 44, 39, 0.1, 1.0, 'log2') -0.05090729225551146
(24, 33, 27, 0.08, 0.5, 'log2') -0.051142775719578384
(65, 4, 30, 0.08, 1.0, 'log2') -0.051697235149192264
(65, 11, 25, 0.08, 1.0, 'log2') -0.051991712707182156
(94, 28, 11, 0.06, 0.75, 'log2') -0.05223468507333905
(38, 43, 23, 0.1, 0.75, 'log2') -0.05267781241144798
(61, 30, 36, 0.04, 0.5, 'log2') -0.052685025817555985
(86, 19, 35, 0.1, 0.5, 'log2') -0.052751381215469545
(52, 3, 36, 0.04, 0.5, 'log2') -0.052969187675069904
(77, 24, 33, 0.08, 0.5, 'log2') -0.053064291678263126
(81, 24, 10, 0.08, 1.0, 'log2') -0.05324757004002293
(66, 9, 15, 0.08, 1.0, 'log2') -0.05338161559888567
(55, 18, 11, 0.06, 1.0, 'log2') -0.05427161926871721
(52, 6, 15, 0.08, 0.75, 'log2') -0.054344422700587126
(86, 32, 29, 0.1, 0.75, 'log2') -0.05442750207929007
(33, 38, 31, 0.1, 0.5, 'log2') -0.054512022630834385
(64, 8, 10, 0.1, 0.5, 'log2') -0.055072951739618396
(79, 50, 34, 0.04, 0.75, 'log2') -0.055332754629629666
(90, 18, 23, 0.02, 1.0, 'log2') -0.05559136690647488
(59, 24, 10, 0.04, 0.5, 'log2') -0.05581313868613142
(31, 9, 19, 0.06, 0.5, 'log2') -0.0559955005624298
(99, 49, 32, 0.04, 0.5, 'log2') -0.05607939727615189
(45, 14, 33, 0.06, 0.75, 'log2') -0.0560911406736485
(61, 6, 13, 0.04, 0.75, 'log2') -0.05619766448305304
(76, 50, 22, 0.04, 0.5, 'log2') -0.056332948643969975
(72, 35, 31, 0.08, 0.75, 'log2') -0.056412859560067544
(65, 7, 29, 0.08, 0.75, 'log2') -0.056590027700830894
(74, 21, 12, 0.04, 0.5, 'log2') -0.056724688134609846
(42, 26, 21, 0.08, 1.0, 'log2') -0.05683300255174371
(31, 49, 11, 0.1, 0.5, 'log2') -0.057005747126436745
(40, 5, 21, 0.04, 0.5, 'log2') -0.05733127109111354
(27, 29, 25, 0.1, 1.0, 'log2') -0.057536067892503595
(45, 28, 36, 0.1, 1.0, 'log2') -0.05755549311604381
(34, 5, 30, 0.08, 1.0, 'log2') -0.05771548117154809
(29, 44, 32, 0.06, 0.5, 'log2') -0.05797768878718543
(95, 50, 15, 0.06, 1.0, 'log2') -0.05805405405405397
(32, 19, 32, 0.1, 0.5, 'log2') -0.058082306830907066
(56, 20, 23, 0.04, 1.0, 'log2') -0.058109581181870366
(65, 28, 40, 0.04, 0.5, 'log2') -0.05904350331316625
(31, 48, 30, 0.1, 1.0, 'log2') -0.059107901444349964
(66, 16, 19, 0.06, 0.5, 'log2') -0.05926856820107303
(99, 15, 11, 0.08, 1.0, 'log2') -0.05940502793296082
(88, 6, 32, 0.04, 0.75, 'log2') -0.05971748251748244
(63, 44, 15, 0.06, 0.75, 'log2') -0.05982827704636515
(60, 3, 22, 0.04, 1.0, 'log2') -0.0598597475455819
(17, 4, 32, 0.1, 0.5, 'log2') -0.0599003046247577
(41, 11, 38, 0.06, 0.5, 'log2') -0.0599774774774776
(66, 37, 35, 0.06, 0.5, 'log2') -0.06001410039481103
(16, 18, 27, 0.08, 1.0, 'log2') -0.060031143827859686
(48, 18, 30, 0.06, 1.0, 'log2') -0.06015904572564612
(98, 7, 28, 0.02, 1.0, 'log2') -0.06038505419281235
(88, 6, 24, 0.1, 0.5, 'log2') -0.060581459133296545
(37, 5, 17, 0.1, 0.75, 'log2') -0.06060462524380047
(32, 32, 24, 0.08, 0.5, 'log2') -0.060772933182332976
(46, 19, 26, 0.08, 0.5, 'log2') -0.06101971830985914
(26, 23, 16, 0.1, 0.5, 'log2') -0.06104697226938323
(61, 7, 18, 0.02, 0.5, 'log2') -0.06105728127671702
(99, 32, 33, 0.02, 0.75, 'log2') -0.06115878575598366
(26, 7, 33, 0.04, 1.0, 'log2') -0.06117063492063503
(79, 29, None, 0.02, 0.75, 'log2') -0.06188619295205096
(23, 12, 34, 0.04, 0.5, 'log2') -0.06210243350311263
(63, 45, 12, 0.04, 0.5, 'log2') -0.0623304347826088
(57, 50, 23, 0.04, 1.0, 'log2') -0.06235294117647053
(55, 44, 29, 0.04, 0.75, 'log2') -0.06248034934497818
(32, 35, 23, 0.06, 1.0, 'log2') -0.06255587392550156
(57, 41, 30, 0.06, 1.0, 'log2') -0.06263936291240058
(53, 40, 22, 0.04, 0.75, 'log2') -0.06273354412187414
(15, 3, 15, 0.08, 0.5, 'log2') -0.06280970982142875
(33, 22, 40, 0.1, 0.75, 'log2') -0.0629601571268238
(31, 27, 10, 0.06, 1.0, 'log2') -0.06297741273100618
(50, 41, 18, 0.08, 0.75, 'log2') -0.06302788844621508
(22, 11, 17, 0.06, 1.0, 'log2') -0.06320509193776529
(69, 45, 13, 0.1, 1.0, 'log2') -0.06331543244771065
(37, 22, 26, 0.06, 0.75, 'log2') -0.06347365406643762
(31, 9, 34, 0.04, 0.5, 'log2') -0.06436152099886495
(65, 49, 22, 0.04, 0.75, 'log2') -0.06452792170408761
(46, 28, 23, 0.08, 0.5, 'log2') -0.0647454751131222
(79, 14, 27, 0.04, 0.5, 'log2') -0.06495454545454549
(64, 29, 31, 0.1, 1.0, 'log2') -0.06511764705882338
(22, 47, 26, 0.08, 0.75, 'log2') -0.06519280205655528
(60, 8, 30, 0.02, 0.75, 'log2') -0.06539142857142857
(41, 41, 14, 0.1, 0.5, 'log2') -0.06556665715101345
(20, 14, 29, 0.08, 0.5, 'log2') -0.06595834506051228
(54, 18, 15, 0.02, 0.5, 'log2') -0.06600751662330154
(79, 7, 28, 0.02, 0.75, 'log2') -0.06617865296803664
(52, 3, 15, 0.08, 0.75, 'log2') -0.06630876216967997
(82, 18, None, 0.1, 0.5, 'log2') -0.06726344827586213
(44, 36, 23, 0.04, 0.75, 'log2') -0.06730204434206731
(42, 27, 13, 0.1, 1.0, 'log2') -0.06742256322818976
(30, 33, 26, 0.06, 0.5, 'log2') -0.0674529378208786
(34, 29, 23, 0.06, 0.75, 'log2') -0.06758345221112698
(79, 38, 21, 0.04, 0.5, 'log2') -0.06787012987012994
(33, 13, 12, 0.04, 0.5, 'log2') -0.06815668202764961
(47, 16, 10, 0.04, 0.5, 'log2') -0.0683818024762453
(19, 31, 10, 0.06, 0.5, 'log2') -0.06848449724717487
(83, 42, 40, 0.02, 0.5, 'log2') -0.06874383521903105
(28, 28, 34, 0.1, 1.0, 'log2') -0.06894260672886639
(39, 24, 39, 0.06, 1.0, 'log2') -0.06896052257881292
(85, 40, 37, 0.02, 1.0, 'log2') -0.06917271407837443
(26, 30, 26, 0.1, 0.5, 'log2') -0.06929375351716367
(51, 28, 21, 0.08, 0.5, 'log2') -0.06963963963963969
(80, 20, 38, 0.06, 0.5, 'log2') -0.06985986547085199
(69, 32, 28, 0.08, 0.75, 'log2') -0.06987695749440712
(85, 36, 12, 0.04, 0.75, 'log2') -0.07000289771080848
(47, 3, 39, 0.06, 0.75, 'log2') -0.0701224944320711
(42, 25, 25, 0.04, 0.5, 'log2') -0.0702254566210046
(23, 29, 32, 0.08, 1.0, 'log2') -0.07023142857142858
(75, 32, 19, 0.02, 0.5, 'log2') -0.07045428240740738
(18, 37, 18, 0.1, 1.0, 'log2') -0.07115175764504134
(37, 47, 32, 0.04, 0.75, 'log2') -0.07131753828373306
(90, 24, 39, 0.02, 0.75, 'log2') -0.07132986412257877
(84, 21, 10, 0.06, 0.5, 'log2') -0.0716279069767442
(45, 28, 34, 0.06, 1.0, 'log2') -0.0716481005427021
(30, 11, 26, 0.1, 1.0, 'log2') -0.0716755244755244
(31, 30, 35, 0.08, 1.0, 'log2') -0.07167758473369411
(26, 7, 18, 0.06, 0.5, 'log2') -0.07185529279279292
(37, 50, 30, 0.04, 0.5, 'log2') -0.071943963027152
(25, 47, 13, 0.08, 1.0, 'log2') -0.07235243305499567
(88, 41, 33, 0.02, 0.5, 'log2') -0.07240520984081023
(90, 20, 29, 0.04, 0.5, 'log2') -0.07255041181482544
(46, 46, 13, 0.06, 1.0, 'log2') -0.07273702522470289
(65, 20, 35, 0.02, 1.0, 'log2') -0.07292647903503727
(38, 35, 15, 0.08, 0.75, 'log2') -0.07302485004284492
(55, 16, 33, 0.04, 0.5, 'log2') -0.0731119977201482
(23, 13, 15, 0.1, 0.75, 'log2') -0.07358330983930085
(62, 23, 26, 0.02, 0.75, 'log2') -0.07361223312175424
(96, 43, 19, 0.02, 0.5, 'log2') -0.0736885245901639
(98, 16, 31, 0.02, 1.0, 'log2') -0.07373789173789186
(83, 27, 36, 0.02, 1.0, 'log2') -0.07406691664263053
(16, 49, 20, 0.08, 1.0, 'log2') -0.07453147251495298
(71, 45, 36, 0.02, 0.75, 'log2') -0.07553389583939486
(81, 49, 30, 0.1, 0.75, 'log2') -0.07570471671783414
(20, 47, 31, 0.08, 0.5, 'log2') -0.07576494137832429
(15, 11, 25, 0.04, 0.5, 'log2') -0.07621091529278004
(64, 21, 39, 0.06, 1.0, 'log2') -0.07624789207419906
(13, 34, 25, 0.06, 1.0, 'log2') -0.07662315550510783
(13, 21, 34, 0.1, 0.5, 'log2') -0.07709895686495646
(23, 8, None, 0.1, 0.75, 'log2') -0.07756485355648542
(24, 33, 21, 0.08, 0.75, 'log2') -0.07776427360090454
(58, 8, 24, 0.02, 0.5, 'log2') -0.07788996029495175
(91, 12, 12, 0.02, 1.0, 'log2') -0.07790467887242075
(81, 30, 40, 0.02, 0.5, 'log2') -0.07794730746960046
(87, 17, 13, 0.04, 1.0, 'log2') -0.07805045871559642
(49, 34, None, 0.06, 1.0, 'log2') -0.07810108509423204
(14, 22, 31, 0.08, 0.75, 'log2') -0.07827654181920593
(86, 16, 34, 0.02, 0.75, 'log2') -0.07842045129962859
(32, 3, 31, 0.08, 1.0, 'log2') -0.07864534075104318
(38, 7, 27, 0.02, 0.75, 'log2') -0.07865586814435915
(28, 30, 38, 0.06, 0.75, 'log2') -0.07891218130311627
(90, 45, 11, 0.06, 0.5, 'log2') -0.07905520774046676
(65, 15, 14, 0.02, 1.0, 'log2') -0.07931273462315912
(50, 17, 10, 0.06, 1.0, 'log2') -0.07992173913043484
(85, 42, 10, 0.02, 0.5, 'log2') -0.07999705275567343
(35, 16, None, 0.1, 0.5, 'log2') -0.08013974287311358
(16, 17, 38, 0.06, 0.5, 'log2') -0.08015837104072392
(28, 14, 15, 0.04, 0.5, 'log2') -0.08032590051457981
(64, 27, None, 0.04, 0.5, 'log2') -0.08055205949656757
(42, 48, 19, 0.04, 1.0, 'log2') -0.08079236552920768
(12, 31, 25, 0.08, 1.0, 'log2') -0.08150863288989527
(95, 26, 36, 0.02, 0.75, 'log2') -0.08214593507612752
(24, 31, 10, 0.06, 0.75, 'log2') -0.08218460648148147
(14, 9, 10, 0.08, 0.5, 'log2') -0.08267979452054805
(67, 49, 32, 0.02, 0.75, 'log2') -0.08321895899970928
(51, 20, 20, 0.04, 0.5, 'log2') -0.08364672364672374
(16, 7, 31, 0.04, 0.5, 'log2') -0.08404225352112676
(28, 42, 23, 0.08, 0.5, 'log2') -0.0843398392652125
(16, 38, 26, 0.08, 0.5, 'log2') -0.08453666856168283
(54, 21, 19, 0.02, 0.75, 'log2') -0.08498148675591008
(23, 23, 19, 0.06, 1.0, 'log2') -0.08528329019269486
(14, 43, 38, 0.06, 1.0, 'log2') -0.08557122302158283
(99, 44, 29, 0.02, 0.75, 'log2') -0.08574535962877022
(15, 50, 17, 0.1, 0.75, 'log2') -0.08622759601706972
(38, 20, 14, 0.02, 0.75, 'log2') -0.08627411459833005
(34, 10, 19, 0.02, 0.75, 'log2') -0.08692527912968798
(21, 42, 38, 0.08, 1.0, 'log2') -0.0870539537539252
(48, 48, 32, 0.02, 0.75, 'log2') -0.08707728065078449
(17, 45, 40, 0.1, 0.75, 'log2') -0.08708178968367053
(96, 13, 32, 0.02, 0.75, 'log2') -0.08739781232009207
(78, 14, 38, 0.02, 0.75, 'log2') -0.08741132723112129
(39, 22, 34, 0.02, 1.0, 'log2') -0.08746149458071881
(94, 30, 31, 0.06, 0.75, 'log2') -0.08753363228699548
(49, 8, 33, 0.04, 0.5, 'log2') -0.08754786036036029
(18, 41, 37, 0.06, 0.5, 'log2') -0.08766581269570169
(40, 46, 25, 0.1, 0.5, 'log2') -0.0881168462847421
(29, 15, 11, 0.06, 0.75, 'log2') -0.08825524576027602
(17, 18, 13, 0.04, 0.5, 'log2') -0.08833045977011506
(95, 21, 10, 0.02, 0.5, 'log2') -0.0885399529964748
(49, 16, 13, 0.02, 0.75, 'log2') -0.08907993099482463
(57, 38, 38, 0.02, 1.0, 'log2') -0.0891359084406295
(36, 31, 27, 0.04, 0.5, 'log2') -0.08915288077581297
(12, 10, 13, 0.1, 0.75, 'log2') -0.08920887877063181
(18, 42, 27, 0.08, 0.5, 'log2') -0.08924587364826428
(39, 48, None, 0.1, 0.5, 'log2') -0.08949463579898369
(49, 17, 11, 0.02, 0.75, 'log2') -0.08952728333819668
(99, 9, 33, 0.02, 0.75, 'log2') -0.0896748431260696
(78, 47, 36, 0.02, 0.5, 'log2') -0.08990732696206187
(32, 23, 12, 0.08, 0.5, 'log2') -0.09064340863597367
(45, 43, 14, 0.02, 1.0, 'log2') -0.09068744538304704
(20, 24, 20, 0.08, 1.0, 'log2') -0.09071246097076353
(18, 45, 27, 0.04, 0.5, 'log2') -0.09072392990519966
(13, 4, 33, 0.06, 0.5, 'log2') -0.09084707855745043
(35, 3, 36, 0.02, 0.5, 'log2') -0.09109915014164298
(76, 11, 15, 0.02, 1.0, 'log2') -0.09133623188405808
(89, 46, 39, 0.02, 0.5, 'log2') -0.09137851143932811
(66, 36, 23, 0.04, 0.5, 'log2') -0.09181373958033913
(15, 40, 16, 0.04, 0.75, 'log2') -0.09196566523605161
(92, 41, 17, 0.02, 1.0, 'log2') -0.09217708942139106
(12, 20, 33, 0.04, 0.5, 'log2') -0.09242346938775521
(49, 50, 40, 0.02, 0.75, 'log2') -0.09242662016855571
(58, 16, 33, 0.02, 0.5, 'log2') -0.09274101540216774
(60, 47, 20, 0.04, 0.5, 'log2') -0.0931481481481483
(56, 9, 21, 0.02, 1.0, 'log2') -0.09327719097916062
(42, 32, None, 0.04, 0.5, 'log2') -0.0934184112417551
(47, 36, 21, 0.02, 1.0, 'log2') -0.09367412140575089
(92, 15, 24, 0.02, 0.75, 'log2') -0.09387603541845188
(53, 10, 24, 0.02, 0.5, 'log2') -0.09387603541845199
(47, 16, 26, 0.02, 0.5, 'log2') -0.09403216542217112
(25, 7, 10, 0.1, 0.5, 'log2') -0.09418405258645333
(36, 39, 12, 0.04, 0.5, 'log2') -0.09424189814814818
(10, 44, 14, 0.06, 0.5, 'log2') -0.09430412371134034
(61, 30, 39, 0.02, 0.5, 'log2') -0.09456559263521284
(29, 4, 21, 0.02, 0.75, 'log2') -0.0948760563380283
(52, 48, 12, 0.02, 1.0, 'log2') -0.09505247813411082
(19, 26, 18, 0.08, 0.75, 'log2') -0.09507246376811604
(19, 7, 18, 0.04, 0.5, 'log2') -0.09534409515717938
(94, 37, 29, 0.02, 0.5, 'log2') -0.0954571759259259
(32, 43, 27, 0.08, 0.75, 'log2') -0.0965046029919449
(49, 43, 10, 0.02, 1.0, 'log2') -0.09687810581701269
(60, 9, 15, 0.02, 0.75, 'log2') -0.0969881605544325
(38, 27, 15, 0.02, 0.75, 'log2') -0.09704988532110105
(10, 17, 36, 0.06, 0.5, 'log2') -0.09726318774815655
(63, 19, 11, 0.02, 1.0, 'log2') -0.09805805515239488
(54, 46, 13, 0.08, 0.5, 'log2') -0.09825755436317447
(60, 41, 24, 0.02, 1.0, 'log2') -0.09835842501447598
(18, 48, 23, 0.04, 0.5, 'log2') -0.09953521939953813
(53, 19, 12, 0.02, 0.75, 'log2') -0.100291991905175
(19, 24, 27, 0.02, 0.5, 'log2') -0.10055776892430292
(20, 35, 33, 0.02, 0.5, 'log2') -0.10108100399315459
(13, 30, 34, 0.08, 0.5, 'log2') -0.10131861912846626
(20, 21, None, 0.06, 1.0, 'log2') -0.10231205673758878
(54, 6, 31, 0.02, 0.75, 'log2') -0.10238406827880506
(12, 7, 32, 0.02, 0.5, 'log2') -0.10268914706715791
(10, 31, 35, 0.1, 0.5, 'log2') -0.10314504683508367
(63, 26, 28, 0.02, 0.5, 'log2') -0.10332759609868038
(43, 47, 17, 0.02, 0.5, 'log2') -0.10389771742271016
(38, 38, 19, 0.02, 0.75, 'log2') -0.1040569292696953
(22, 25, 16, 0.04, 1.0, 'log2') -0.10438898450946643
(36, 17, 18, 0.02, 0.5, 'log2') -0.10455797933409872
(21, 48, 38, 0.02, 0.5, 'log2') -0.10479942693409748
(32, 28, 21, 0.08, 0.75, 'log2') -0.10507687927107054
(21, 42, 40, 0.02, 0.5, 'log2') -0.10559158134243461
(38, 9, 14, 0.02, 1.0, 'log2') -0.10563762261973451
(21, 21, 21, 0.02, 0.75, 'log2') -0.10664473684210533
(26, 4, 15, 0.02, 1.0, 'log2') -0.10695177956371985
(13, 17, 14, 0.06, 0.75, 'log2') -0.10705011389521647
(12, 16, 40, 0.04, 1.0, 'log2') -0.10752545248868785
(28, 10, 20, 0.02, 1.0, 'log2') -0.1076082592486379
(24, 28, 31, 0.02, 1.0, 'log2') -0.10769780062839197
(11, 28, 34, 0.1, 0.75, 'log2') -0.10788640858999721
(10, 29, 39, 0.02, 1.0, 'log2') -0.10820084865629426
(21, 17, 11, 0.02, 0.75, 'log2') -0.1084432339449541
(41, 11, 11, 0.02, 1.0, 'log2') -0.10859492210040399
(16, 10, 27, 0.04, 1.0, 'log2') -0.10921007927519823
(23, 12, 14, 0.02, 0.5, 'log2') -0.10923054837783523
(10, 29, 22, 0.04, 0.75, 'log2') -0.10923537803138371
(35, 30, 31, 0.06, 0.75, 'log2') -0.10929674099485419
(10, 31, 38, 0.02, 0.75, 'log2') -0.10979060554612341
(12, 5, 31, 0.02, 1.0, 'log2') -0.11001693958215701
(10, 42, 34, 0.02, 1.0, 'log2') -0.11009337860780989
(46, 45, 27, 0.02, 0.75, 'log2') -0.11032510885341074
(20, 7, 14, 0.02, 0.75, 'log2') -0.11044640318453224
(19, 43, 25, 0.02, 1.0, 'log2') -0.11051940639269413
(14, 39, 24, 0.02, 0.5, 'log2') -0.11060571752052091
(18, 11, 24, 0.02, 0.75, 'log2') -0.11105785592739659
(10, 35, 22, 0.06, 0.75, 'log2') -0.11123470839260315
(30, 28, 34, 0.02, 1.0, 'log2') -0.1119388343912291
(11, 11, 11, 0.02, 1.0, 'log2') -0.11208908937129969
(11, 24, 31, 0.02, 1.0, 'log2') -0.11212669683257917
(11, 49, 19, 0.02, 1.0, 'log2') -0.11224299065420562
(40, 16, 27, 0.02, 0.5, 'log2') -0.11355971223021588
(22, 25, 13, 0.02, 0.5, 'log2') -0.11393948044533257
(17, 11, 10, 0.02, 1.0, 'log2') -0.11418538527153826
(38, 46, 16, 0.02, 0.75, 'log2') -0.11444572415778878
(10, 6, 36, 0.02, 1.0, 'log2') -0.11476057126855216
(11, 42, 20, 0.04, 0.5, 'log2') -0.11505245250921456
(31, 32, 25, 0.02, 1.0, 'log2') -0.11531295067781944
(33, 50, 29, 0.02, 1.0, 'log2') -0.11560022975301554
(18, 32, 12, 0.02, 0.75, 'log2') -0.11700765089260409
(18, 43, 21, 0.02, 0.75, 'log2') -0.1175663338088445
(11, 9, 10, 0.02, 0.5, 'log2') -0.1183648153369044
(77, 4, 23, 0.02, 1.0, 'log2') -0.11865510378163212
(19, 33, 28, 0.02, 0.75, 'log2') -0.11883594864479312
(13, 31, 38, 0.02, 1.0, 'log2') -0.11963435374149664
(36, 38, 15, 0.02, 0.5, 'log2') -0.11967919075144513
(35, 49, 30, 0.08, 0.75, 'log2') -0.12069714285714278
(23, 32, 20, 0.02, 0.5, 'log2') -0.12183238636363636


zero:
(96, 17, 11, 0.06, 0.5, 'log2') 0.026591813530415
(81, 8, 26, 0.1, 0.5, 'log2') 0.022337269980774486
(86, 9, 39, 0.1, 0.5, 'log2') 0.0065989569036507935
(54, 7, 15, 0.06, 0.5, 'log2') 0.004113816534541324
(94, 46, 19, 0.04, 1.0, 'log2') 0.002897008055235886
(89, 34, 27, 0.08, 0.5, 'log2') 0.0022349650349650254
(52, 34, 16, 0.1, 0.5, 'log2') 0.0018700787401574514
(85, 28, 22, 0.1, 1.0, 'log2') 0.0018411552346570084
(85, 8, 30, 0.06, 0.5, 'log2') -0.0011172719711672187
(75, 9, 10, 0.04, 1.0, 'log2') -0.001205408515535092
(69, 43, 31, 0.1, 0.5, 'log2') -0.0024664429530201534
(64, 25, 37, 0.06, 0.75, 'log2') -0.0028276836158191757
(42, 11, 40, 0.1, 1.0, 'log2') -0.0037824267782426905
(85, 10, 30, 0.04, 0.5, 'log2') -0.004142129105322746
(84, 49, 17, 0.08, 0.5, 'log2') -0.004671163575042159
(52, 40, 25, 0.06, 1.0, 'log2') -0.005329701834862407
(39, 50, 39, 0.1, 0.5, 'log2') -0.0054602095723591286
(60, 5, 24, 0.1, 1.0, 'log2') -0.005496288149573868
(84, 26, 28, 0.08, 0.75, 'log2') -0.005616629464285734
(67, 13, 13, 0.04, 0.5, 'log2') -0.006051046745053073
(40, 10, 40, 0.08, 1.0, 'log2') -0.00609291911558916
(26, 18, 10, 0.1, 0.5, 'log2') -0.006102564102564095
(68, 18, 20, 0.04, 0.75, 'log2') -0.006791965566714482
(79, 23, 28, 0.06, 0.75, 'log2') -0.00725049198763003
(52, 24, 16, 0.1, 0.5, 'log2') -0.007956265769554266
(75, 20, 34, 0.04, 0.5, 'log2') -0.008404802744425562
(45, 37, 30, 0.1, 0.5, 'log2') -0.009111361079865002
(65, 15, 33, 0.1, 1.0, 'log2') -0.009795805739514456
(99, 41, 31, 0.08, 0.75, 'log2') -0.010329057445621884
(83, 34, 13, 0.06, 1.0, 'log2') -0.0103973699256718
(38, 6, 10, 0.1, 1.0, 'log2') -0.012337662337662349
(46, 42, 29, 0.08, 1.0, 'log2') -0.012376068376068337
(55, 34, 39, 0.08, 1.0, 'log2') -0.01337457817772778
(88, 7, 35, 0.06, 1.0, 'log2') -0.014102422907489066
(74, 5, 39, 0.08, 0.5, 'log2') -0.014250275633958165
(97, 15, 21, 0.04, 0.75, 'log2') -0.01461733973453825
(84, 37, 39, 0.06, 1.0, 'log2') -0.01476582458132273
(95, 25, 38, 0.08, 0.5, 'log2') -0.014930439621591584
(84, 42, 36, 0.06, 0.5, 'log2') -0.015086426749787649
(60, 3, 13, 0.04, 0.5, 'log2') -0.015762567452428315
(53, 42, None, 0.08, 0.5, 'log2') -0.016227697536108737
(42, 7, 34, 0.06, 0.75, 'log2') -0.01634620806315195
(72, 39, 23, 0.1, 0.5, 'log2') -0.016627582356225697
(61, 15, 27, 0.1, 0.5, 'log2') -0.017299695037427277
(99, 41, 25, 0.06, 0.75, 'log2') -0.017346132128740803
(96, 31, 29, 0.1, 1.0, 'log2') -0.017626836706404254
(31, 28, 17, 0.1, 0.75, 'log2') -0.01788712422007949
(86, 31, 28, 0.04, 0.5, 'log2') -0.017902946273830257
(79, 32, 37, 0.04, 0.75, 'log2') -0.018081562320505472
(81, 8, 38, 0.04, 1.0, 'log2') -0.01857829282080274
(95, 25, 21, 0.1, 0.5, 'log2') -0.018638132295719877
(80, 42, 11, 0.1, 0.5, 'log2') -0.018673412029229924
(88, 18, 16, 0.1, 0.5, 'log2') -0.018949847603214207
(41, 35, 21, 0.06, 0.5, 'log2') -0.018987485779294686
(57, 19, 24, 0.06, 1.0, 'log2') -0.018996608253250502
(28, 44, 24, 0.1, 0.5, 'log2') -0.01946651532349603
(56, 12, 21, 0.04, 0.5, 'log2') -0.019702465287616884
(85, 39, 18, 0.04, 1.0, 'log2') -0.019822043628013743
(86, 44, 32, 0.1, 0.75, 'log2') -0.020513536142896985
(65, 25, 32, 0.08, 1.0, 'log2') -0.020716886026323204
(60, 35, 31, 0.06, 0.75, 'log2') -0.021049488054607518
(18, 17, 30, 0.08, 0.75, 'log2') -0.02127149703975197
(50, 28, 37, 0.08, 0.75, 'log2') -0.0213991537376587
(80, 50, 25, 0.06, 0.75, 'log2') -0.02148833238474678
(42, 14, 25, 0.08, 0.75, 'log2') -0.022256165919282533
(68, 4, 29, 0.08, 1.0, 'log2') -0.022444566110046624
(50, 22, 11, 0.1, 0.5, 'log2') -0.023083192804946574
(70, 15, 12, 0.1, 0.75, 'log2') -0.02313829787234044
(73, 29, 15, 0.08, 1.0, 'log2') -0.023508673754896466
(55, 31, 16, 0.08, 1.0, 'log2') -0.02353389830508477
(29, 14, 20, 0.08, 1.0, 'log2') -0.023655580608793806
(81, 10, None, 0.1, 0.5, 'log2') -0.023795097769209614
(81, 29, 17, 0.06, 0.75, 'log2') -0.023983648153368994
(92, 24, 26, 0.04, 0.75, 'log2') -0.024440022740193426
(91, 17, 17, 0.1, 1.0, 'log2') -0.024561549100968173
(85, 34, 28, 0.1, 1.0, 'log2') -0.024676298971936673
(92, 26, 10, 0.08, 1.0, 'log2') -0.02472222222222225
(77, 30, 33, 0.08, 1.0, 'log2') -0.024976329713171798
(64, 11, 30, 0.02, 0.75, 'log2') -0.025068337129840645
(90, 8, 29, 0.04, 1.0, 'log2') -0.025262272089761582
(77, 17, 25, 0.04, 0.5, 'log2') -0.025324193087689347
(97, 16, 30, 0.1, 1.0, 'log2') -0.02590585659551181
(51, 36, 13, 0.1, 0.75, 'log2') -0.02668751777082736
(80, 12, 30, 0.04, 1.0, 'log2') -0.026918949449308217
(75, 39, 32, 0.04, 1.0, 'log2') -0.026964285714285705
(74, 14, 10, 0.08, 0.75, 'log2') -0.027070964093864933
(47, 28, 38, 0.1, 0.5, 'log2') -0.027212748112943795
(35, 20, 19, 0.08, 0.75, 'log2') -0.028177172061328748
(24, 36, 12, 0.1, 1.0, 'log2') -0.02824985607369036
(66, 22, 28, 0.06, 1.0, 'log2') -0.028426839582745982
(54, 18, 35, 0.08, 0.75, 'log2') -0.02849072512647575
(94, 37, 32, 0.08, 1.0, 'log2') -0.02849832214765096
(59, 21, 34, 0.1, 0.5, 'log2') -0.02889849414389292
(43, 8, 19, 0.08, 1.0, 'log2') -0.028899494665918055
(90, 32, 37, 0.08, 0.5, 'log2') -0.029061624649860014
(60, 23, 38, 0.04, 1.0, 'log2') -0.02919668381932544
(46, 21, 31, 0.08, 0.5, 'log2') -0.02933201803833137
(71, 8, 22, 0.08, 1.0, 'log2') -0.029847814056447243
(95, 37, 28, 0.1, 0.5, 'log2') -0.029897050639955448
(85, 4, 13, 0.1, 0.5, 'log2') -0.030143093010456826
(78, 14, 21, 0.08, 0.5, 'log2') -0.030467575841914802
(99, 22, 34, 0.1, 0.5, 'log2') -0.030740945534973713
(32, 14, 24, 0.06, 0.75, 'log2') -0.030743567995476482
(75, 7, 26, 0.06, 0.75, 'log2') -0.030966666666666677
(58, 43, 32, 0.1, 0.75, 'log2') -0.031035453010692198
(59, 35, 35, 0.06, 0.75, 'log2') -0.03123720136518766
(97, 19, 34, 0.04, 1.0, 'log2') -0.031291960507757344
(52, 3, 27, 0.08, 1.0, 'log2') -0.031368884002199
(38, 24, 33, 0.1, 0.75, 'log2') -0.03148282602624961
(66, 20, 19, 0.04, 1.0, 'log2') -0.03172107674684993
(34, 31, 19, 0.08, 0.5, 'log2') -0.03185111803000302
(42, 13, 32, 0.1, 0.75, 'log2') -0.032061111111111054
(81, 15, 23, 0.06, 0.75, 'log2') -0.03237136465324384
(53, 49, 17, 0.1, 1.0, 'log2') -0.03247670149675238
(56, 39, 11, 0.06, 1.0, 'log2') -0.032773933102653
(63, 26, 24, 0.04, 0.75, 'log2') -0.03292877492877497
(83, 7, 15, 0.06, 1.0, 'log2') -0.032990523968784866
(92, 28, 17, 0.06, 1.0, 'log2') -0.033148043108338
(56, 4, 25, 0.06, 0.5, 'log2') -0.03460937499999988
(43, 21, 26, 0.04, 0.5, 'log2') -0.034633380884450914
(72, 19, 33, 0.06, 1.0, 'log2') -0.03500562429696283
(45, 48, 35, 0.04, 1.0, 'log2') -0.035088175773344915
(32, 16, 17, 0.08, 0.5, 'log2') -0.03523459581684568
(97, 20, 38, 0.08, 1.0, 'log2') -0.0356806862202546
(95, 6, 24, 0.08, 1.0, 'log2') -0.03585989010989008
(66, 33, 30, 0.04, 0.5, 'log2') -0.03610291991905181
(27, 47, 31, 0.1, 0.5, 'log2') -0.03647459551518584
(74, 19, 35, 0.06, 0.5, 'log2') -0.036613085166384604
(52, 32, 30, 0.1, 0.5, 'log2') -0.036706771124790205
(75, 10, 34, 0.06, 1.0, 'log2') -0.03672154017857142
(82, 22, 39, 0.08, 1.0, 'log2') -0.036817299695037414
(44, 26, 39, 0.04, 1.0, 'log2') -0.037180591444157404
(47, 42, 12, 0.08, 1.0, 'log2') -0.03730459770114935
(32, 6, 28, 0.08, 0.75, 'log2') -0.03744297381019435
(39, 6, 24, 0.1, 0.75, 'log2') -0.0385397617068441
(96, 31, 22, 0.04, 0.75, 'log2') -0.038674698795180894
(97, 40, 21, 0.04, 0.75, 'log2') -0.03873930405019961
(71, 4, 25, 0.06, 0.75, 'log2') -0.03875208449138395
(42, 46, 36, 0.1, 0.5, 'log2') -0.03890832157968959
(48, 12, 29, 0.1, 1.0, 'log2') -0.038963701856469884
(36, 20, 40, 0.08, 1.0, 'log2') -0.039450858912982355
(49, 34, 13, 0.04, 0.5, 'log2') -0.039719298245614085
(65, 17, 32, 0.04, 1.0, 'log2') -0.03972680705748446
(94, 24, 13, 0.06, 0.5, 'log2') -0.03979678238780689
(79, 10, 21, 0.08, 0.75, 'log2') -0.04012181616832763
(99, 19, 25, 0.08, 1.0, 'log2') -0.040207296849087915
(71, 14, 18, 0.08, 1.0, 'log2') -0.04028125870231131
(76, 50, 21, 0.06, 1.0, 'log2') -0.040517290654472654
(73, 19, None, 0.06, 1.0, 'log2') -0.040539023020774834
(56, 3, 16, 0.04, 1.0, 'log2') -0.04061700312766571
(64, 42, 23, 0.08, 0.5, 'log2') -0.04116548797736911
(71, 39, 17, 0.04, 1.0, 'log2') -0.041226387678000465
(63, 15, 20, 0.02, 0.75, 'log2') -0.04142000000000005
(52, 34, 11, 0.06, 1.0, 'log2') -0.04143188405797094
(47, 5, 35, 0.06, 1.0, 'log2') -0.0415278945892906
(80, 13, 20, 0.02, 1.0, 'log2') -0.04200689061154192
(82, 29, 39, 0.04, 0.5, 'log2') -0.04213670304422744
(26, 7, 38, 0.06, 1.0, 'log2') -0.04229160779881322
(48, 37, 33, 0.1, 0.5, 'log2') -0.04243114109050036
(55, 20, 12, 0.04, 1.0, 'log2') -0.04244832605531301
(80, 14, 27, 0.06, 0.5, 'log2') -0.04248674295283278
(76, 47, 37, 0.1, 1.0, 'log2') -0.042502790178571226
(21, 46, None, 0.1, 1.0, 'log2') -0.042898550724637684
(48, 23, 35, 0.08, 1.0, 'log2') -0.042931034482758715
(73, 32, 19, 0.06, 0.75, 'log2') -0.04295674445076839
(83, 25, 35, 0.1, 1.0, 'log2') -0.04301104972375671
(43, 46, 10, 0.1, 0.75, 'log2') -0.043174012593016536
(89, 18, 36, 0.06, 1.0, 'log2') -0.04342385218365059
(98, 14, 37, 0.06, 0.5, 'log2') -0.043675237562884175
(82, 9, 20, 0.08, 1.0, 'log2') -0.04369757174392925
(87, 12, 16, 0.02, 0.75, 'log2') -0.043765112262521694
(30, 28, 19, 0.1, 1.0, 'log2') -0.0438276836158192
(40, 17, 31, 0.1, 0.5, 'log2') -0.04399272523782877
(77, 43, 14, 0.04, 1.0, 'log2') -0.044046997389033865
(93, 39, 13, 0.04, 0.75, 'log2') -0.044655775962660474
(80, 42, 29, 0.04, 1.0, 'log2') -0.04510888252148989
(75, 29, 33, 0.08, 0.75, 'log2') -0.04544717719396301
(51, 31, 21, 0.1, 1.0, 'log2') -0.04553017484489554
(89, 49, 21, 0.08, 0.75, 'log2') -0.045824423185143334
(48, 13, 40, 0.06, 1.0, 'log2') -0.045972812234494426
(35, 5, 27, 0.04, 0.75, 'log2') -0.046021384355655705
(54, 44, 37, 0.06, 0.5, 'log2') -0.046174013252665014
(41, 18, 37, 0.06, 1.0, 'log2') -0.0461883153715258
(47, 44, 40, 0.06, 0.75, 'log2') -0.046267625899280566
(51, 38, 16, 0.04, 0.75, 'log2') -0.046452270081490124
(99, 20, 36, 0.08, 0.5, 'log2') -0.04659071964434552
(49, 34, None, 0.08, 0.75, 'log2') -0.046666666666666724
(68, 34, 18, 0.08, 0.5, 'log2') -0.04712514092446452
(51, 33, 28, 0.06, 0.75, 'log2') -0.04746136233543227
(64, 22, 36, 0.06, 0.75, 'log2') -0.04781241144800224
(74, 10, 29, 0.02, 0.75, 'log2') -0.04785876993166294
(82, 36, 19, 0.02, 0.5, 'log2') -0.04787055764230001
(73, 49, 39, 0.08, 1.0, 'log2') -0.04791993281075022
(90, 26, 38, 0.04, 0.5, 'log2') -0.04812978180787757
(81, 28, 23, 0.04, 1.0, 'log2') -0.048153978248425856
(42, 23, 26, 0.04, 0.5, 'log2') -0.048217453505007245
(71, 45, 33, 0.1, 1.0, 'log2') -0.048224951158247244
(55, 32, 37, 0.06, 0.75, 'log2') -0.04824235495855953
(51, 36, 38, 0.08, 0.5, 'log2') -0.04847961494903739
(84, 3, 16, 0.06, 1.0, 'log2') -0.0490262068965515
(50, 10, 20, 0.04, 1.0, 'log2') -0.04930437251561619
(75, 25, 19, 0.02, 1.0, 'log2') -0.049595258745302157
(95, 49, 39, 0.06, 0.5, 'log2') -0.04974118316268484
(54, 31, 12, 0.08, 1.0, 'log2') -0.04976366742596796
(43, 43, 28, 0.06, 1.0, 'log2') -0.049845537757437046
(80, 4, 38, 0.02, 0.75, 'log2') -0.04989755264655667
(84, 45, 38, 0.08, 0.75, 'log2') -0.05010985915492958
(83, 6, 18, 0.02, 0.75, 'log2') -0.05017780326928594
(76, 44, 34, 0.04, 0.5, 'log2') -0.050845111047014634
(74, 14, 36, 0.06, 1.0, 'log2') -0.050936371214226006
(69, 36, 38, 0.1, 0.75, 'log2') -0.0510558659217877
(71, 43, 20, 0.04, 1.0, 'log2') -0.0510602131950446
(49, 33, 31, 0.04, 0.5, 'log2') -0.051097982708933745
(32, 25, 21, 0.08, 0.75, 'log2') -0.051123820417500764
(41, 13, 20, 0.04, 1.0, 'log2') -0.051391972672929144
(86, 43, 24, 0.06, 0.5, 'log2') -0.051665240946678
(23, 24, 23, 0.1, 0.5, 'log2') -0.0517178259645171
(20, 6, 24, 0.1, 0.5, 'log2') -0.052034463590883914
(72, 6, 34, 0.1, 1.0, 'log2') -0.05215300546448073
(46, 11, 34, 0.1, 0.5, 'log2') -0.0521993890585947
(67, 48, 27, 0.08, 0.5, 'log2') -0.052416145537237044
(82, 39, 18, 0.02, 0.75, 'log2') -0.052460202604920445
(12, 20, 32, 0.1, 0.75, 'log2') -0.052581278026905924
(29, 16, 20, 0.08, 0.75, 'log2') -0.05260770975056691
(85, 22, 14, 0.06, 1.0, 'log2') -0.052865663163873915
(48, 24, None, 0.1, 0.75, 'log2') -0.052905649874756384
(66, 5, 19, 0.04, 0.5, 'log2') -0.05301187782805429
(71, 37, 40, 0.1, 0.75, 'log2') -0.05312184166198751
(98, 12, 15, 0.06, 0.5, 'log2') -0.05326433566433569
(65, 47, 37, 0.08, 0.5, 'log2') -0.05347455217514923
(34, 24, 35, 0.1, 1.0, 'log2') -0.05364755244755239
(48, 35, 15, 0.1, 1.0, 'log2') -0.05374078275666464
(56, 9, None, 0.04, 0.75, 'log2') -0.05375000000000001
(42, 31, 20, 0.1, 0.75, 'log2') -0.05401863880259809
(89, 27, 40, 0.02, 1.0, 'log2') -0.05427544565842442
(95, 26, 35, 0.08, 0.5, 'log2') -0.05428926991150428
(61, 38, 14, 0.04, 0.75, 'log2') -0.05438396254024006
(50, 48, 10, 0.1, 0.5, 'log2') -0.054454597372929826
(37, 34, 11, 0.08, 0.5, 'log2') -0.05482660602615114
(66, 26, 17, 0.02, 0.75, 'log2') -0.05496822645869451
(47, 26, 15, 0.06, 0.75, 'log2') -0.055105895821408166
(50, 17, 34, 0.06, 1.0, 'log2') -0.05512043071691703
(53, 7, 11, 0.04, 0.5, 'log2') -0.05515647430376108
(84, 27, 37, 0.02, 0.5, 'log2') -0.05549827188940089
(16, 7, 34, 0.1, 0.75, 'log2') -0.05550773558368504
(28, 15, 21, 0.08, 0.5, 'log2') -0.056086833944178294
(58, 34, 40, 0.06, 0.75, 'log2') -0.05617396247868101
(49, 34, 24, 0.08, 0.5, 'log2') -0.056392655367231606
(54, 50, 15, 0.06, 0.75, 'log2') -0.05668887601390497
(50, 27, 33, 0.08, 0.5, 'log2') -0.056740595171252135
(71, 36, 15, 0.1, 0.75, 'log2') -0.05674229691876745
(81, 28, 22, 0.04, 0.75, 'log2') -0.05676825761932143
(81, 31, 26, 0.04, 1.0, 'log2') -0.056994863013698535
(63, 34, 14, 0.04, 0.5, 'log2') -0.057107942973523375
(53, 22, None, 0.08, 0.5, 'log2') -0.0571987699189263
(91, 48, 25, 0.06, 0.5, 'log2') -0.057250927776191785
(82, 31, None, 0.04, 0.75, 'log2') -0.057351506456240944
(78, 5, 33, 0.06, 0.75, 'log2') -0.05745514766767854
(48, 17, 20, 0.1, 0.5, 'log2') -0.05749721293199549
(17, 12, 13, 0.06, 0.5, 'log2') -0.05781524511192979
(16, 42, 34, 0.08, 0.5, 'log2') -0.05848267964500431
(59, 27, 40, 0.04, 1.0, 'log2') -0.05849600456621012
(69, 49, 28, 0.06, 0.75, 'log2') -0.05878510028653298
(34, 6, 21, 0.06, 1.0, 'log2') -0.058958215697346154
(33, 36, 17, 0.1, 0.5, 'log2') -0.05921652421652434
(67, 36, 39, 0.04, 0.5, 'log2') -0.05954099307159347
(73, 11, None, 0.02, 0.75, 'log2') -0.059774992879521524
(72, 5, 24, 0.1, 0.75, 'log2') -0.05984113941385906
(78, 9, 31, 0.02, 0.75, 'log2') -0.0598572244431754
(76, 31, None, 0.04, 0.75, 'log2') -0.05995970063327575
(20, 10, 28, 0.1, 0.75, 'log2') -0.06001950404012257
(97, 19, 31, 0.04, 0.5, 'log2') -0.06037246049661385
(50, 47, 35, 0.08, 0.5, 'log2') -0.06084503007734182
(25, 36, 33, 0.1, 0.5, 'log2') -0.061032731376975194
(47, 40, None, 0.06, 0.5, 'log2') -0.061126113185866145
(67, 45, 10, 0.06, 0.5, 'log2') -0.06144877344877351
(81, 42, 37, 0.1, 0.75, 'log2') -0.06146870653685675
(66, 35, 16, 0.08, 1.0, 'log2') -0.06154324477105708
(82, 5, 28, 0.02, 0.5, 'log2') -0.06163207278930916
(29, 12, 40, 0.04, 0.5, 'log2') -0.06174886621315202
(44, 23, 27, 0.04, 1.0, 'log2') -0.06178591871780203
(46, 14, 21, 0.08, 0.75, 'log2') -0.06183553185517818
(55, 25, 36, 0.04, 0.75, 'log2') -0.061887492861222235
(31, 16, 26, 0.06, 1.0, 'log2') -0.06193097547062192
(18, 24, 18, 0.1, 0.5, 'log2') -0.06239136608917934
(51, 22, 34, 0.02, 1.0, 'log2') -0.0628013679110858
(10, 37, 17, 0.04, 0.75, 'log2') -0.06280292381220141
(37, 48, 18, 0.04, 0.75, 'log2') -0.06284639861151292
(15, 7, 24, 0.04, 1.0, 'log2') -0.0630914205344586
(99, 47, 33, 0.04, 0.75, 'log2') -0.06319209848267966
(36, 28, 17, 0.04, 0.5, 'log2') -0.06322228604250445
(67, 8, 35, 0.04, 0.75, 'log2') -0.06361000568504833
(30, 8, 26, 0.04, 1.0, 'log2') -0.06364872521246474
(34, 38, 36, 0.04, 1.0, 'log2') -0.06373490511788388
(42, 13, 20, 0.06, 0.75, 'log2') -0.06393586833144158
(75, 22, 29, 0.02, 0.5, 'log2') -0.06423953823953826
(52, 7, 35, 0.06, 0.5, 'log2') -0.0643001402524544
(63, 42, 27, 0.04, 0.5, 'log2') -0.06446469907407419
(24, 44, 34, 0.06, 1.0, 'log2') -0.06459259259259265
(45, 44, 30, 0.04, 0.75, 'log2') -0.06460670908039336
(55, 28, 36, 0.08, 1.0, 'log2') -0.06464004499437558
(50, 32, 40, 0.04, 0.5, 'log2') -0.06465217391304347
(19, 10, 34, 0.06, 0.75, 'log2') -0.06471170152628612
(90, 9, None, 0.02, 0.75, 'log2') -0.06476560253091752
(41, 19, 11, 0.04, 1.0, 'log2') -0.0648396501457727
(47, 22, 15, 0.06, 0.5, 'log2') -0.06490491058756746
(26, 4, 18, 0.02, 0.5, 'log2') -0.06528058361391702
(21, 16, None, 0.1, 0.5, 'log2') -0.06530252100840353
(97, 16, 14, 0.02, 0.5, 'log2') -0.06535391785610263
(38, 15, 28, 0.02, 0.75, 'log2') -0.06546715741789365
(23, 23, 11, 0.1, 0.5, 'log2') -0.0654951622083097
(29, 37, 10, 0.04, 0.5, 'log2') -0.06557043073341094
(63, 44, 12, 0.08, 0.75, 'log2') -0.06588336192109774
(84, 16, 14, 0.02, 1.0, 'log2') -0.0659157401989468
(52, 18, 27, 0.02, 0.75, 'log2') -0.06609825764067416
(27, 15, 31, 0.1, 1.0, 'log2') -0.06626584060827942
(26, 21, None, 0.08, 0.75, 'log2') -0.06661731207289304
(19, 34, 34, 0.1, 0.75, 'log2') -0.06687074829931977
(33, 8, 10, 0.06, 1.0, 'log2') -0.06695389048991361
(29, 27, 38, 0.1, 1.0, 'log2') -0.06702740887256295
(83, 34, 35, 0.02, 0.5, 'log2') -0.06714740805097028
(54, 7, 34, 0.02, 0.75, 'log2') -0.06732915717539864
(53, 11, 35, 0.04, 0.75, 'log2') -0.0675286041189932
(91, 27, 15, 0.04, 0.75, 'log2') -0.06762068965517233
(27, 23, 15, 0.04, 0.5, 'log2') -0.0677030493017955
(20, 8, 29, 0.04, 0.75, 'log2') -0.0677562482448751
(99, 37, None, 0.1, 0.75, 'log2') -0.06778423236514511
(64, 44, 32, 0.04, 0.5, 'log2') -0.06810748999428247
(37, 36, 24, 0.1, 1.0, 'log2') -0.06836162988115434
(17, 38, 19, 0.08, 1.0, 'log2') -0.06837643678160926
(83, 35, 11, 0.1, 0.75, 'log2') -0.06863394109396913
(72, 35, None, 0.02, 0.5, 'log2') -0.06903918722786656
(82, 27, 27, 0.02, 0.5, 'log2') -0.06937698298240559
(30, 11, 32, 0.02, 1.0, 'log2') -0.0698254504504505
(22, 29, 23, 0.06, 1.0, 'log2') -0.07014891179839651
(11, 41, 11, 0.08, 1.0, 'log2') -0.07023924807747092
(24, 32, 23, 0.1, 0.5, 'log2') -0.0702701934015928
(34, 43, 11, 0.04, 0.5, 'log2') -0.07038428199942219
(11, 43, 37, 0.04, 1.0, 'log2') -0.07040022390148341
(22, 19, 36, 0.06, 1.0, 'log2') -0.07057806744120161
(65, 25, 34, 0.02, 0.75, 'log2') -0.07065280184864248
(22, 22, 23, 0.06, 0.5, 'log2') -0.07072562358276625
(86, 21, 30, 0.02, 0.75, 'log2') -0.07076083835773755
(21, 18, 33, 0.06, 1.0, 'log2') -0.07086625282167049
(15, 41, 28, 0.1, 1.0, 'log2') -0.07089769165004282
(15, 35, 37, 0.08, 1.0, 'log2') -0.0710266591038004
(91, 5, 29, 0.02, 0.75, 'log2') -0.07125464418405275
(31, 42, 13, 0.04, 0.75, 'log2') -0.07135299219427592
(26, 35, 34, 0.08, 1.0, 'log2') -0.07157624214734433
(67, 14, 12, 0.08, 0.5, 'log2') -0.07181153305203945
(53, 20, 13, 0.1, 0.5, 'log2') -0.07193277310924363
(89, 12, 39, 0.02, 0.75, 'log2') -0.07201498991063704
(26, 40, 18, 0.06, 1.0, 'log2') -0.07254353411361691
(16, 10, 40, 0.1, 0.75, 'log2') -0.07261296660117897
(74, 42, 32, 0.02, 0.75, 'log2') -0.07298750363266497
(26, 6, 33, 0.08, 0.75, 'log2') -0.07299943725379851
(31, 20, 31, 0.04, 0.5, 'log2') -0.07307032590051457
(79, 23, None, 0.06, 0.5, 'log2') -0.07312132249929947
(24, 10, 13, 0.1, 0.75, 'log2') -0.0732425531914893
(21, 41, 22, 0.1, 0.5, 'log2') -0.07332382310984316
(11, 36, 22, 0.1, 1.0, 'log2') -0.07343334276818571
(86, 47, 16, 0.06, 1.0, 'log2') -0.07351205673758877
(64, 12, 32, 0.1, 0.5, 'log2') -0.07352517985611504
(37, 21, 13, 0.1, 1.0, 'log2') -0.07362302483069981
(49, 6, 40, 0.02, 0.75, 'log2') -0.0739915014164306
(51, 6, 38, 0.06, 0.75, 'log2') -0.07406206318143696
(87, 50, 12, 0.02, 0.5, 'log2') -0.07423009877977921
(91, 34, 40, 0.02, 0.75, 'log2') -0.07468957551256143
(37, 24, None, 0.06, 0.5, 'log2') -0.07540517486494178
(91, 40, 16, 0.08, 0.75, 'log2') -0.07541302509162673
(52, 41, 35, 0.04, 0.5, 'log2') -0.07544929211210628
(61, 21, 37, 0.04, 0.5, 'log2') -0.07547094188376749
(76, 31, 33, 0.06, 0.75, 'log2') -0.07551322149559288
(87, 28, 27, 0.02, 1.0, 'log2') -0.07555972302365843
(51, 14, 34, 0.04, 0.5, 'log2') -0.07591597599314093
(68, 38, 34, 0.02, 1.0, 'log2') -0.07636598678540661
(32, 41, 16, 0.04, 1.0, 'log2') -0.07661987969063311
(56, 13, 29, 0.06, 1.0, 'log2') -0.07666760642796742
(45, 23, 23, 0.06, 0.5, 'log2') -0.07670170454545458
(63, 48, 35, 0.04, 0.75, 'log2') -0.0767242869490061
(10, 39, 21, 0.08, 0.75, 'log2') -0.07682322801024777
(28, 46, 21, 0.02, 0.75, 'log2') -0.07687127024722942
(63, 42, 13, 0.02, 1.0, 'log2') -0.07709593023255827
(30, 3, 16, 0.02, 0.75, 'log2') -0.07739203589455979
(32, 17, 35, 0.06, 0.5, 'log2') -0.07746077032810283
(86, 29, 16, 0.02, 0.75, 'log2') -0.07765439257755873
(34, 26, 37, 0.02, 1.0, 'log2') -0.07791690381331823
(49, 49, 32, 0.08, 0.75, 'log2') -0.07809173272933158
(49, 42, 23, 0.04, 1.0, 'log2') -0.07825136612021866
(55, 38, 38, 0.02, 1.0, 'log2') -0.07848232250646744
(37, 49, 36, 0.06, 1.0, 'log2') -0.07851253963678302
(68, 41, 30, 0.02, 1.0, 'log2') -0.07921393607831856
(21, 35, 20, 0.02, 0.75, 'log2') -0.0792843164663126
(13, 13, 29, 0.1, 0.5, 'log2') -0.07952487423141433
(75, 32, 13, 0.02, 0.5, 'log2') -0.0796543711879175
(26, 45, 16, 0.02, 1.0, 'log2') -0.07977381962114793
(48, 50, 14, 0.04, 1.0, 'log2') -0.0803905120046283
(92, 49, 17, 0.02, 1.0, 'log2') -0.0809436701509873
(55, 40, 16, 0.02, 0.5, 'log2') -0.08128190421565826
(69, 18, 24, 0.08, 0.5, 'log2') -0.08148644872869527
(34, 8, 32, 0.02, 1.0, 'log2') -0.08151081156978379
(24, 13, 35, 0.04, 0.5, 'log2') -0.08170807453416132
(12, 49, 30, 0.1, 0.5, 'log2') -0.08199030510407744
(34, 48, 21, 0.08, 0.75, 'log2') -0.08200399657436487
(65, 6, 18, 0.02, 0.75, 'log2') -0.08218615340419416
(33, 17, 20, 0.04, 0.5, 'log2') -0.08225980670835714
(19, 25, 38, 0.08, 1.0, 'log2') -0.0825497441728255
(95, 29, 36, 0.02, 0.5, 'log2') -0.08274521183981426
(96, 29, 32, 0.06, 0.5, 'log2') -0.08328370786516864
(60, 42, 16, 0.04, 0.75, 'log2') -0.08340548340548345
(62, 41, 39, 0.02, 1.0, 'log2') -0.08351265822784808
(60, 32, 28, 0.02, 0.75, 'log2') -0.08364974033467974
(62, 29, 17, 0.06, 0.5, 'log2') -0.08409542743538767
(52, 45, 18, 0.02, 1.0, 'log2') -0.08418229016440733
(40, 29, None, 0.04, 0.75, 'log2') -0.08421128382268282
(19, 33, 16, 0.04, 0.75, 'log2') -0.0842563516985442
(81, 47, 33, 0.1, 0.75, 'log2') -0.0846800782341436
(61, 29, 27, 0.02, 0.5, 'log2') -0.08518239722061384
(62, 7, 17, 0.06, 1.0, 'log2') -0.08542496493688628
(46, 14, 14, 0.04, 0.75, 'log2') -0.08556706966033391
(82, 49, 11, 0.02, 0.75, 'log2') -0.08562190503932422
(96, 37, 24, 0.02, 0.5, 'log2') -0.08583981561509661
(28, 34, 12, 0.04, 1.0, 'log2') -0.08647279009501883
(21, 27, 39, 0.02, 1.0, 'log2') -0.08737402015677495
(12, 40, 34, 0.1, 0.75, 'log2') -0.08757772752967784
(68, 36, 30, 0.02, 1.0, 'log2') -0.08791126476519733
(11, 34, 15, 0.1, 0.5, 'log2') -0.08800851063829797
(72, 26, 26, 0.02, 0.75, 'log2') -0.08807204610951004
(37, 26, 29, 0.02, 1.0, 'log2') -0.08821824381926702
(34, 6, 15, 0.1, 0.5, 'log2') -0.088238731218698
(32, 16, 29, 0.02, 0.75, 'log2') -0.0884263959390864
(11, 8, 26, 0.02, 0.75, 'log2') -0.08875344732487604
(91, 39, 34, 0.02, 1.0, 'log2') -0.08891639965045163
(33, 33, 34, 0.02, 0.75, 'log2') -0.08896660005709395
(83, 43, 38, 0.02, 0.75, 'log2') -0.08913308205276897
(38, 5, 11, 0.02, 1.0, 'log2') -0.08918215613382913
(21, 38, 19, 0.04, 0.75, 'log2') -0.08925568181818186
(69, 41, 25, 0.1, 0.5, 'log2') -0.08968627450980395
(59, 40, 31, 0.02, 0.75, 'log2') -0.08977860839562975
(29, 28, 23, 0.04, 0.75, 'log2') -0.09095170048585317
(41, 26, 14, 0.02, 0.75, 'log2') -0.0912982556476981
(41, 50, 13, 0.1, 0.75, 'log2') -0.0915786484951733
(47, 40, 15, 0.02, 1.0, 'log2') -0.09183591508892718
(66, 17, 38, 0.02, 1.0, 'log2') -0.09211283822682795
(20, 40, None, 0.02, 1.0, 'log2') -0.09219170403587454
(47, 48, None, 0.04, 0.75, 'log2') -0.09239460854602818
(36, 19, 29, 0.02, 0.75, 'log2') -0.09261078182331356
(22, 23, 13, 0.02, 0.75, 'log2') -0.09273237854535252
(11, 11, 36, 0.04, 1.0, 'log2') -0.09275533108866446
(30, 37, 17, 0.02, 1.0, 'log2') -0.09320889142205753
(28, 25, 22, 0.02, 0.5, 'log2') -0.09333900226757369
(24, 38, 17, 0.02, 0.5, 'log2') -0.09356499718626908
(42, 31, 38, 0.02, 0.5, 'log2') -0.09379360046122802
(95, 33, 19, 0.02, 0.75, 'log2') -0.09506244554167893
(15, 48, 28, 0.08, 0.5, 'log2') -0.09540819249498723
(13, 29, 31, 0.04, 1.0, 'log2') -0.09555839002267577
(57, 11, 18, 0.04, 0.5, 'log2') -0.09580792248503853
(16, 46, 19, 0.02, 0.75, 'log2') -0.09594714881780254
(55, 32, 21, 0.02, 0.5, 'log2') -0.0959850874677374
(30, 31, 11, 0.02, 0.75, 'log2') -0.09602324263038553
(36, 12, 21, 0.02, 0.5, 'log2') -0.09604749787955899
(21, 43, 11, 0.06, 1.0, 'log2') -0.09657795776684992
(21, 12, 30, 0.02, 1.0, 'log2') -0.09676676957619985
(42, 13, 11, 0.08, 0.5, 'log2') -0.09730867709815082
(92, 43, 34, 0.02, 0.5, 'log2') -0.09746160533178799
(14, 36, 13, 0.1, 0.75, 'log2') -0.09768878718535488
(21, 29, None, 0.02, 0.75, 'log2') -0.09775653640708466
(23, 41, 15, 0.04, 0.5, 'log2') -0.09776285714285725
(55, 35, 20, 0.02, 0.5, 'log2') -0.09803581744656269
(17, 11, 19, 0.04, 1.0, 'log2') -0.09804032945186038
(16, 29, 28, 0.08, 0.75, 'log2') -0.09807747080603825
(10, 23, 36, 0.04, 0.75, 'log2') -0.09892647469946884
(35, 28, 30, 0.02, 0.5, 'log2') -0.0998115362649915
(15, 29, 11, 0.02, 1.0, 'log2') -0.10023962106436342
(12, 18, 35, 0.02, 0.75, 'log2') -0.10065072302558403
(75, 9, 10, 0.02, 0.5, 'log2') -0.1007271669575335
(40, 41, 31, 0.02, 0.75, 'log2') -0.10087205966724042
(20, 41, 15, 0.02, 0.75, 'log2') -0.1018329142218498
(24, 30, 33, 0.02, 0.5, 'log2') -0.10199266158622634
(29, 12, 14, 0.06, 0.75, 'log2') -0.10256198347107442
(77, 7, 29, 0.02, 1.0, 'log2') -0.10308899030233887
(17, 12, 34, 0.08, 0.5, 'log2') -0.1041647982062782
(13, 37, None, 0.02, 0.5, 'log2') -0.10426234054353864
(47, 38, 32, 0.02, 1.0, 'log2') -0.10508201438848919
(35, 48, 32, 0.04, 0.75, 'log2') -0.10600171969045563
(33, 25, 35, 0.02, 0.5, 'log2') -0.10602712630686627
(10, 47, 39, 0.02, 0.75, 'log2') -0.10660773480662986
(13, 46, 23, 0.02, 0.5, 'log2') -0.10666111573688605
(26, 26, 27, 0.04, 0.75, 'log2') -0.10820330296127548
(50, 19, 11, 0.02, 0.75, 'log2') -0.10829867128827275
(10, 50, 10, 0.06, 0.75, 'log2') -0.10838718820861684
(11, 47, 22, 0.1, 0.75, 'log2') -0.10967428571428568
(51, 31, 11, 0.02, 0.75, 'log2') -0.11314467224949468
(17, 41, 38, 0.02, 1.0, 'log2') -0.11458102108768038
(19, 18, 10, 0.04, 0.75, 'log2') -0.11582715345122652
(15, 24, 31, 0.1, 1.0, 'log2') -0.11622811970638061
(71, 19, 25, 0.04, 0.5, 'log2') -0.11695292439372323
(35, 23, 11, 0.02, 1.0, 'log2') -0.11797533696587324
(10, 11, 15, 0.04, 1.0, 'log2') -0.11914479254868748
(12, 41, 34, 0.04, 0.75, 'log2') -0.1255940315315316



our:
(43, 24, 36, 0.1, 0.75, 'log2') -0.01699807745124972
(55, 36, 26, 0.08, 0.75, 'log2') -0.022607025246981376
(25, 3, 11, 0.08, 0.5, 'log2') -0.02885016465422611
(70, 18, 21, 0.08, 0.5, 'log2') -0.029021381578947396
(82, 10, 39, 0.08, 1.0, 'log2') -0.031274268526114375
(44, 49, 23, 0.08, 0.5, 'log2') -0.03195001373249104
(90, 12, 27, 0.04, 0.5, 'log2') -0.0347387238723872
(72, 25, 13, 0.08, 1.0, 'log2') -0.03479275322536365
(33, 49, 26, 0.1, 0.5, 'log2') -0.03522383960450426
(67, 8, 31, 0.1, 0.5, 'log2') -0.03551506849315053
(58, 3, 18, 0.1, 0.5, 'log2') -0.035848849945235475
(79, 12, 33, 0.04, 1.0, 'log2') -0.03588962108731459
(52, 11, 26, 0.04, 0.75, 'log2') -0.036358381502890086
(33, 9, 31, 0.02, 0.5, 'log2') -0.037649151614668815
(30, 6, 38, 0.08, 0.75, 'log2') -0.0385553419390277
(25, 33, 27, 0.1, 0.75, 'log2') -0.03870268787712556
(64, 14, 38, 0.06, 1.0, 'log2') -0.038792866941015004
(35, 11, 17, 0.1, 0.75, 'log2') -0.03961117196056954
(24, 16, 36, 0.08, 0.5, 'log2') -0.039728395061728324
(18, 26, 22, 0.1, 0.5, 'log2') -0.040076923076923024
(79, 35, 36, 0.06, 0.75, 'log2') -0.040397369142230674
(59, 19, None, 0.1, 0.5, 'log2') -0.040983875375785656
(38, 15, 25, 0.08, 0.5, 'log2') -0.041925075198249916
(71, 14, 29, 0.1, 0.75, 'log2') -0.0425109289617486
(49, 11, 29, 0.08, 0.75, 'log2') -0.04353972602739722
(29, 19, 20, 0.08, 0.5, 'log2') -0.04379708551003577
(41, 23, 35, 0.1, 0.75, 'log2') -0.043817233809000974
(98, 5, 24, 0.04, 0.75, 'log2') -0.04405984079055716
(68, 47, 29, 0.04, 0.5, 'log2') -0.04422654964344483
(72, 17, 34, 0.06, 0.75, 'log2') -0.04427512355848423
(19, 21, 17, 0.02, 0.75, 'log2') -0.044333424582534864
(67, 5, 20, 0.06, 0.5, 'log2') -0.04449175824175816
(28, 11, 29, 0.08, 0.75, 'log2') -0.045160670145564394
(57, 27, 38, 0.06, 1.0, 'log2') -0.04537469118858073
(92, 36, 29, 0.08, 0.5, 'log2') -0.04540296052631583
(21, 11, 18, 0.06, 0.5, 'log2') -0.045484665936473184
(31, 10, 21, 0.1, 0.75, 'log2') -0.04573698630136976
(63, 45, 35, 0.06, 0.5, 'log2') -0.045839956152370485
(80, 27, 36, 0.06, 0.5, 'log2') -0.045862637362637196
(27, 25, 37, 0.08, 1.0, 'log2') -0.04594171020071484
(53, 5, 27, 0.02, 0.75, 'log2') -0.04616927727397629
(57, 49, 17, 0.08, 0.5, 'log2') -0.046564299424184254
(60, 17, 13, 0.1, 1.0, 'log2') -0.0467252747252747
(81, 47, 39, 0.08, 0.75, 'log2') -0.04673373759647176
(28, 27, 38, 0.06, 1.0, 'log2') -0.04677357456140349
(63, 16, 15, 0.04, 0.75, 'log2') -0.047010167628469254
(99, 29, 18, 0.02, 0.5, 'log2') -0.0470981897970378
(42, 28, 36, 0.1, 0.75, 'log2') -0.047113486842105284
(74, 46, 31, 0.08, 0.5, 'log2') -0.04723170060539349
(50, 44, 12, 0.08, 0.5, 'log2') -0.0472924683892248
(85, 20, 26, 0.06, 1.0, 'log2') -0.04741379310344814
(17, 45, None, 0.02, 0.75, 'log2') -0.04747883092051347
(61, 24, 29, 0.04, 0.5, 'log2') -0.04775130101342097
(63, 45, 16, 0.06, 0.75, 'log2') -0.04776250687190767
(99, 50, 13, 0.1, 1.0, 'log2') -0.04790914066776133
(10, 18, 14, 0.04, 0.5, 'log2') -0.048160919540229885
(74, 6, 21, 0.1, 0.5, 'log2') -0.04847119847119836
(82, 12, 26, 0.04, 0.75, 'log2') -0.04860522696011002
(11, 18, 13, 0.06, 0.5, 'log2') -0.048728070175438586
(58, 6, 11, 0.08, 0.5, 'log2') -0.04878456063509429
(28, 34, 29, 0.1, 0.5, 'log2') -0.04886263736263736
(67, 30, 33, 0.1, 0.5, 'log2') -0.04914630798792197
(70, 47, 30, 0.08, 1.0, 'log2') -0.049261800219538916
(92, 16, 38, 0.1, 1.0, 'log2') -0.04954120879120866
(32, 10, 30, 0.06, 0.75, 'log2') -0.04967177242888398
(19, 11, 34, 0.02, 0.75, 'log2') -0.049813953488372045
(59, 39, 19, 0.08, 0.5, 'log2') -0.05011503697617096
(31, 9, 11, 0.02, 1.0, 'log2') -0.050139802631578925
(97, 32, 33, 0.08, 1.0, 'log2') -0.050150808884014186
(20, 46, 27, 0.02, 0.5, 'log2') -0.05045665846322124
(64, 43, 24, 0.04, 0.5, 'log2') -0.05048780487804874
(71, 20, 35, 0.08, 1.0, 'log2') -0.05052386176631917
(13, 16, 37, 0.02, 0.75, 'log2') -0.050575184880854565
(84, 11, 29, 0.1, 0.75, 'log2') -0.05064551422319456
(70, 20, 11, 0.1, 0.75, 'log2') -0.0507031035429826
(30, 38, 28, 0.02, 1.0, 'log2') -0.050853858784893256
(53, 34, 14, 0.04, 0.5, 'log2') -0.05094204888766822
(46, 37, 14, 0.04, 1.0, 'log2') -0.050953685941353834
(40, 31, 15, 0.02, 1.0, 'log2') -0.05111384783798572
(65, 42, 24, 0.06, 1.0, 'log2') -0.05112057127162858
(48, 48, 30, 0.1, 0.5, 'log2') -0.051242116808335625
(17, 14, 23, 0.06, 1.0, 'log2') -0.05136475746779935
(38, 26, 27, 0.1, 0.5, 'log2') -0.051374381528312286
(44, 20, 12, 0.1, 0.5, 'log2') -0.05140230515916582
(94, 17, 11, 0.1, 0.75, 'log2') -0.051462341946124195
(78, 7, 27, 0.1, 1.0, 'log2') -0.051606996447116596
(38, 29, 32, 0.06, 0.75, 'log2') -0.05161219445207364
(58, 45, 29, 0.06, 1.0, 'log2') -0.05164789892886574
(35, 14, 24, 0.06, 0.75, 'log2') -0.05167446984301841
(68, 38, 35, 0.04, 0.5, 'log2') -0.05197368421052633
(57, 31, None, 0.06, 1.0, 'log2') -0.0519791094007696
(72, 20, None, 0.06, 0.75, 'log2') -0.05212952799121849
(53, 4, 39, 0.08, 1.0, 'log2') -0.05218356164383547
(13, 8, 23, 0.06, 1.0, 'log2') -0.052212195788897985
(11, 30, 33, 0.02, 1.0, 'log2') -0.05224322103533275
(15, 43, 38, 0.04, 1.0, 'log2') -0.05228938730853389
(25, 43, 23, 0.02, 0.5, 'log2') -0.05245132986015903
(75, 33, 12, 0.1, 0.75, 'log2') -0.05272353263850783
(54, 10, 35, 0.08, 1.0, 'log2') -0.052772304324028366
(52, 38, 24, 0.06, 0.75, 'log2') -0.05279012345679013
(52, 12, 27, 0.04, 0.75, 'log2') -0.05280615046677653
(22, 23, 25, 0.04, 1.0, 'log2') -0.052878289473684226
(30, 35, 39, 0.04, 0.5, 'log2') -0.05290993703805095
(56, 32, 26, 0.08, 0.75, 'log2') -0.05294343767160895
(98, 7, 30, 0.02, 0.75, 'log2') -0.053041804180418
(62, 16, 36, 0.04, 0.5, 'log2') -0.05306955093099679
(84, 41, 32, 0.1, 1.0, 'log2') -0.05311159978009892
(51, 14, 31, 0.02, 0.75, 'log2') -0.05318530701754382
(73, 43, 31, 0.06, 1.0, 'log2') -0.053710830126442996
(43, 15, 25, 0.04, 0.75, 'log2') -0.05374106652006596
(86, 50, 11, 0.04, 1.0, 'log2') -0.053769590321693754
(98, 23, 16, 0.08, 1.0, 'log2') -0.05382087099424817
(73, 21, 27, 0.08, 0.75, 'log2') -0.05418496158068046
(32, 50, 38, 0.1, 1.0, 'log2') -0.054187705817782705
(32, 41, 28, 0.02, 1.0, 'log2') -0.05440668676349685
(30, 6, 32, 0.02, 0.5, 'log2') -0.05446604600219056
(74, 4, 21, 0.08, 0.5, 'log2') -0.054514629477713836
(77, 8, 11, 0.06, 1.0, 'log2') -0.05452224052718281
(52, 43, 16, 0.04, 1.0, 'log2') -0.05456641053787048
(18, 37, 28, 0.02, 1.0, 'log2') -0.05460109289617487
(45, 33, 13, 0.08, 0.5, 'log2') -0.05464835164835174
(36, 13, 25, 0.02, 0.75, 'log2') -0.054694101508916314
(90, 49, 37, 0.1, 1.0, 'log2') -0.054814611370502635
(21, 28, 35, 0.1, 0.75, 'log2') -0.05487235794674728
(21, 6, 11, 0.02, 0.5, 'log2') -0.05487404162102955
(81, 25, 10, 0.1, 0.75, 'log2') -0.05494930117840505
(70, 10, 15, 0.06, 0.5, 'log2') -0.054982157562448626
(63, 3, 38, 0.02, 0.5, 'log2') -0.05498353457738739
(28, 17, 34, 0.06, 0.5, 'log2') -0.05498487764641175
(87, 13, 10, 0.06, 0.5, 'log2') -0.05505083814234679
(75, 9, 15, 0.08, 1.0, 'log2') -0.055207246774636176
(52, 32, 36, 0.1, 0.75, 'log2') -0.055252469813391915
(25, 21, 38, 0.08, 0.75, 'log2') -0.05529299014238774
(19, 46, 30, 0.08, 1.0, 'log2') -0.0555234954657873
(27, 23, 30, 0.08, 1.0, 'log2') -0.05569933920704832
(31, 6, 36, 0.1, 0.5, 'log2') -0.05571506849315061
(22, 5, 29, 0.1, 0.5, 'log2') -0.05587301587301589
(32, 23, 28, 0.02, 0.5, 'log2') -0.05588992332968238
(17, 29, 35, 0.02, 0.75, 'log2') -0.05593818380743979
(13, 23, 21, 0.02, 1.0, 'log2') -0.056127881448957195
(39, 19, 14, 0.08, 0.75, 'log2') -0.056154057771664406
(75, 45, 37, 0.04, 0.75, 'log2') -0.056282650536156206
(87, 11, 39, 0.1, 0.5, 'log2') -0.056338528848783
(20, 27, 18, 0.04, 0.5, 'log2') -0.05638257056727871
(50, 16, 39, 0.1, 1.0, 'log2') -0.05642229544206467
(69, 40, 14, 0.06, 0.75, 'log2') -0.056749311294765806
(40, 18, 24, 0.04, 1.0, 'log2') -0.056874828060522666
(37, 26, 28, 0.04, 1.0, 'log2') -0.05691123935147022
(15, 6, 31, 0.02, 0.75, 'log2') -0.05693384573153998
(81, 39, 35, 0.04, 0.5, 'log2') -0.056963696369636926
(77, 13, 38, 0.06, 0.75, 'log2') -0.05702256466703359
(48, 15, 33, 0.02, 0.75, 'log2') -0.057077049629832725
(40, 34, 31, 0.02, 1.0, 'log2') -0.05714246650259775
(43, 32, 16, 0.04, 1.0, 'log2') -0.057160120845921446
(27, 14, 14, 0.1, 0.5, 'log2') -0.05718251786695986
(78, 25, 22, 0.04, 1.0, 'log2') -0.05725846407927324
(77, 15, 28, 0.06, 1.0, 'log2') -0.057321820175438486
(88, 35, 15, 0.04, 0.75, 'log2') -0.05733735931924241
(89, 28, 24, 0.04, 1.0, 'log2') -0.05741607044578979
(72, 38, 21, 0.1, 1.0, 'log2') -0.05782096906652068
(99, 18, 29, 0.02, 0.5, 'log2') -0.05805585980284774
(87, 43, 38, 0.02, 0.5, 'log2') -0.058164330860126415
(40, 12, 38, 0.1, 0.5, 'log2') -0.05816611842105254
(13, 39, 22, 0.06, 0.5, 'log2') -0.05835294117647062
(44, 28, 24, 0.06, 0.5, 'log2') -0.058409903713892715
(22, 6, 21, 0.1, 1.0, 'log2') -0.05847778387273711
(14, 30, 36, 0.02, 0.75, 'log2') -0.05849863013698633
(85, 23, 28, 0.02, 1.0, 'log2') -0.058664289632474
(58, 26, 36, 0.02, 1.0, 'log2') -0.058734246575342514
(37, 46, 40, 0.08, 0.75, 'log2') -0.0588167308750688
(97, 20, 28, 0.1, 0.75, 'log2') -0.05889830508474561
(57, 29, 35, 0.08, 1.0, 'log2') -0.0589141760350973
(28, 15, 29, 0.02, 1.0, 'log2') -0.05892143443744863
(12, 5, 16, 0.04, 0.5, 'log2') -0.05892935377875136
(85, 26, 11, 0.08, 1.0, 'log2') -0.05897534246575344
(20, 37, 27, 0.02, 0.75, 'log2') -0.05917009038619555
(63, 39, 23, 0.08, 1.0, 'log2') -0.05917011304108065
(42, 19, 26, 0.04, 0.5, 'log2') -0.05920647995606808
(29, 34, 14, 0.1, 0.5, 'log2') -0.059340296866410104
(69, 12, 14, 0.08, 1.0, 'log2') -0.059543705332600345
(98, 25, 16, 0.04, 0.5, 'log2') -0.059645993413830964
(15, 48, 20, 0.04, 0.75, 'log2') -0.05978338360296138
(12, 38, 36, 0.08, 0.75, 'log2') -0.059879419018909315
(43, 50, 37, 0.04, 0.75, 'log2') -0.05988477366255151
(40, 35, 10, 0.02, 0.75, 'log2') -0.05995351380913319
(86, 22, 21, 0.04, 1.0, 'log2') -0.0600384193194292
(83, 19, 15, 0.02, 1.0, 'log2') -0.060054945054945054
(52, 21, 10, 0.04, 1.0, 'log2') -0.060098792535675044
(89, 16, 28, 0.04, 0.75, 'log2') -0.06016758241758243
(23, 5, 30, 0.02, 1.0, 'log2') -0.06018087147163611
(57, 39, 38, 0.06, 1.0, 'log2') -0.06032222528229138
(94, 15, 17, 0.06, 0.5, 'log2') -0.060452799121844
(73, 29, 35, 0.04, 0.5, 'log2') -0.06052169137836358
(96, 4, 38, 0.04, 0.5, 'log2') -0.06052978314575896
(40, 43, None, 0.08, 1.0, 'log2') -0.06055738605161998
(78, 45, 32, 0.04, 0.5, 'log2') -0.06057158560043971
(14, 33, 12, 0.02, 0.5, 'log2') -0.06058549931600548
(45, 17, 22, 0.04, 0.75, 'log2') -0.06067415730337082
(91, 35, 25, 0.04, 1.0, 'log2') -0.06080285949958754
(43, 47, 13, 0.1, 0.5, 'log2') -0.06092054794520554
(64, 44, 14, 0.1, 0.5, 'log2') -0.06100987925356756
(22, 41, 36, 0.08, 1.0, 'log2') -0.06102739726027392
(31, 22, 23, 0.04, 0.75, 'log2') -0.06106673960612689
(44, 46, 10, 0.08, 1.0, 'log2') -0.06121012101210127
(61, 40, 29, 0.02, 0.75, 'log2') -0.061223258365331885
(26, 25, 21, 0.1, 0.75, 'log2') -0.06124175824175824
(28, 9, 19, 0.1, 0.5, 'log2') -0.061323246217331435
(29, 43, 35, 0.02, 0.5, 'log2') -0.0613342465753425
(50, 22, 40, 0.04, 0.75, 'log2') -0.061383855024711775
(60, 14, None, 0.04, 0.75, 'log2') -0.06138858397365527
(62, 41, 24, 0.02, 1.0, 'log2') -0.06142896249657817
(96, 28, 40, 0.06, 1.0, 'log2') -0.061639209225700056
(17, 25, 16, 0.08, 0.5, 'log2') -0.06165475536008795
(89, 25, 28, 0.1, 0.75, 'log2') -0.061805708013172235
(40, 13, 33, 0.02, 1.0, 'log2') -0.06222070098576127
(39, 17, 17, 0.08, 0.75, 'log2') -0.06226115521489179
(48, 46, 11, 0.04, 0.5, 'log2') -0.062328579264947934
(61, 11, 26, 0.1, 1.0, 'log2') -0.06240821917808208
(97, 28, 15, 0.02, 0.5, 'log2') -0.06240831964969895
(94, 42, 25, 0.08, 1.0, 'log2') -0.06246428571428569
(43, 4, 17, 0.02, 1.0, 'log2') -0.062481471314850386
(90, 20, 21, 0.04, 0.75, 'log2') -0.06252469813391881
(18, 37, 24, 0.02, 1.0, 'log2') -0.0625369863013699
(67, 22, 25, 0.08, 0.75, 'log2') -0.06256868131868125
(35, 45, 40, 0.04, 0.75, 'log2') -0.06266062602965404
(79, 43, 33, 0.04, 0.75, 'log2') -0.06268097990641347
(26, 6, 18, 0.02, 0.5, 'log2') -0.06272328767123288
(17, 42, 18, 0.1, 0.5, 'log2') -0.06276023070585007
(33, 22, 34, 0.08, 0.5, 'log2') -0.06277564454196383
(34, 12, 39, 0.04, 0.75, 'log2') -0.06280871003307607
(45, 31, 12, 0.02, 1.0, 'log2') -0.06281420765027323
(15, 50, 26, 0.08, 1.0, 'log2') -0.06281755829903982
(43, 32, 12, 0.04, 0.5, 'log2') -0.0628238199780461
(96, 20, 12, 0.04, 1.0, 'log2') -0.0629128881560869
(73, 27, 12, 0.08, 0.5, 'log2') -0.06291678110409228
(33, 3, 21, 0.1, 1.0, 'log2') -0.06299424184261027
(64, 45, 11, 0.04, 0.75, 'log2') -0.06299834801762116
(95, 24, 30, 0.02, 0.75, 'log2') -0.06315312843029647
(52, 23, 27, 0.06, 0.75, 'log2') -0.06324821526633717
(19, 22, 31, 0.04, 0.75, 'log2') -0.06326015367727769
(86, 15, 19, 0.02, 0.75, 'log2') -0.06326474622770917
(39, 26, 23, 0.1, 1.0, 'log2') -0.06342503438789554
(50, 27, 22, 0.06, 0.5, 'log2') -0.06347885777045582
(88, 9, 26, 0.06, 0.5, 'log2') -0.06348148148148147
(44, 31, 25, 0.04, 0.75, 'log2') -0.06356652949245538
(70, 7, 34, 0.1, 1.0, 'log2') -0.0636189956331876
(62, 22, 12, 0.1, 0.5, 'log2') -0.06368219178082184
(57, 43, 27, 0.04, 0.75, 'log2') -0.06368609125893357
(49, 22, 39, 0.1, 1.0, 'log2') -0.06387530898104914
(62, 13, 29, 0.06, 0.75, 'log2') -0.06391161130936032
(54, 17, 38, 0.04, 1.0, 'log2') -0.0640197965356062
(43, 33, 17, 0.1, 0.5, 'log2') -0.06405590572759656
(61, 3, 39, 0.02, 1.0, 'log2') -0.06405769230769227
(82, 46, 36, 0.08, 0.5, 'log2') -0.06412345679012345
(78, 33, 25, 0.1, 0.5, 'log2') -0.0641716950082282
(12, 14, 35, 0.02, 1.0, 'log2') -0.06424616228070175
(25, 48, 25, 0.1, 0.75, 'log2') -0.06427709190672166
(22, 19, 20, 0.08, 1.0, 'log2') -0.06431749519362813
(91, 23, 28, 0.02, 0.75, 'log2') -0.06431986809563071
(11, 14, 10, 0.08, 0.5, 'log2') -0.06445905231443437
(35, 32, 31, 0.06, 0.5, 'log2') -0.06454794520547952
(79, 14, 38, 0.02, 0.5, 'log2') -0.06455918703652845
(52, 41, 18, 0.02, 0.5, 'log2') -0.06463307776560795
(45, 30, 20, 0.1, 0.5, 'log2') -0.06470265826253774
(62, 38, 32, 0.02, 0.5, 'log2') -0.0647121710526316
(51, 25, 25, 0.1, 0.5, 'log2') -0.0647168262653899
(33, 22, 26, 0.02, 0.5, 'log2') -0.06473871409028732
(74, 4, 16, 0.1, 0.5, 'log2') -0.06479594631607767
(78, 15, 21, 0.08, 1.0, 'log2') -0.06481755829903967
(71, 16, 19, 0.1, 0.75, 'log2') -0.06483013698630137
(83, 47, 17, 0.02, 0.75, 'log2') -0.0648317373461012
(86, 39, 19, 0.1, 1.0, 'log2') -0.06485753424657537
(57, 49, 40, 0.1, 0.5, 'log2') -0.0648807892573307
(78, 15, 17, 0.04, 0.5, 'log2') -0.06489969771915359
(10, 28, 11, 0.08, 0.5, 'log2') -0.06492471940870517
(70, 42, 15, 0.04, 0.5, 'log2') -0.06493399339933999
(77, 49, 31, 0.02, 0.5, 'log2') -0.06497258771929826
(16, 16, 38, 0.1, 1.0, 'log2') -0.06498357064622125
(99, 48, 20, 0.06, 1.0, 'log2') -0.06506568144499181
(68, 12, 24, 0.08, 0.5, 'log2') -0.0651235584843491
(33, 14, 22, 0.06, 0.75, 'log2') -0.06524648857064164
(46, 5, 21, 0.04, 0.5, 'log2') -0.06548024149286506
(24, 20, 16, 0.06, 0.75, 'log2') -0.06549315068493153
(19, 14, 31, 0.02, 0.5, 'log2') -0.06550807997808823
(50, 10, 33, 0.08, 1.0, 'log2') -0.06567589799835467
(26, 19, 13, 0.02, 0.75, 'log2') -0.06568107221006565
(22, 43, 34, 0.02, 1.0, 'log2') -0.06569395017793596
(30, 32, 33, 0.04, 1.0, 'log2') -0.06571937517127976
(84, 13, 38, 0.1, 1.0, 'log2') -0.06577753484558603
(63, 45, 36, 0.08, 1.0, 'log2') -0.06585573230938016
(83, 50, 24, 0.1, 0.75, 'log2') -0.065926943147487
(14, 4, 11, 0.04, 0.75, 'log2') -0.06595009596928987
(71, 34, 29, 0.08, 0.5, 'log2') -0.06595401040240899
(85, 11, 31, 0.04, 0.5, 'log2') -0.06600219358376735
(41, 30, 31, 0.06, 0.5, 'log2') -0.06604006586169055
(64, 22, 12, 0.06, 0.5, 'log2') -0.06618221855216085
(62, 8, 11, 0.06, 0.5, 'log2') -0.06627192982456144
(86, 18, 15, 0.04, 0.75, 'log2') -0.06640452538631343
(13, 20, 40, 0.1, 0.5, 'log2') -0.0664215148188803
(81, 50, 40, 0.02, 0.75, 'log2') -0.06646929824561404
(32, 26, 11, 0.04, 0.75, 'log2') -0.06647187928669408
(66, 3, 20, 0.04, 1.0, 'log2') -0.06652819807427772
(74, 16, 13, 0.04, 0.5, 'log2') -0.06656946354883082
(75, 42, 30, 0.1, 0.5, 'log2') -0.06659346692286573
(46, 28, 24, 0.02, 1.0, 'log2') -0.0667543138866064
(95, 45, 26, 0.06, 1.0, 'log2') -0.06675549450549456
(38, 50, 11, 0.04, 0.5, 'log2') -0.06677826564215154
(67, 25, None, 0.08, 1.0, 'log2') -0.06688407782954225
(12, 45, 16, 0.06, 0.75, 'log2') -0.06690306681270541
(91, 31, 32, 0.02, 0.75, 'log2') -0.06694140197152251
(61, 11, 10, 0.02, 0.75, 'log2') -0.06698877634820694
(61, 45, 21, 0.02, 0.75, 'log2') -0.06708219178082188
(22, 40, 20, 0.04, 1.0, 'log2') -0.06710375034218453
(75, 30, 30, 0.04, 0.75, 'log2') -0.06718947079791618
(59, 15, 13, 0.04, 0.75, 'log2') -0.06725048116579603
(71, 38, 19, 0.04, 1.0, 'log2') -0.06733315023345234
(12, 3, 38, 0.02, 1.0, 'log2') -0.0674622770919067
(85, 21, 39, 0.02, 0.75, 'log2') -0.06752197802197804
(59, 5, 16, 0.08, 0.75, 'log2') -0.06762126610030135
(63, 5, 25, 0.08, 0.75, 'log2') -0.06772068871276289
(44, 35, 19, 0.02, 1.0, 'log2') -0.06780065897858319
(59, 12, 38, 0.04, 0.75, 'log2') -0.06794596084918658
(13, 47, 10, 0.1, 0.5, 'log2') -0.0679648930334613
(76, 33, 27, 0.02, 0.5, 'log2') -0.0679671232876713
(48, 16, 19, 0.02, 0.75, 'log2') -0.06809210526315794
(41, 31, 10, 0.04, 0.5, 'log2') -0.06810937070623795
(47, 30, 25, 0.02, 0.75, 'log2') -0.06812448587880444
(18, 10, 13, 0.08, 0.75, 'log2') -0.06813358988455194
(23, 42, 16, 0.06, 0.75, 'log2') -0.06825884288456263
(87, 29, 18, 0.08, 1.0, 'log2') -0.06839560439560434
(63, 18, 11, 0.1, 0.5, 'log2') -0.0684917582417581
(78, 22, 27, 0.06, 0.5, 'log2') -0.06864336818932303
(69, 21, 26, 0.06, 0.5, 'log2') -0.06867893435869264
(74, 39, 28, 0.06, 0.75, 'log2') -0.0687706270627063
(90, 45, 21, 0.1, 0.75, 'log2') -0.06877941981390254
(36, 48, 24, 0.06, 0.5, 'log2') -0.06879726027397264
(81, 43, 33, 0.04, 1.0, 'log2') -0.06885989010989012
(56, 34, 30, 0.06, 0.5, 'log2') -0.06891973611874659
(79, 39, 40, 0.06, 0.5, 'log2') -0.06905075445816192
(84, 48, 10, 0.02, 1.0, 'log2') -0.06905624142661182
(87, 11, 15, 0.02, 1.0, 'log2') -0.06917996697853605
(93, 6, 17, 0.02, 0.75, 'log2') -0.0692430498210845
(18, 4, 19, 0.04, 1.0, 'log2') -0.06933077345035653
(45, 31, 37, 0.04, 0.75, 'log2') -0.06940547945205489
(70, 45, 32, 0.02, 0.5, 'log2') -0.06941063596491225
(71, 32, 32, 0.06, 1.0, 'log2') -0.06946703296703295
(10, 8, 22, 0.02, 0.75, 'log2') -0.06947152245345016
(70, 31, 26, 0.02, 0.75, 'log2') -0.06951219512195125
(26, 24, 20, 0.06, 1.0, 'log2') -0.06962962962962976
(67, 11, 18, 0.02, 0.75, 'log2') -0.06963815789473685
(66, 4, None, 0.06, 0.5, 'log2') -0.06975095785440613
(61, 24, 33, 0.02, 1.0, 'log2') -0.06981090709783504
(61, 34, 15, 0.02, 0.5, 'log2') -0.06986827661909988
(33, 34, 16, 0.08, 1.0, 'log2') -0.06989821182943601
(71, 24, 18, 0.04, 0.75, 'log2') -0.0700466520307355
(37, 35, 35, 0.04, 0.75, 'log2') -0.07007131102578167
(13, 23, 22, 0.1, 1.0, 'log2') -0.07021440351841662
(83, 8, None, 0.04, 0.75, 'log2') -0.07028798683488745
(36, 24, 10, 0.06, 0.75, 'log2') -0.07031207226936773
(20, 10, 18, 0.08, 0.75, 'log2') -0.07060247592847323
(15, 23, 30, 0.06, 1.0, 'log2') -0.0706772689882095
(24, 25, 37, 0.1, 1.0, 'log2') -0.07079264947888106
(33, 4, 26, 0.02, 1.0, 'log2') -0.07093271334792124
(25, 7, 14, 0.06, 0.75, 'log2') -0.07102381604160975
(39, 46, 36, 0.1, 1.0, 'log2') -0.0711780821917808
(26, 8, 10, 0.08, 0.75, 'log2') -0.07119636963696373
(91, 48, 18, 0.02, 0.75, 'log2') -0.07133827974718326
(93, 11, 24, 0.08, 1.0, 'log2') -0.07139490271307207
(33, 46, 35, 0.04, 0.75, 'log2') -0.07141447368421057
(64, 28, 32, 0.06, 0.5, 'log2') -0.07154585392641404
(44, 25, 23, 0.1, 0.75, 'log2') -0.0715957154627849
(96, 15, 15, 0.02, 1.0, 'log2') -0.0716602634467619
(64, 47, 31, 0.08, 0.5, 'log2') -0.07167582417582417
(17, 33, 19, 0.08, 1.0, 'log2') -0.0717343578485182
(47, 38, 36, 0.02, 0.75, 'log2') -0.07183013698630139
(41, 3, None, 0.06, 1.0, 'log2') -0.07191664381683573
(46, 17, 28, 0.02, 0.5, 'log2') -0.07196599945160409
(94, 33, 11, 0.08, 0.75, 'log2') -0.07215680880330129
(61, 50, 10, 0.02, 0.75, 'log2') -0.07220821917808228
(95, 38, 33, 0.04, 1.0, 'log2') -0.07224327292696332
(78, 29, 13, 0.08, 1.0, 'log2') -0.07237102085620203
(54, 24, 12, 0.02, 0.5, 'log2') -0.07239583333333338
(92, 34, 16, 0.02, 0.75, 'log2') -0.07246567819879189
(89, 11, 28, 0.02, 0.75, 'log2') -0.07255488474204178
(61, 32, 28, 0.02, 0.75, 'log2') -0.07269589041095902
(80, 49, 38, 0.06, 0.5, 'log2') -0.07273848684210536
(19, 23, 29, 0.04, 0.75, 'log2') -0.07278356164383565
(55, 35, 36, 0.08, 1.0, 'log2') -0.07281207133058992
(70, 47, 17, 0.08, 0.75, 'log2') -0.07290172460990983
(16, 41, 24, 0.1, 0.5, 'log2') -0.07298765432098771
(25, 44, 32, 0.08, 0.75, 'log2') -0.07305769230769235
(89, 18, 17, 0.1, 0.75, 'log2') -0.07315283122594833
(88, 38, 11, 0.02, 0.75, 'log2') -0.073644834201151
(68, 17, 15, 0.06, 0.75, 'log2') -0.07373179444902452
(85, 48, 25, 0.06, 1.0, 'log2') -0.07380613362541086
(69, 33, 29, 0.1, 0.75, 'log2') -0.07389329685362525
(44, 50, 29, 0.08, 0.5, 'log2') -0.07390826695962659
(78, 10, 17, 0.06, 0.5, 'log2') -0.07394736842105273
(34, 23, 17, 0.1, 0.5, 'log2') -0.07405293631100085
(91, 25, 23, 0.02, 1.0, 'log2') -0.07406705138774394
(52, 25, 31, 0.06, 0.75, 'log2') -0.07407956104252407
(90, 37, 12, 0.08, 0.75, 'log2') -0.07408779149519902
(33, 8, 27, 0.1, 0.5, 'log2') -0.07408991228070186
(56, 36, 36, 0.06, 0.75, 'log2') -0.0740992596654785
(21, 11, 26, 0.04, 0.5, 'log2') -0.07414660831509855
(42, 44, 13, 0.08, 1.0, 'log2') -0.07428768255717837
(43, 23, 10, 0.04, 0.75, 'log2') -0.07432536411101953
(99, 35, 40, 0.02, 1.0, 'log2') -0.07454120879120886
(41, 45, 24, 0.06, 0.75, 'log2') -0.07459133296763597
(20, 13, 34, 0.04, 0.75, 'log2') -0.07466557017543858
(26, 11, 13, 0.1, 1.0, 'log2') -0.07468295360966246
(69, 14, 18, 0.02, 0.5, 'log2') -0.07471475589687329
(61, 49, 38, 0.04, 1.0, 'log2') -0.07485298158834854
(86, 25, 38, 0.1, 0.75, 'log2') -0.07485604606525913
(50, 18, 18, 0.08, 1.0, 'log2') -0.07507688083470615
(72, 38, 40, 0.1, 1.0, 'log2') -0.07512609649122812
(80, 9, 20, 0.04, 1.0, 'log2') -0.0751937345424567
(70, 32, 34, 0.02, 0.75, 'log2') -0.07527556896078975
(90, 37, 10, 0.02, 0.5, 'log2') -0.07537828947368426
(75, 4, 27, 0.1, 0.5, 'log2') -0.07539786710418368
(66, 4, 21, 0.02, 0.75, 'log2') -0.07541266794625728
(41, 46, 13, 0.06, 0.75, 'log2') -0.07542433397418302
(91, 18, 11, 0.1, 0.5, 'log2') -0.07547097480832422
(97, 31, 19, 0.04, 1.0, 'log2') -0.07548998078506736
(45, 45, 30, 0.06, 1.0, 'log2') -0.07550549450549464
(95, 37, 31, 0.06, 0.75, 'log2') -0.07552876712328771
(81, 36, 10, 0.02, 0.5, 'log2') -0.07556774547449267
(90, 24, 34, 0.04, 0.75, 'log2') -0.07567061415588003
(88, 21, 19, 0.04, 1.0, 'log2') -0.07568918176825937
(16, 44, 21, 0.08, 0.75, 'log2') -0.07575349986275054
(67, 47, 11, 0.04, 1.0, 'log2') -0.07601487193610588
(88, 22, 25, 0.02, 0.75, 'log2') -0.07605104281009895
(40, 29, 25, 0.04, 1.0, 'log2') -0.07631347790282744
(44, 39, 23, 0.04, 1.0, 'log2') -0.07645507007419627
(31, 12, 18, 0.04, 1.0, 'log2') -0.07675556777563931
(28, 33, 38, 0.06, 0.5, 'log2') -0.07681530415634477
(24, 45, 38, 0.06, 0.75, 'log2') -0.07684931506849313
(92, 45, 17, 0.04, 0.75, 'log2') -0.07718019257221469
(90, 47, 13, 0.04, 1.0, 'log2') -0.07732216424059336
(65, 13, 34, 0.08, 0.75, 'log2') -0.07743822075782526
(98, 45, 30, 0.02, 1.0, 'log2') -0.07746783465644683
(17, 48, 40, 0.06, 1.0, 'log2') -0.07754934210526324
(77, 10, 26, 0.1, 0.75, 'log2') -0.07775006851192104
(15, 41, 28, 0.1, 1.0, 'log2') -0.07786066922654968
(85, 26, 11, 0.1, 1.0, 'log2') -0.07792250618301734
(46, 19, 14, 0.04, 0.5, 'log2') -0.07795005488474217
(47, 35, 33, 0.1, 0.75, 'log2') -0.07799067982456166
(41, 48, 21, 0.06, 0.75, 'log2') -0.078037922506183
(79, 9, None, 0.08, 1.0, 'log2') -0.07830049261083732
(33, 24, 18, 0.06, 1.0, 'log2') -0.07844365426695858
(50, 49, 40, 0.04, 1.0, 'log2') -0.07876339653751034
(50, 28, None, 0.1, 0.75, 'log2') -0.07899478165339203
(30, 29, 22, 0.08, 0.75, 'log2') -0.07904644133003583
(41, 38, 39, 0.02, 1.0, 'log2') -0.0792181519956261
(37, 22, 30, 0.06, 1.0, 'log2') -0.07940482720789913
(38, 37, 37, 0.08, 1.0, 'log2') -0.07943163097199346
(57, 39, 14, 0.02, 0.5, 'log2') -0.07974527526705019
(77, 50, 29, 0.06, 0.75, 'log2') -0.08006870019236055
(97, 38, 32, 0.08, 0.75, 'log2') -0.08023020005480953
(30, 8, 23, 0.06, 0.5, 'log2') -0.08034729878721068
(69, 4, 26, 0.04, 0.5, 'log2') -0.08040922823400179
(33, 18, 35, 0.08, 0.75, 'log2') -0.08071585298957766
(53, 35, 28, 0.04, 1.0, 'log2') -0.08080285949958767
(36, 33, 37, 0.08, 1.0, 'log2') -0.08086646558815473
(33, 40, 12, 0.04, 0.75, 'log2') -0.0810076880834708
(65, 26, 40, 0.08, 1.0, 'log2') -0.08104743624897172
(85, 7, 26, 0.1, 0.75, 'log2') -0.08125341343528113
(94, 37, 17, 0.04, 0.5, 'log2') -0.08140744797371313
(70, 21, 18, 0.04, 0.75, 'log2') -0.08151797968707114
(39, 39, 14, 0.06, 1.0, 'log2') -0.08170276939950655
(28, 38, 23, 0.1, 0.5, 'log2') -0.08200880572372049
(56, 41, 10, 0.04, 0.75, 'log2') -0.08280855732309389
(96, 27, 38, 0.02, 1.0, 'log2') -0.0828528281164197
(76, 32, 20, 0.06, 1.0, 'log2') -0.0829268292682928
(53, 43, 36, 0.02, 0.75, 'log2') -0.08305418719211831
(33, 5, 26, 0.1, 0.5, 'log2') -0.08311007411474053
(29, 42, 22, 0.06, 0.75, 'log2') -0.08333150082462903
(73, 50, 24, 0.08, 1.0, 'log2') -0.0834925864909391
(19, 8, 28, 0.08, 0.75, 'log2') -0.08411732456140365
(96, 4, 15, 0.08, 0.75, 'log2') -0.0842939087680962
(72, 34, 14, 0.08, 0.75, 'log2') -0.08446580609722616
(81, 26, 38, 0.1, 0.5, 'log2') -0.08451356536037286
(90, 18, 28, 0.08, 1.0, 'log2') -0.08510276788161157
(92, 34, 35, 0.06, 0.5, 'log2') -0.08541907117339942
(57, 47, 29, 0.08, 0.5, 'log2') -0.08563050660792963
(48, 44, 32, 0.1, 0.75, 'log2') -0.08577735124760087
(30, 17, 39, 0.06, 0.75, 'log2') -0.08603462489694984
(68, 30, 18, 0.08, 0.75, 'log2') -0.08667125930008274
(13, 31, 16, 0.1, 1.0, 'log2') -0.08727995612832477
(27, 7, 16, 0.1, 0.5, 'log2') -0.08730896096756467
(89, 15, 26, 0.1, 0.5, 'log2') -0.08958937859293734
(22, 39, 25, 0.06, 0.75, 'log2') -0.08961538461538465
(71, 6, 34, 0.08, 1.0, 'log2') -0.0900109319486199
(40, 24, 30, 0.06, 0.75, 'log2') -0.09007423700852357
(61, 50, 31, 0.1, 1.0, 'log2') -0.09047449259462445
(74, 19, 21, 0.1, 0.75, 'log2') -0.09073871409028735
(80, 32, 35, 0.1, 1.0, 'log2') -0.09185784851811206
(72, 25, 28, 0.06, 0.5, 'log2') -0.09391888188544811
(88, 32, 36, 0.08, 0.5, 'log2') -0.09602026841961106
(34, 16, None, 0.1, 0.75, 'log2') -0.09603462489694989
