(0.1, True, 0.1) -0.02733206418275767
(0.1, True, 1.0) -0.027511558335599696
(0.2, True, 0.6) -0.027568670111503955
(0.2, True, 0.7) -0.027568670111503955
(0.2, True, 0.8) -0.027568670111503955
(0.1, True, 0.8) -0.027584987761762336
(0.1, True, 0.4) -0.02789502311667122
(0.1, True, 0.2) -0.027930378025564306
(0.1, True, 0.9) -0.02798748980146861
(0.2, True, 0.4) -0.028093554528147973
(0.2, True, 0.5) -0.028093554528147973
(0.1, True, 0.3) -0.028330160456894207
(0.1, False, 1.0) -0.028547729127005726
(0.1, True, 0.0) -0.0286102801196628
(0.1, True, 0.5) -0.028765297797117225
(0.2, True, 0.2) -0.028800652706010343
(0.4, False, 0.9) -0.02897470764209956
(0.4, False, 1.0) -0.02897470764209956
(0.2, False, 0.5) -0.029045417459885797
(0.3, True, 0.8) -0.029045417459885797
(0.5, False, 0.6) -0.029056295893391367
(0.5, False, 0.7) -0.029056295893391367
(0.6, True, 0.9) -0.029056295893391367
(0.6, False, 0.7) -0.029056295893391367
(0.1, True, 0.6) -0.029091650802284492
(0.1, False, 0.4) -0.029091650802284492
(0.3, False, 0.7) -0.02929018221376124
(0.4, True, 1.0) -0.02929018221376124
(0.2, True, 0.9) -0.029309219472395988
(0.2, True, 1.0) -0.029309219472395988
(0.2, True, 0.3) -0.029371770465053047
(0.2, False, 0.3) -0.029371770465053047
(0.3, True, 0.5) -0.029371770465053047
(0.3, True, 0.6) -0.029371770465053047
(0.3, True, 0.7) -0.029371770465053047
(0.3, False, 0.3) -0.029371770465053047
(0.3, False, 0.4) -0.029371770465053047
(0.3, False, 0.5) -0.029371770465053047
(0.3, False, 0.6) -0.029371770465053047
(0.4, True, 0.6) -0.029371770465053047
(0.4, True, 0.7) -0.029371770465053047
(0.4, True, 0.8) -0.029371770465053047
(0.4, True, 0.9) -0.029371770465053047
(0.4, False, 0.5) -0.029371770465053047
(0.4, False, 0.6) -0.029371770465053047
(0.4, False, 0.7) -0.029371770465053047
(0.5, True, 0.7) -0.029371770465053047
(0.5, True, 0.8) -0.029371770465053047
(0.5, True, 0.9) -0.029371770465053047
(0.2, False, 0.6) -0.029472395974979623
(0.1, False, 0.0) -0.029698123470220297
(0.3, True, 0.1) -0.029722599945607834
(0.3, True, 0.4) -0.02986129997280394
(0.3, True, 0.9) -0.029915692140331813
(0.3, True, 1.0) -0.029915692140331813
(0.3, False, 0.8) -0.029915692140331813
(0.3, False, 0.9) -0.029915692140331813
(0.3, False, 1.0) -0.029915692140331813
(0.5, False, 0.8) -0.029926570573837383
(0.5, False, 0.9) -0.029926570573837383
(0.5, False, 1.0) -0.029926570573837383
(0.6, False, 0.8) -0.029926570573837383
(0.6, False, 0.9) -0.029926570573837383
(0.6, False, 1.0) -0.029926570573837383
(0.1, False, 0.5) -0.029961925482730502
(0.2, False, 0.4) -0.02999728039162362
(0.1, False, 0.1) -0.03007886864291543
(0.4, False, 0.8) -0.030242045145499063
(0.5, True, 1.0) -0.030242045145499063
(0.6, True, 1.0) -0.030242045145499063
(0.2, False, 0.2) -0.030269241229263
(0.4, False, 0.0) -0.030304596138156118
(0.5, True, 0.0) -0.030304596138156118
(0.1, True, 0.7) -0.030315474571661696
(0.4, False, 0.4) -0.030416100081588272
(0.5, False, 0.5) -0.030416100081588272
(0.6, True, 0.8) -0.030416100081588272
(0.6, False, 0.6) -0.030416100081588272
(0.7, True, 1.0) -0.030416100081588272
(0.5, True, 0.3) -0.03046777264073976
(0.6, True, 0.5) -0.03046777264073976
(0.1, False, 0.9) -0.030543921675278776
(0.2, True, 0.0) -0.030620070709817787
(0.2, True, 0.1) -0.030620070709817787
(0.3, True, 0.0) -0.030620070709817798
(0.4, True, 0.0) -0.030620070709817798
(0.4, True, 0.1) -0.030620070709817798
(0.1, False, 0.2) -0.030704378569486004
(0.3, True, 0.2) -0.030783247212401436
(0.4, True, 0.2) -0.030783247212401436
(0.4, True, 0.3) -0.030783247212401436
(0.5, True, 0.4) -0.030783247212401436
(0.7, False, 0.9) -0.030824041338047347
(0.7, False, 1.0) -0.030824041338047347
(0.8, False, 0.9) -0.030824041338047347
(0.8, False, 1.0) -0.030824041338047347
(0.9, False, 1.0) -0.030824041338047347
(0.4, False, 0.3) -0.030905629589339158
(0.5, False, 0.4) -0.030905629589339158
(0.6, True, 0.6) -0.030905629589339158
(0.6, True, 0.7) -0.030905629589339158
(0.6, False, 0.5) -0.030905629589339158
(0.7, True, 0.6) -0.030905629589339158
(0.7, True, 0.7) -0.030905629589339158
(0.7, True, 0.8) -0.030905629589339158
(0.7, True, 0.9) -0.030905629589339158
(0.1, False, 0.3) -0.030940984498232266
(0.1, False, 0.7) -0.031033451183029664
(0.2, False, 0.1) -0.03105792765841719
(0.2, False, 0.7) -0.03121294533587167
(0.2, False, 0.8) -0.03121294533587167
(0.2, False, 0.9) -0.03121294533587167
(0.3, True, 0.3) -0.031221104161000837
(0.3, False, 0.2) -0.031221104161000837
(0.4, True, 0.4) -0.031221104161000837
(0.4, True, 0.5) -0.031221104161000837
(0.5, True, 0.5) -0.031221104161000837
(0.5, True, 0.6) -0.031221104161000837
(0.2, False, 1.0) -0.031294533587163484
(0.7, False, 0.8) -0.03131357084579822
(0.5, True, 0.1) -0.031365243404949714
(0.5, True, 0.2) -0.031365243404949714
(0.5, False, 0.0) -0.031365243404949714
(0.5, False, 0.1) -0.031365243404949714
(0.6, True, 0.0) -0.031365243404949714
(0.6, True, 0.1) -0.031365243404949714
(0.6, True, 0.2) -0.031365243404949714
(0.6, True, 0.3) -0.031365243404949714
(0.6, True, 0.4) -0.031365243404949714
(0.6, False, 0.0) -0.031365243404949714
(0.6, False, 0.1) -0.031365243404949714
(0.7, True, 0.0) -0.031365243404949714
(0.7, True, 0.1) -0.031365243404949714
(0.7, True, 0.2) -0.031365243404949714
(0.7, True, 0.3) -0.031365243404949714
(0.7, True, 0.4) -0.031365243404949714
(0.7, True, 0.5) -0.031365243404949714
(0.7, False, 0.0) -0.031365243404949714
(0.7, False, 0.1) -0.031365243404949714
(0.7, False, 0.2) -0.031365243404949714
(0.8, True, 0.0) -0.031365243404949714
(0.8, True, 0.1) -0.031365243404949714
(0.8, True, 0.2) -0.031365243404949714
(0.8, True, 0.3) -0.031365243404949714
(0.8, True, 0.4) -0.031365243404949714
(0.8, True, 0.5) -0.031365243404949714
(0.8, True, 0.6) -0.031365243404949714
(0.8, False, 0.0) -0.031365243404949714
(0.8, False, 0.1) -0.031365243404949714
(0.8, False, 0.2) -0.031365243404949714
(0.9, True, 0.0) -0.031365243404949714
(0.9, True, 0.1) -0.031365243404949714
(0.9, True, 0.2) -0.031365243404949714
(0.9, True, 0.3) -0.031365243404949714
(0.9, True, 0.4) -0.031365243404949714
(0.9, True, 0.5) -0.031365243404949714
(0.9, True, 0.6) -0.031365243404949714
(0.9, True, 0.7) -0.031365243404949714
(0.9, False, 0.0) -0.031365243404949714
(0.9, False, 0.1) -0.031365243404949714
(0.9, False, 0.2) -0.031365243404949714
(0.9, False, 0.3) -0.031365243404949714
(1.0, True, 0.0) -0.031365243404949714
(1.0, True, 0.1) -0.031365243404949714
(1.0, True, 0.2) -0.031365243404949714
(1.0, True, 0.3) -0.031365243404949714
(1.0, True, 0.4) -0.031365243404949714
(1.0, True, 0.5) -0.031365243404949714
(1.0, True, 0.6) -0.031365243404949714
(1.0, True, 0.7) -0.031365243404949714
(1.0, False, 0.0) -0.031365243404949714
(1.0, False, 0.1) -0.031365243404949714
(1.0, False, 0.2) -0.031365243404949714
(1.0, False, 0.3) -0.031365243404949714
(0.4, False, 0.1) -0.031803100353549114
(0.4, False, 0.2) -0.031803100353549114
(0.5, False, 0.2) -0.031803100353549114
(0.5, False, 0.3) -0.031803100353549114
(0.6, False, 0.2) -0.031803100353549114
(0.6, False, 0.3) -0.031803100353549114
(0.6, False, 0.4) -0.031803100353549114
(0.7, False, 0.3) -0.031803100353549114
(0.7, False, 0.4) -0.031803100353549114
(0.7, False, 0.5) -0.031803100353549114
(0.7, False, 0.6) -0.031803100353549114
(0.7, False, 0.7) -0.031803100353549114
(0.8, True, 0.7) -0.031803100353549114
(0.8, True, 0.8) -0.031803100353549114
(0.8, True, 0.9) -0.031803100353549114
(0.8, True, 1.0) -0.031803100353549114
(0.8, False, 0.3) -0.031803100353549114
(0.8, False, 0.4) -0.031803100353549114
(0.8, False, 0.5) -0.031803100353549114
(0.8, False, 0.6) -0.031803100353549114
(0.8, False, 0.7) -0.031803100353549114
(0.8, False, 0.8) -0.031803100353549114
(0.9, True, 0.8) -0.031803100353549114
(0.9, True, 0.9) -0.031803100353549114
(0.9, True, 1.0) -0.031803100353549114
(0.9, False, 0.4) -0.031803100353549114
(0.9, False, 0.5) -0.031803100353549114
(0.9, False, 0.6) -0.031803100353549114
(0.9, False, 0.7) -0.031803100353549114
(0.9, False, 0.8) -0.031803100353549114
(1.0, True, 0.8) -0.031803100353549114
(1.0, True, 0.9) -0.031803100353549114
(1.0, True, 1.0) -0.031803100353549114
(1.0, False, 0.4) -0.031803100353549114
(1.0, False, 0.5) -0.031803100353549114
(1.0, False, 0.6) -0.031803100353549114
(1.0, False, 0.7) -0.031803100353549114
(1.0, False, 0.8) -0.031803100353549114
(1.0, False, 0.9) -0.031803100353549114
(0.2, False, 0.0) -0.03195539842262715
(0.3, False, 0.0) -0.03195539842262715
(0.1, False, 0.6) -0.03195539842262716
(0.1, False, 0.8) -0.03200707098177864
(0.3, False, 0.1) -0.032118574925210794
(0.9, False, 0.9) -0.032183845526244245
(1.0, False, 1.0) -0.032183845526244245

unweighted:
(0.2, False, 0.6) -0.08642105263157898
(0.2, False, 0.4) -0.08846963319302469
(0.2, True, 0.3) -0.08892427884615395
(0.1, False, 0.1) -0.08933596118859925
(0.2, False, 0.5) -0.08945263157894742
(0.2, False, 0.0) -0.08946622436670695
(0.2, True, 0.1) -0.0898494429388739
(0.2, False, 0.1) -0.08985830569791986
(0.2, False, 0.3) -0.09023150932050515
(0.2, False, 0.7) -0.09058558558558555
(0.2, True, 0.2) -0.09061126166817231
(0.2, False, 0.8) -0.0908368326334733
(0.3, False, 0.5) -0.09085542168674705
(0.2, False, 0.9) -0.09123017060760262
(0.1, True, 0.3) -0.09269588712098478
(0.3, True, 0.1) -0.09274751730364132
(0.1, False, 0.8) -0.09283018867924533
(0.2, False, 1.0) -0.09298382264829252
(0.1, False, 0.0) -0.09335854765506822
(0.3, False, 1.0) -0.0934114818154495
(0.2, False, 0.2) -0.09343797162692428
(0.5, True, 0.1) -0.0935828073339345
(0.1, True, 0.1) -0.09392458521870295
(0.1, False, 0.9) -0.09398449150014918
(0.5, True, 0.2) -0.09403903903903907
(0.1, False, 0.6) -0.09445547533092662
(0.3, True, 0.7) -0.09458170914542734
(0.4, True, 0.1) -0.09462484993997601
(0.2, True, 0.0) -0.09467853908843957
(0.1, False, 1.0) -0.09474999999999996
(0.1, False, 0.2) -0.09486094316807747
(0.2, True, 0.4) -0.09557790453317326
(0.2, True, 0.6) -0.09569286142771452
(0.1, True, 0.2) -0.09575766686710777
(0.8, True, 0.6) -0.09576266107281992
(0.1, False, 0.3) -0.09578549848942604
(0.3, False, 0.9) -0.09578931572629065
(0.8, True, 0.5) -0.09581959844171414
(0.3, True, 0.5) -0.0958288288288289
(0.1, False, 0.7) -0.09586486486486491
(0.3, True, 0.2) -0.09596211665664464
(0.9, True, 0.6) -0.0963042827193771
(0.3, True, 0.3) -0.09633984962406016
(0.2, True, 0.7) -0.09644524236983847
(0.4, True, 0.2) -0.09650345449083818
(0.1, False, 0.5) -0.09657443609022562
(0.2, True, 0.5) -0.09670665866826644
(0.1, True, 0.0) -0.09681749622926103
(0.4, True, 0.3) -0.09722439170922204
(0.3, False, 0.6) -0.09724834237492468
(0.3, False, 0.7) -0.09732810615199038
(0.1, True, 0.4) -0.09741007194244615
(0.3, False, 0.4) -0.09745257452574532
(0.5, True, 0.0) -0.09753079002703514
(0.4, True, 0.0) -0.09762319711538463
(0.4, False, 0.7) -0.09773397532350289
(0.8, True, 0.7) -0.0977994011976048
(0.3, True, 0.0) -0.09798798798798802
(0.7, True, 0.6) -0.09820305480682841
(0.3, False, 0.2) -0.09823937292734405
(0.7, False, 0.1) -0.09836783678367843
(0.3, False, 0.1) -0.09839097744360906
(0.3, True, 0.9) -0.09843824940047967
(0.7, True, 0.5) -0.09869565217391302
(0.3, True, 0.6) -0.09872825434913018
(0.8, False, 0.1) -0.09872901678657073
(0.6, True, 0.2) -0.09881416991894325
(0.8, False, 0.2) -0.09897058823529412
(0.9, True, 0.7) -0.0990161483253589
(0.7, True, 0.3) -0.09913617276544694
(0.5, False, 0.8) -0.0991879699248121
(0.3, False, 0.8) -0.09919951850737294
(0.2, True, 0.9) -0.09922524678432552
(0.7, False, 0.0) -0.09926902336728581
(0.9, False, 0.1) -0.09926902336728581
(0.4, True, 0.4) -0.09929514097180572
(0.1, True, 0.7) -0.09937574671445648
(0.1, False, 0.4) -0.09954203073214835
(0.9, True, 0.4) -0.09970614692653675
(0.3, True, 0.4) -0.09976548406494293
(0.9, False, 0.2) -0.099787170263789
(0.8, False, 0.0) -0.09980821096793525
(0.2, True, 0.8) -0.0999133552435017
(0.6, True, 0.3) -0.09992499249924992
(0.9, True, 0.5) -0.0999760191846523
(1.0, False, 0.2) -0.10005690326445045
(1.0, False, 0.1) -0.10007789095266625
(0.7, True, 0.4) -0.10011097780443913
(0.4, True, 1.0) -0.10011683642899946
(1.0, True, 0.6) -0.10026363091671661
(0.9, False, 0.0) -0.10036260113874737
(0.3, False, 0.0) -0.10043230261182833
(0.3, False, 0.3) -0.1004694553114656
(0.3, True, 0.8) -0.10047647587653587
(0.8, True, 0.8) -0.10050254262638354
(0.8, True, 0.0) -0.10060089686098658
(0.4, False, 0.9) -0.10061861861861865
(0.4, False, 0.0) -0.10080252479711452
(0.4, False, 0.8) -0.10087687687687695
(0.7, True, 0.7) -0.10088296917090696
(0.9, True, 0.8) -0.10109417040358748
(1.0, True, 0.7) -0.10112043139604558
(1.0, False, 0.3) -0.10113507038035341
(0.4, False, 0.6) -0.10120300751879704
(1.0, True, 0.3) -0.1012597247157391
(0.9, True, 0.1) -0.10131877990430624
(0.8, True, 0.2) -0.10136431784107952
(0.5, True, 0.3) -0.10145258103241299
(0.7, True, 0.0) -0.10149012567324957
(1.0, False, 0.0) -0.10150224887556221
(0.6, True, 0.4) -0.10152806964875415
(1.0, True, 0.9) -0.10166218236173394
(1.0, True, 0.4) -0.10170855774985041
(0.4, False, 0.2) -0.10175443876015654
(0.6, True, 0.0) -0.10176858513189449
(1.0, True, 0.5) -0.10177950868783708
(0.8, True, 0.4) -0.10206958608278346
(0.5, False, 0.9) -0.10208758248350339
(0.4, False, 0.5) -0.10219681011134518
(0.7, True, 0.2) -0.10223388305847078
(0.3, True, 1.0) -0.10228597176329232
(0.7, False, 0.2) -0.10234764335034523
(0.8, True, 0.1) -0.10238779174147222
(0.4, True, 0.8) -0.10250523795270881
(1.0, True, 0.2) -0.10251570445707453
(0.4, True, 0.9) -0.10256440982624329
(0.6, True, 0.6) -0.10264688249400478
(0.7, True, 0.1) -0.10276512881965252
(1.0, True, 0.1) -0.10282894736842109
(0.6, True, 0.5) -0.10283013205282115
(0.9, False, 0.3) -0.10288242351529696
(0.4, False, 0.3) -0.10294489611562789
(0.6, False, 0.8) -0.10301649175412303
(1.0, True, 0.8) -0.10302422973377211
(0.6, False, 0.0) -0.10314131413141316
(0.8, True, 0.3) -0.10317146282973623
(0.5, False, 0.7) -0.10318004207995198
(0.6, True, 0.1) -0.10322018624211475
(0.9, True, 0.2) -0.10328050239234453
(0.5, False, 0.1) -0.1033683578504953
(0.4, False, 0.1) -0.10366966966966966
(0.9, True, 0.9) -0.10414823670053801
(0.6, False, 0.4) -0.10415865384615385
(1.0, True, 0.0) -0.10415868263473059
(0.4, False, 0.4) -0.10422081829121548
(0.8, False, 0.3) -0.10424287856071962
(0.9, True, 0.0) -0.10425194494314785
(0.9, True, 0.3) -0.10427117629452264
(0.5, True, 0.4) -0.10443577430972391
(0.6, False, 0.1) -0.10451215851095767
(0.4, False, 1.0) -0.10452581032412975
(0.6, False, 0.5) -0.10454408666867288
(0.1, True, 0.5) -0.10467964071856298
(0.5, False, 0.0) -0.10486040228159707
(0.7, False, 0.5) -0.10491591591591594
(1.0, False, 0.4) -0.10496706586826353
(0.7, True, 0.8) -0.10507181328545787
(0.1, True, 0.8) -0.10510161386730434
(0.2, True, 1.0) -0.10520047875523643
(0.5, False, 0.2) -0.10530630630630626
(0.7, False, 0.8) -0.10533413245430036
(0.5, False, 0.3) -0.10544307599879844
(0.8, False, 0.4) -0.10552655265526555
(0.6, False, 0.2) -0.10557288542291539
(0.9, False, 0.4) -0.10563587282543498
(0.7, False, 0.4) -0.1059195919591959
(0.7, False, 0.7) -0.1062105263157895
(0.6, True, 0.7) -0.1063091671659677
(0.8, True, 0.9) -0.10646443514644355
(0.5, True, 1.0) -0.10656774580335733
(0.7, False, 0.3) -0.10670168067226889
(0.5, False, 0.6) -0.10675797712221562
(0.9, False, 0.6) -0.10689128481581314
(0.5, False, 0.4) -0.10689551339957849
(1.0, True, 1.0) -0.10714584578601322
(0.7, False, 0.6) -0.10724158653846158
(1.0, False, 0.5) -0.10727436281859072
(0.1, True, 0.6) -0.10742080095636589
(0.4, True, 0.7) -0.10746179202876838
(0.5, True, 0.5) -0.10767016491754122
(0.7, True, 0.9) -0.10767713004484315
(0.6, True, 0.8) -0.10788749251944947
(0.6, False, 0.9) -0.10791129757267014
(1.0, False, 0.6) -0.10806055155875298
(0.6, False, 0.7) -0.10812800480769238
(0.8, False, 0.5) -0.1081594724220624
(0.9, False, 0.5) -0.10829085457271363
(0.9, True, 1.0) -0.10833732057416275
(1.0, False, 0.7) -0.10845416417016177
(0.8, False, 0.6) -0.10852429514097187
(0.5, False, 0.5) -0.1086777108433735
(0.6, True, 0.9) -0.10869656203288497
(0.8, True, 1.0) -0.1087533632286996
(0.5, True, 0.6) -0.10882688268826883
(1.0, False, 0.8) -0.1093017680551394
(0.9, False, 0.7) -0.10958945160323649
(0.5, True, 0.7) -0.10959832134292567
(0.6, True, 1.0) -0.1098925052254405
(0.4, True, 0.6) -0.11006302521008408
(0.7, True, 1.0) -0.11033781763826611
(0.6, False, 0.6) -0.11057460890493384
(1.0, False, 0.9) -0.1106734510625562
(0.4, True, 0.5) -0.11071750225157614
(0.6, False, 0.3) -0.11093393393393389
(0.8, False, 0.9) -0.11121439280359827
(0.5, True, 0.8) -0.1114683847767456
(0.5, True, 0.9) -0.11156839269679739
(0.5, False, 1.0) -0.11173613193403306
(0.8, False, 0.8) -0.11199760047990408
(0.9, False, 0.9) -0.11232613908872906
(0.8, False, 0.7) -0.11237237237237244
(0.9, False, 1.0) -0.11248724872487251
(0.9, False, 0.8) -0.11345427286356825
(0.1, True, 0.9) -0.11352500748727164
(0.7, False, 0.9) -0.1143037214885955
(0.6, False, 1.0) -0.1145370092897813
(0.8, False, 1.0) -0.11556255625562561
(0.7, False, 1.0) -0.11611510791366912
(1.0, False, 1.0) -0.11626946107784432
(0.1, True, 1.0) -0.11822682268226825