(0.1, False, 1.0) -0.029009793253536465
(0.6, False, 0.5) -0.029102285092491853
(0.3, False, 0.9) -0.029708843537414972
(0.2, False, 0.3) -0.029768644529123586
(0.7, False, 0.5) -0.02998639825897716
(0.5, True, 0.1) -0.030117038649972783
(0.1, False, 0.9) -0.030323809523809527
(0.5, False, 0.6) -0.030348204570184997
(0.4, False, 0.6) -0.03047087642896026
(0.1, True, 0.0) -0.03054406964091405
(0.1, True, 0.3) -0.030582154515778046
(0.8, False, 0.0) -0.030661404463799686
(0.7, False, 0.4) -0.030721088435374164
(0.2, False, 0.1) -0.03072128470332065
(0.2, False, 0.2) -0.03072128470332065
(0.5, False, 0.1) -0.030737816498774856
(0.6, True, 0.0) -0.030737816498774856
(0.6, False, 0.0) -0.030737816498774856
(0.7, True, 0.0) -0.030737816498774856
(0.3, False, 1.0) -0.03090636908002177
(0.3, True, 0.4) -0.031061224489795935
(0.3, True, 0.5) -0.031061224489795935
(0.4, True, 0.4) -0.031061224489795935
(0.3, True, 0.0) -0.03106967882416986
(0.3, True, 0.1) -0.03106967882416986
(0.4, True, 0.0) -0.03106967882416986
(0.4, True, 0.1) -0.03106967882416986
(0.4, False, 0.0) -0.03106967882416986
(0.4, False, 0.1) -0.03106967882416986
(0.5, True, 0.0) -0.03106967882416986
(0.3, True, 0.2) -0.03113772455089823
(0.3, True, 0.3) -0.03113772455089823
(0.4, True, 0.2) -0.03113772455089823
(0.4, True, 0.3) -0.03113772455089823
(0.4, False, 0.4) -0.03115133369624389
(0.4, False, 0.5) -0.03115133369624389
(0.5, False, 0.4) -0.03115133369624389
(0.5, False, 0.5) -0.03115133369624389
(0.6, False, 0.4) -0.03115133369624389
(0.1, True, 0.5) -0.031202721088435414
(0.1, False, 0.8) -0.031216657593903137
(0.1, True, 0.8) -0.031229931972789147
(0.1, True, 0.9) -0.031229931972789147
(0.2, True, 0.2) -0.03132008709853024
(0.2, True, 0.3) -0.03132008709853024
(0.2, True, 0.4) -0.03132008709853024
(0.9, False, 0.4) -0.031350027218290694
(0.3, False, 0.7) -0.03135547087642896
(0.3, False, 0.8) -0.03135547087642896
(0.6, False, 0.6) -0.03136363636363637
(0.9, False, 0.0) -0.03146394557823131
(0.5, True, 0.5) -0.03146434403919435
(0.6, True, 0.4) -0.03146434403919435
(0.1, True, 0.4) -0.03146626768226337
(0.8, True, 0.2) -0.03147250952640176
(0.1, True, 0.1) -0.03152339499455932
(0.1, True, 0.2) -0.03152339499455932
(0.8, False, 0.4) -0.03153699673558216
(0.7, True, 0.3) -0.031540974680098026
(0.1, True, 0.7) -0.03156505171475234
(0.2, False, 1.0) -0.031578660860098
(0.1, True, 0.6) -0.03159227000544369
(0.8, False, 0.1) -0.031609038932752534
(0.2, True, 0.5) -0.03162448979591838
(0.4, False, 0.8) -0.03163037561241155
(0.4, False, 0.9) -0.03163037561241155
(0.4, False, 1.0) -0.03163037561241155
(0.5, False, 0.8) -0.03163037561241155
(0.5, False, 0.9) -0.03163037561241155
(0.5, False, 1.0) -0.03163037561241155
(0.6, False, 0.7) -0.03163037561241155
(0.6, False, 0.8) -0.03163037561241155
(0.6, False, 0.9) -0.03163037561241155
(0.6, False, 1.0) -0.03163037561241155
(0.7, False, 0.7) -0.03163037561241155
(0.7, False, 0.8) -0.03163037561241155
(0.7, False, 0.9) -0.03163037561241155
(0.8, False, 0.7) -0.03163037561241155
(0.3, True, 0.6) -0.03168209036472511
(0.4, True, 0.5) -0.03168209036472511
(0.4, True, 0.6) -0.031682090364725114
(0.6, False, 0.3) -0.031682090364725114
(0.7, False, 0.2) -0.031682090364725114
(0.7, False, 0.3) -0.031682090364725114
(0.6, True, 0.1) -0.031758780288592456
(0.5, False, 0.2) -0.031826844541246964
(0.6, False, 0.1) -0.031826844541246964
(0.6, False, 0.2) -0.031826844541246964
(0.7, False, 0.0) -0.031826844541246964
(0.7, False, 0.1) -0.031826844541246964
(0.4, False, 0.2) -0.03195427327163856
(0.5, False, 0.0) -0.03195427327163856
(0.3, False, 0.0) -0.031954273271638564
(0.3, False, 0.1) -0.031954273271638564
(0.3, False, 0.2) -0.031954273271638564
(0.4, False, 0.7) -0.03198911564625852
(0.4, False, 0.3) -0.032013605442176886
(0.5, True, 0.2) -0.032022318998366925
(0.3, False, 0.5) -0.03203592814371259
(0.3, False, 0.6) -0.03203592814371259
(0.9, False, 0.3) -0.03206746463547335
(0.8, False, 0.3) -0.03212244897959186
(0.9, False, 0.2) -0.03212244897959186
(1.0, False, 0.1) -0.03212244897959186
(1.0, False, 0.2) -0.03212244897959186
(0.8, False, 0.8) -0.03217474142623843
(0.2, True, 0.1) -0.032231899836690274
(0.8, False, 0.5) -0.0322346216657594
(0.5, False, 0.7) -0.0323380511703865
(0.1, True, 1.0) -0.03242721088435377
(0.2, False, 0.9) -0.0324632553075667
(0.6, True, 0.5) -0.032484353741496615
(0.7, True, 0.4) -0.032484353741496615
(0.7, True, 0.5) -0.032484353741496615
(0.8, True, 0.3) -0.032484353741496615
(0.8, True, 0.4) -0.032484353741496615
(0.9, True, 0.0) -0.032484353741496615
(0.9, True, 0.1) -0.032484353741496615
(0.9, True, 0.2) -0.032484353741496615
(0.9, True, 0.3) -0.032484353741496615
(0.9, False, 0.1) -0.032484353741496615
(1.0, True, 0.0) -0.032484353741496615
(1.0, True, 0.1) -0.032484353741496615
(1.0, False, 0.0) -0.032484353741496615
(0.3, True, 0.8) -0.0324979591836735
(0.4, True, 0.7) -0.0324979591836735
(0.1, False, 0.4) -0.03250000000000003
(0.7, False, 1.0) -0.03250136091453457
(0.3, False, 0.3) -0.032512248230811135
(0.8, False, 0.9) -0.032514970059880244
(0.5, True, 0.4) -0.03255307566684813
(0.8, False, 0.2) -0.03255307566684814
(0.8, True, 0.1) -0.03256124115405555
(0.3, True, 0.7) -0.03256668481219382
(0.5, True, 0.3) -0.032630002722570134
(0.6, True, 0.2) -0.032630002722570134
(0.6, True, 0.3) -0.032630002722570134
(0.7, True, 0.1) -0.032630002722570134
(0.7, True, 0.2) -0.032630002722570134
(0.8, True, 0.0) -0.032630002722570134
(0.2, False, 0.6) -0.03263129251700682
(0.2, False, 0.7) -0.032762656505171496
(0.2, False, 0.8) -0.032762656505171496
(0.5, False, 0.3) -0.0327708219923789
(0.7, False, 0.6) -0.03279259662493196
(0.8, False, 0.6) -0.03279259662493196
(0.2, False, 0.4) -0.03291235710397389
(1.0, True, 0.4) -0.03295157780195866
(0.1, False, 0.3) -0.032976060935799786
(0.8, True, 1.0) -0.03304572672836146
(0.9, False, 0.8) -0.03304572672836146
(0.9, False, 0.9) -0.03304572672836146
(0.9, False, 1.0) -0.03304572672836146
(1.0, False, 0.8) -0.03304572672836146
(1.0, False, 0.9) -0.03304572672836146
(1.0, False, 1.0) -0.03304572672836146
(0.2, True, 0.6) -0.03305306122448982
(0.1, False, 0.7) -0.03314915623298861
(0.2, False, 0.0) -0.03331156462585038
(0.8, True, 0.5) -0.0333133841131665
(0.3, True, 0.9) -0.03332698585418936
(0.4, True, 0.8) -0.03332698585418936
(0.9, True, 0.4) -0.03336870748299321
(1.0, True, 0.2) -0.03336870748299321
(1.0, True, 0.3) -0.03336870748299321
(0.5, True, 0.6) -0.033368707482993226
(0.8, False, 1.0) -0.033385955362003276
(0.3, False, 0.4) -0.033387755102040846
(0.1, False, 0.0) -0.03340494968724505
(0.1, False, 0.1) -0.03340494968724505
(1.0, False, 0.3) -0.03344583560152424
(0.9, True, 1.0) -0.03350027218290692
(0.9, False, 0.7) -0.03350027218290692
(1.0, True, 1.0) -0.03350027218290692
(1.0, False, 0.7) -0.03350027218290692
(0.1, False, 0.6) -0.03351660315732173
(0.9, True, 0.6) -0.033572789115646276
(1.0, True, 0.5) -0.033572789115646276
(0.9, False, 0.5) -0.03366358192705499
(0.9, False, 0.6) -0.03366358192705499
(1.0, False, 0.4) -0.03366358192705499
(0.2, True, 0.9) -0.03367446924333154
(0.2, False, 0.5) -0.03371972789115648
(0.7, True, 0.7) -0.03383569096844397
(0.8, True, 0.6) -0.03383569096844397
(0.9, True, 0.5) -0.03383569096844397
(0.2, True, 0.0) -0.033836734693877574
(0.2, True, 0.7) -0.033937414965986415
(0.1, False, 0.2) -0.03406692056583246
(0.1, False, 0.5) -0.03408707482993201
(0.5, True, 0.7) -0.03419749727965182
(0.6, True, 0.7) -0.03419749727965182
(0.7, True, 0.6) -0.03419749727965182
(1.0, False, 0.5) -0.03420794774088188
(1.0, False, 0.6) -0.03420794774088188
(0.2, True, 0.8) -0.034227000544365845
(0.6, True, 0.6) -0.034253061224489824
(0.2, True, 1.0) -0.03454545454545457
(0.3, True, 1.0) -0.03459194776931449
(0.6, True, 1.0) -0.0349510070767556
(0.7, True, 1.0) -0.0349510070767556
(0.7, True, 0.8) -0.03521502449646162
(0.8, True, 0.7) -0.03521502449646162
(0.9, True, 0.7) -0.03521502449646162
(1.0, True, 0.6) -0.03521502449646162
(0.4, True, 1.0) -0.03557702776265652
(0.5, True, 0.9) -0.03557702776265652
(0.6, True, 0.8) -0.03557702776265652
(0.4, True, 0.9) -0.035839455782312936
(0.5, True, 0.8) -0.035839455782312936
(0.9, True, 0.9) -0.036303756124115405
(1.0, True, 0.8) -0.036303756124115405
(1.0, True, 0.9) -0.036303756124115405
(0.5, True, 1.0) -0.03664398475775721
(0.6, True, 0.9) -0.03664398475775721
(0.7, True, 0.9) -0.03664398475775721
(0.8, True, 0.8) -0.03664398475775721
(0.8, True, 0.9) -0.03664398475775721
(0.9, True, 0.8) -0.03664398475775721
(1.0, True, 0.7) -0.03664398475775721

unweighted:
(0.6, False, 0.4) -0.06173627684964199
(0.4, False, 0.8) -0.06253973013493251
(0.6, True, 0.0) -0.06293624663274466
(0.9, False, 0.6) -0.06398883009994112
(0.4, False, 0.7) -0.06424924924924917
(0.7, False, 0.5) -0.06485773562537042
(0.5, False, 0.7) -0.06499405822935228
(0.5, False, 0.4) -0.06504194128220488
(0.6, False, 0.6) -0.06505934718100884
(0.6, False, 0.0) -0.0650686567164179
(0.4, False, 0.6) -0.06525382997897262
(1.0, False, 0.0) -0.06530437352245848
(0.6, False, 0.1) -0.06542276665670749
(0.6, False, 0.3) -0.06542362768496417
(0.3, False, 0.8) -0.0655487990270599
(0.9, False, 0.0) -0.06561055127445156
(0.7, True, 0.0) -0.06569809069212411
(0.4, False, 0.1) -0.06579872688693546
(0.8, False, 0.5) -0.06601599526066344
(0.1, False, 0.2) -0.06640223117446546
(0.5, False, 0.8) -0.06643217571979808
(0.3, False, 0.7) -0.06646541262135923
(0.6, False, 0.5) -0.06652459016393435
(0.4, False, 0.9) -0.06659784560143615
(0.7, False, 0.0) -0.06665477252453168
(0.7, True, 0.5) -0.06672558418214491
(0.8, False, 0.0) -0.06684569732937677
(1.0, False, 0.6) -0.066884377758164
(0.4, False, 0.3) -0.06688861985472155
(0.3, False, 0.5) -0.0670197869101979
(0.4, False, 0.4) -0.06710000000000002
(0.5, False, 0.3) -0.06716947115384615
(0.5, False, 0.5) -0.06721375186846033
(0.9, True, 0.5) -0.06722122838401902
(0.8, False, 0.6) -0.06724911452184176
(1.0, False, 0.1) -0.06733787385253164
(0.1, True, 0.0) -0.06762538699690403
(0.5, False, 0.6) -0.06764828614008936
(0.9, True, 0.6) -0.06765248437964878
(0.3, False, 0.9) -0.06771498024916436
(0.8, True, 0.6) -0.06774463007159891
(0.7, False, 0.6) -0.06797457125960962
(0.9, False, 0.4) -0.06801839216849595
(0.8, False, 0.2) -0.068066528066528
(0.8, False, 0.3) -0.06814077814077807
(0.7, True, 0.6) -0.06827947336923983
(0.3, False, 0.6) -0.06845920533818621
(0.8, True, 0.0) -0.06852005943536392
(0.6, True, 0.2) -0.06872141997593256
(0.5, True, 0.3) -0.0687401574803149
(0.6, True, 0.5) -0.06874887218045105
(0.6, True, 0.9) -0.06885037037037021
(0.9, False, 0.1) -0.06890236686390519
(0.5, False, 0.0) -0.06899819494584834
(0.8, False, 0.7) -0.06902001177163031
(1.0, False, 0.4) -0.06905128965312769
(0.7, False, 0.1) -0.06909144893111636
(0.6, True, 0.8) -0.0693781612615291
(0.7, False, 0.4) -0.06947978596908436
(0.5, False, 0.1) -0.06949081048508586
(0.1, False, 0.3) -0.06954083204930665
(0.8, False, 0.1) -0.0695697329376854
(0.6, True, 0.4) -0.06961249624511857
(0.8, False, 0.4) -0.06964985163204741
(0.9, False, 0.7) -0.06967410452143269
(0.6, True, 0.3) -0.06974405299608545
(0.5, False, 0.2) -0.069894419306184
(0.7, True, 0.3) -0.06993107581660171
(0.9, False, 0.5) -0.06993504576321223
(1.0, False, 0.5) -0.0699616971125515
(0.9, False, 0.3) -0.07011286011286007
(1.0, True, 0.6) -0.07014841199168877
(0.6, True, 0.7) -0.07025977903851877
(0.4, True, 0.2) -0.07026155717761558
(0.5, True, 0.5) -0.07029482551143194
(0.4, False, 0.2) -0.07033929112390185
(0.7, False, 0.7) -0.0703654582964927
(0.5, True, 0.4) -0.07055538786598245
(0.5, True, 0.0) -0.07064778547755343
(0.3, False, 0.2) -0.07067666870789958
(0.3, False, 0.4) -0.07070993296770264
(0.4, False, 0.5) -0.07072053059993967
(0.2, False, 0.1) -0.07073493234932357
(0.1, True, 0.1) -0.07074016723443796
(0.2, False, 0.2) -0.07090965155720015
(0.2, False, 0.3) -0.07100584435558292
(0.9, True, 0.1) -0.07108308605341221
(0.4, False, 0.0) -0.07148787878787881
(0.7, False, 0.2) -0.07156361474435195
(0.8, True, 0.5) -0.07156558111741854
(0.2, True, 0.3) -0.07165793528505394
(0.7, True, 0.2) -0.07165820137436503
(0.2, False, 0.0) -0.07181483752299207
(1.0, False, 0.3) -0.07188148148148128
(0.6, False, 0.7) -0.07194329592439451
(1.0, False, 0.2) -0.07196978672985763
(0.7, True, 0.4) -0.07207733812949631
(0.5, True, 0.9) -0.07213731343283561
(0.4, True, 0.4) -0.07219853836784407
(0.9, False, 0.8) -0.07225447082966868
(1.0, True, 0.5) -0.07264504611722693
(0.2, False, 0.4) -0.07265807243707795
(0.6, True, 0.1) -0.07273573573573568
(0.4, True, 0.8) -0.07274362818590692
(0.4, True, 0.1) -0.07276563448694597
(0.4, True, 0.6) -0.07290936555891236
(0.7, False, 0.8) -0.07302558071155535
(0.5, True, 0.8) -0.07302985074626846
(0.8, True, 0.2) -0.07308928571428554
(0.6, False, 0.2) -0.07314183123877914
(0.6, False, 0.8) -0.07315820543093256
(0.4, False, 1.0) -0.07326287585590939
(0.7, True, 0.1) -0.07337014925373128
(0.4, True, 0.0) -0.07347272727272726
(0.4, True, 0.7) -0.07347943560492329
(1.0, True, 0.4) -0.07355548943766725
(0.8, True, 0.4) -0.07355754857997007
(0.7, True, 0.7) -0.07364909145069988
(0.7, False, 0.3) -0.07368796433878157
(0.5, False, 0.9) -0.07372189349112417
(0.2, True, 0.2) -0.07372959655066218
(0.6, True, 0.6) -0.07379083008690425
(0.7, True, 0.9) -0.07379249187112012
(0.8, True, 0.7) -0.07390193164933115
(0.4, True, 0.5) -0.07395497414055363
(0.9, True, 0.3) -0.07397980397980387
(0.7, True, 0.8) -0.07403851851851834
(1.0, False, 0.7) -0.07407559331966007
(0.5, True, 0.6) -0.0740851829634073
(0.5, True, 0.1) -0.07409954751131216
(0.3, False, 0.3) -0.07419828641370867
(0.9, True, 0.4) -0.07425335320417287
(1.0, True, 0.0) -0.07428107469737208
(1.0, True, 0.7) -0.0745715130023639
(0.8, True, 0.1) -0.07459893048128323
(0.6, True, 1.0) -0.07469157769869497
(0.9, False, 0.2) -0.07471267772511836
(0.8, False, 0.8) -0.07488706365503074
(0.4, True, 0.3) -0.07489920586438603
(0.2, True, 0.1) -0.07497687326549494
(0.9, False, 0.9) -0.0750190225343868
(0.2, True, 0.0) -0.07504773637203574
(0.5, True, 0.2) -0.07512401693889896
(1.0, True, 0.1) -0.0752885469073689
(1.0, False, 0.8) -0.07529222676797187
(0.9, True, 0.0) -0.07535311572700285
(1.0, True, 0.2) -0.07536888888888865
(0.2, True, 0.5) -0.07542795566502451
(0.2, True, 0.4) -0.07570811477938906
(0.2, True, 0.9) -0.07616004962779138
(0.8, True, 0.3) -0.07621492537313428
(0.1, False, 0.0) -0.07631399317406154
(0.5, True, 0.7) -0.07637152258450491
(0.2, False, 0.9) -0.07641749379652604
(0.1, True, 0.8) -0.07651849549269499
(0.5, True, 1.0) -0.07656604901374754
(0.4, True, 0.9) -0.07672990063233945
(0.3, True, 0.0) -0.07682165799938828
(0.2, False, 0.5) -0.07705093016163463
(0.7, False, 1.0) -0.07710719530102782
(1.0, False, 0.9) -0.07717671152720888
(0.1, False, 0.4) -0.07719411223551063
(1.0, True, 0.3) -0.07721413721413702
(0.3, False, 0.0) -0.07733843797856058
(0.6, False, 0.9) -0.07741231948128491
(0.7, True, 1.0) -0.077446933962264
(0.9, True, 0.2) -0.07755865755865732
(0.9, True, 0.7) -0.07771648873072351
(0.3, False, 0.1) -0.07774479804161577
(0.3, True, 0.5) -0.07824448529411755
(0.8, True, 0.8) -0.0784403669724769
(0.1, True, 0.2) -0.07864914992272036
(0.8, False, 0.9) -0.07879694835680744
(0.1, False, 0.1) -0.07888198757763985
(0.2, False, 0.8) -0.07903155940594049
(0.1, True, 0.3) -0.07906539173349787
(0.3, True, 1.0) -0.07912523020257801
(0.3, False, 1.0) -0.07976545842217471
(0.3, True, 0.4) -0.0798469543924089
(0.3, True, 0.2) -0.07996326905417815
(1.0, False, 1.0) -0.08
(0.8, False, 1.0) -0.08049339207048446
(0.9, False, 1.0) -0.08066021126760556
(0.2, False, 0.6) -0.08068774946269563
(0.2, False, 0.7) -0.08079052599200233
(0.3, True, 0.3) -0.08092359619515188
(0.1, True, 0.4) -0.08098305084745765
(0.1, False, 0.5) -0.08115196078431368
(0.3, True, 0.8) -0.08152819890842922
(0.2, False, 1.0) -0.08153749607781602
(0.3, True, 0.1) -0.08157572041692214
(0.3, True, 0.9) -0.08183953630262344
(1.0, True, 0.8) -0.08188679245283005
(0.6, False, 1.0) -0.0821125515615792
(0.2, True, 1.0) -0.08238557993730386
(0.1, False, 0.6) -0.08281009541397356
(0.7, False, 0.9) -0.08287477954144604
(0.2, True, 0.6) -0.08299171525007666
(0.8, True, 0.9) -0.08320094145336847
(0.3, True, 0.7) -0.08402246508803873
(0.9, True, 0.9) -0.08510732137606572
(0.1, False, 1.0) -0.08515870570107852
(0.9, True, 0.8) -0.08535281960436954
(0.9, True, 1.0) -0.08576122029920787
(0.2, True, 0.7) -0.08578331794398254
(0.3, True, 0.6) -0.08590867579908665
(0.1, False, 0.9) -0.0860955056179774
(1.0, True, 0.9) -0.08626799882456644
(0.1, True, 0.6) -0.08697753154816855
(0.5, False, 1.0) -0.08707460925980526
(0.8, True, 1.0) -0.08727539635936572
(0.1, True, 0.5) -0.08759630200308165
(0.4, True, 1.0) -0.08867310012062707
(0.1, True, 0.7) -0.08886209029066168
(0.2, True, 0.8) -0.08891875193079993
(1.0, True, 1.0) -0.08909384164222864
(0.1, False, 0.7) -0.09096534653465345
(0.1, True, 0.9) -0.09129853991922947
(0.1, True, 1.0) -0.09256735831526769
(0.1, False, 0.8) -0.09324906367041198



code:

normalize = [True, False]
c = [0.1, 0.2, 0.3, 0.4, 0.5, 0.6, 0.7, 0.8, 0.9, 1.0]
l1_ratio = [0.0, 0.1, 0.2, 0.3, 0.4, 0.5, 0.6, 0.7, 0.8, 0.9, 1.0]
fit = [True, False]
penalty = ['l1', 'l2']
# estimators_ada = list(range(10,101))
params = {'c': c, 'fit_intercept': fit, 'l1_ratio': l1_ratio}
params_list = list(ParameterGrid(params))
best_params = dict()

j = 0
for comb in params_list:
    clf = clf_linearReg = LogiReg.LogiRegSoccerGame(games, results, comb)
    params_tuple = (comb['c'], comb['fit_intercept'], comb['l1_ratio'])
    print(j)
    print(params_tuple)
    best_params[params_tuple] = play_reg(clf)
    j += 1

sort_orders = sorted(best_params.items(), key=lambda x: x[1], reverse=True)
for i in sort_orders:
    print(i[0], i[1])