(0.1, True, 0.2) -0.025195865070729045
(0.1, True, 0.3) -0.025535908596300335
(0.1, True, 0.4) -0.025889553862894463
(0.3, True, 0.1) -0.02645906989393528
(0.3, True, 0.2) -0.02645906989393528
(0.3, True, 0.3) -0.02645906989393528
(0.3, True, 0.4) -0.02645906989393528
(0.4, True, 0.2) -0.02645906989393528
(0.1, True, 0.1) -0.026488030467899895
(0.1, False, 0.3) -0.02655603917301415
(0.1, False, 0.2) -0.026746463547334058
(0.2, True, 0.3) -0.026837095458254034
(0.2, True, 0.4) -0.026837095458254034
(0.3, True, 0.0) -0.02686701115039436
(0.1, True, 0.5) -0.02690968443960829
(0.2, True, 0.1) -0.027408213217296733
(0.2, True, 0.2) -0.027408213217296733
(0.3, False, 0.1) -0.02747892303508296
(0.3, False, 0.2) -0.02747892303508296
(0.4, True, 0.0) -0.027554406964091418
(0.4, True, 0.1) -0.027554406964091418
(0.1, True, 0.0) -0.027644178454842246
(0.2, False, 0.1) -0.027693772096818062
(0.2, False, 0.2) -0.027856948599401708
(0.2, False, 0.3) -0.027856948599401708
(0.2, False, 0.4) -0.027856948599401708
(0.2, False, 0.5) -0.027884144683165645
(0.1, False, 1.0) -0.027935817242317123
(0.3, False, 0.0) -0.02795485450095187
(0.1, True, 0.6) -0.028038628944504915
(0.2, False, 0.0) -0.028169703562686985
(0.2, True, 0.5) -0.02821049768833289
(0.2, True, 0.0) -0.028360076149034564
(0.3, False, 0.3) -0.028362795757410946
(0.3, False, 0.4) -0.028362795757410946
(0.2, True, 0.6) -0.0284688604840903
(0.1, False, 0.4) -0.028644897959183676
(0.1, True, 0.7) -0.028977149075081622
(0.1, False, 0.5) -0.02917323905357628
(0.3, True, 0.5) -0.029246668479738933
(0.4, True, 0.3) -0.029246668479738933
(0.1, True, 0.8) -0.0293387755102041
(0.2, False, 0.9) -0.029447619047619063
(0.4, False, 0.0) -0.029526659412404795
(0.1, False, 0.0) -0.029534820457018517
(0.2, False, 0.6) -0.029556703834647837
(0.1, False, 0.6) -0.029567582268153397
(0.2, False, 0.7) -0.02975244831338413
(0.2, False, 1.0) -0.029806802721088453
(0.1, False, 0.9) -0.029975523524612472
(0.1, True, 0.9) -0.02999183673469391
(0.4, False, 0.1) -0.03000272034820458
(0.4, False, 0.2) -0.03000272034820458
(0.4, False, 0.3) -0.03000272034820458
(0.5, False, 0.1) -0.03000272034820458
(0.4, True, 0.4) -0.030130541202066916
(0.1, False, 0.1) -0.030133297062023945
(0.5, False, 0.0) -0.030233949945593044
(0.3, False, 0.5) -0.030261153427638746
(0.3, False, 0.9) -0.030274829931972797
(0.1, True, 1.0) -0.030454421768707503
(0.2, True, 0.7) -0.03077236877889587
(0.2, False, 0.8) -0.03079978237214366
(0.4, False, 0.4) -0.030818824809575634
(0.5, False, 0.2) -0.030818824809575634
(0.3, False, 0.6) -0.03101768707482996
(0.1, False, 0.7) -0.031022572749524104
(0.5, True, 0.0) -0.031118063112078355
(0.5, True, 0.1) -0.031118063112078355
(0.3, True, 0.6) -0.031150394343214594
(0.3, True, 0.7) -0.03115886833514692
(0.1, False, 0.8) -0.0313625237965733
(0.4, False, 0.9) -0.03142274211099022
(0.3, False, 1.0) -0.0314857142857143
(0.4, True, 0.6) -0.031507482993197305
(0.5, True, 0.5) -0.031507482993197305
(0.6, True, 0.1) -0.03159412404787813
(0.6, True, 0.3) -0.03167074829931974
(0.6, True, 0.4) -0.03167074829931974
(0.5, False, 0.8) -0.03172151210225727
(0.4, False, 1.0) -0.03174870818602123
(0.5, False, 1.0) -0.03174870818602123
(0.4, True, 0.5) -0.03177094668117521
(0.5, True, 0.4) -0.03177094668117521
(0.4, False, 0.8) -0.031776387377584335
(0.5, False, 0.9) -0.03183029643731303
(0.6, False, 0.9) -0.03183029643731303
(0.6, False, 0.0) -0.03188468860484092
(0.5, True, 0.2) -0.03193416757344941
(0.6, True, 0.2) -0.03193416757344941
(0.4, False, 0.6) -0.03198041349292712
(0.4, False, 0.5) -0.03198367346938776
(0.7, False, 0.7) -0.032047865107424536
(0.3, False, 0.8) -0.03207074829931975
(0.6, False, 1.0) -0.0323742181125918
(0.8, False, 0.6) -0.0323742181125918
(0.3, False, 0.7) -0.03243265306122452
(0.6, True, 0.0) -0.0324374319912949
(0.7, True, 0.1) -0.0324374319912949
(0.5, True, 0.3) -0.03247823721436346
(0.7, True, 1.0) -0.03255099265705741
(0.8, True, 1.0) -0.03255099265705741
(0.8, True, 0.3) -0.03266050054406966
(0.6, False, 0.7) -0.03270057111775905
(0.6, False, 0.8) -0.03270057111775905
(0.7, True, 0.0) -0.03270057111775906
(0.9, True, 1.0) -0.03276856132716891
(0.5, False, 0.5) -0.03276931447225247
(0.5, False, 0.6) -0.03276931447225247
(0.6, False, 0.3) -0.03276931447225247
(0.6, False, 0.4) -0.03276931447225247
(0.6, False, 0.5) -0.03276931447225247
(0.6, False, 0.6) -0.03276931447225247
(0.7, False, 0.5) -0.03276931447225247
(0.7, False, 0.6) -0.03276931447225247
(0.6, True, 0.6) -0.03283732317736673
(0.5, False, 0.3) -0.03286802721088437
(0.5, True, 0.6) -0.03293605442176873
(0.7, True, 0.9) -0.032986129997280414
(0.7, True, 0.4) -0.03300054406964093
(0.4, True, 0.7) -0.03300408163265309
(0.7, True, 0.2) -0.03302230685527749
(0.7, True, 0.3) -0.03302230685527749
(0.8, True, 0.7) -0.03308131629045419
(0.5, False, 0.4) -0.0331311207834603
(0.7, False, 0.2) -0.033136561479869445
(0.7, False, 0.3) -0.033136561479869445
(0.7, False, 0.4) -0.033136561479869445
(0.8, True, 0.4) -0.033136561479869445
(0.8, True, 0.5) -0.033136561479869445
(0.8, True, 0.6) -0.033136561479869445
(0.8, False, 0.4) -0.033136561479869445
(0.8, False, 0.5) -0.033136561479869445
(0.9, True, 0.4) -0.033136561479869445
(0.9, True, 0.5) -0.033136561479869445
(0.9, True, 0.6) -0.033136561479869445
(0.8, False, 0.7) -0.033162904541745995
(0.9, False, 0.7) -0.033162904541745995
(0.6, True, 1.0) -0.033203698667391916
(0.7, False, 0.9) -0.03327168887680175
(0.7, False, 1.0) -0.03327168887680175
(0.8, False, 1.0) -0.03327168887680175
(0.7, True, 0.7) -0.03331338411316651
(0.4, True, 1.0) -0.03337595212187162
(0.3, True, 0.8) -0.033453061224489815
(0.7, True, 0.5) -0.03347660500544071
(0.7, True, 0.6) -0.03347660500544071
(0.8, True, 0.2) -0.03350380848748642
(0.9, True, 0.0) -0.03350380848748642
(0.9, True, 0.1) -0.03350380848748642
(0.9, True, 0.2) -0.03350380848748642
(1.0, True, 0.0) -0.03350380848748642
(1.0, True, 0.1) -0.03350380848748642
(0.6, True, 0.9) -0.03353005167255916
(0.8, True, 0.9) -0.03354364971444115
(0.6, False, 0.1) -0.03357551020408164
(0.8, False, 0.8) -0.03362523796573296
(0.9, False, 0.8) -0.03362523796573296
(0.6, True, 0.5) -0.033643537414966014
(1.0, False, 0.6) -0.033734022300788695
(0.2, True, 0.8) -0.03375033995104707
(0.5, True, 0.8) -0.03377584330794345
(0.2, True, 0.9) -0.03381936887921657
(0.6, False, 0.2) -0.03383841131664855
(0.8, True, 0.0) -0.03386561479869425
(0.8, True, 0.1) -0.03386561479869425
(0.4, False, 0.7) -0.03388465723612625
(0.5, False, 0.7) -0.03388465723612625
(0.9, True, 0.9) -0.033910796845254304
(1.0, True, 0.9) -0.033910796845254304
(0.9, False, 0.9) -0.03395159097090021
(0.9, False, 1.0) -0.03395159097090021
(1.0, False, 1.0) -0.03395159097090021
(0.9, True, 0.7) -0.033978787054664145
(0.9, False, 0.6) -0.033978787054664145
(1.0, True, 0.7) -0.033978787054664145
(0.7, False, 0.1) -0.033979869423286194
(0.8, False, 0.0) -0.033979869423286194
(0.8, False, 0.1) -0.033979869423286194
(0.8, False, 0.2) -0.033979869423286194
(0.8, False, 0.3) -0.033979869423286194
(0.9, True, 0.3) -0.033979869423286194
(0.9, False, 0.0) -0.033979869423286194
(0.9, False, 0.1) -0.033979869423286194
(0.9, False, 0.2) -0.033979869423286194
(0.9, False, 0.3) -0.033979869423286194
(0.9, False, 0.4) -0.033979869423286194
(0.9, False, 0.5) -0.033979869423286194
(1.0, True, 0.2) -0.033979869423286194
(1.0, True, 0.3) -0.033979869423286194
(1.0, True, 0.4) -0.033979869423286194
(1.0, False, 0.0) -0.033979869423286194
(1.0, False, 0.1) -0.033979869423286194
(1.0, False, 0.2) -0.033979869423286194
(1.0, False, 0.3) -0.033979869423286194
(1.0, False, 0.8) -0.03403317922219202
(0.5, True, 0.7) -0.034070748299319754
(1.0, False, 0.9) -0.034141963557247766
(0.4, True, 0.9) -0.03416598639455784
(0.5, True, 1.0) -0.03418275768289368
(0.2, True, 1.0) -0.03420021762785639
(0.6, True, 0.8) -0.03427794397606747
(0.8, True, 0.8) -0.03429154201794942
(0.8, False, 0.9) -0.03429154201794944
(1.0, True, 1.0) -0.03431873810171337
(0.6, True, 0.7) -0.03433351468988033
(0.7, False, 0.0) -0.03434167573449403
(0.5, True, 0.9) -0.03437313026924124
(0.4, True, 0.8) -0.0345278911564626
(0.7, False, 0.8) -0.03461789502311669
(1.0, False, 0.7) -0.034713081316290466
(1.0, True, 0.5) -0.03487758433079435
(1.0, True, 0.6) -0.03487758433079435
(1.0, False, 0.4) -0.03487758433079435
(1.0, False, 0.5) -0.03487758433079435
(0.3, True, 0.9) -0.03488163265306124
(0.9, True, 0.8) -0.0349986401958118
(1.0, True, 0.8) -0.0349986401958118
(0.7, True, 0.8) -0.035175414740277425
(0.3, True, 1.0) -0.03527619047619049

unweighted:

(0.1, False, 0.3) -0.0596049004594181
(0.5, True, 0.7) -0.06407874962428611
(0.5, True, 0.9) -0.06454055671954503
(0.2, True, 0.3) -0.06538745387453879
(0.4, False, 0.9) -0.06580712788259956
(0.6, True, 0.5) -0.06611998794091044
(0.5, True, 0.8) -0.06624476361460198
(0.4, True, 0.9) -0.06625565269822123
(0.1, False, 0.2) -0.06636391625615766
(0.4, True, 0.7) -0.06662243667068755
(0.5, False, 1.0) -0.06667061260728023
(0.4, True, 1.0) -0.06688159084061461
(0.5, True, 0.6) -0.06699668973818834
(0.5, True, 0.5) -0.06709755360918152
(0.6, True, 0.7) -0.06721689634511678
(0.1, False, 0.4) -0.06730149072102222
(0.4, False, 1.0) -0.06772401433691753
(0.6, True, 1.0) -0.06773349196906593
(0.6, True, 0.6) -0.06816596512327117
(0.9, True, 0.5) -0.0684408602150537
(0.2, True, 1.0) -0.06853124999999995
(0.4, True, 0.8) -0.06897134238310709
(0.1, True, 0.8) -0.06902756271291406
(0.3, True, 0.7) -0.06921467556094603
(0.5, True, 1.0) -0.06939611360239152
(0.4, True, 0.6) -0.06979400181763103
(0.8, True, 0.4) -0.0701167315175097
(0.4, True, 0.5) -0.07013694461351187
(0.2, True, 0.4) -0.07013854679802957
(0.4, False, 0.8) -0.07043751872939767
(0.2, False, 0.5) -0.07059002433090025
(0.3, True, 1.0) -0.07059004302397053
(0.8, True, 0.5) -0.07093245666467424
(0.2, True, 0.8) -0.0709701262704034
(0.9, True, 0.4) -0.07110745285842555
(0.2, True, 0.5) -0.07128378378378374
(0.5, False, 0.7) -0.07138126491646773
(0.7, True, 0.5) -0.0714311377245509
(0.7, True, 0.9) -0.0714442793462109
(0.2, False, 0.4) -0.0715206106870229
(0.3, True, 0.6) -0.07162705667276055
(0.5, False, 0.9) -0.07167801124593069
(0.3, False, 0.6) -0.07186074794770447
(0.5, False, 0.8) -0.07190065437239732
(0.2, False, 0.9) -0.07195046439628487
(0.3, False, 1.0) -0.07198849878934623
(1.0, True, 0.5) -0.07211154190277357
(0.7, True, 0.6) -0.07225487256371813
(1.0, False, 0.5) -0.07228512151748663
(0.7, True, 0.4) -0.07235046588518179
(0.6, True, 0.9) -0.07244642857142845
(1.0, True, 0.3) -0.07248656716417903
(1.0, True, 0.6) -0.07283030122278544
(0.2, False, 1.0) -0.07289990645463054
(0.1, True, 0.2) -0.07292810860845422
(0.2, False, 0.7) -0.0729377491567004
(0.8, False, 0.4) -0.07293854415274459
(0.7, True, 0.3) -0.0729455966336038
(0.3, False, 0.9) -0.07298144204441742
(0.3, True, 0.8) -0.07302184466019417
(0.4, False, 0.7) -0.07310044977511242
(0.1, True, 0.1) -0.07313174946004326
(0.3, False, 0.7) -0.07317228805834095
(0.8, True, 0.6) -0.07332537313432821
(0.6, True, 0.8) -0.07335123843628762
(0.7, True, 1.0) -0.0735072635635932
(0.7, True, 0.7) -0.0736719450253958
(0.2, False, 0.6) -0.07370608004888483
(0.9, True, 0.2) -0.07390783961699579
(0.3, False, 0.8) -0.07391489361702126
(0.6, False, 0.9) -0.07395280235988196
(0.9, True, 0.6) -0.07421162444113252
(1.0, True, 0.4) -0.07422766656707493
(0.1, True, 0.9) -0.07434809538556815
(0.5, True, 0.3) -0.07435547467394603
(0.8, True, 0.0) -0.07449789536981354
(0.2, False, 0.8) -0.07451095340944151
(0.8, True, 1.0) -0.07466134279798875
(0.9, True, 1.0) -0.07496753246753232
(0.8, True, 0.9) -0.07499703791469185
(0.2, False, 0.3) -0.07501985945615643
(0.8, True, 0.2) -0.07520347097546377
(1.0, False, 0.4) -0.07533511269276386
(0.8, True, 0.3) -0.07534570487877879
(1.0, True, 0.2) -0.07541081565581113
(0.6, False, 0.8) -0.07554634290790635
(0.9, True, 0.0) -0.07554724880382771
(1.0, False, 0.8) -0.07555555555555543
(0.5, False, 0.6) -0.07559210526315789
(0.3, True, 0.4) -0.07561715160796327
(0.6, True, 0.4) -0.07565309200603319
(0.9, True, 0.3) -0.07566556984744234
(0.8, False, 0.3) -0.0757053197848176
(0.5, True, 0.2) -0.07587575757575762
(0.3, True, 0.5) -0.07592660550458717
(0.8, True, 0.1) -0.07600479904019192
(0.4, True, 0.4) -0.07609170968721538
(1.0, True, 0.8) -0.07609249925881993
(1.0, True, 0.1) -0.07628469113697396
(0.2, True, 0.9) -0.07644761314321123
(0.6, True, 0.3) -0.07652173913043477
(1.0, False, 0.6) -0.07659198113207542
(0.1, True, 0.3) -0.07659607120933085
(0.8, False, 0.5) -0.07666765666765667
(0.7, False, 0.4) -0.0766935483870967
(0.6, False, 0.5) -0.07670355967693683
(0.7, True, 0.2) -0.07671167116711673
(0.6, False, 0.3) -0.07711486282785641
(0.9, False, 0.3) -0.07716115579386351
(0.9, True, 0.7) -0.07718833680452235
(0.1, False, 1.0) -0.07723153320918676
(0.6, False, 1.0) -0.07731211317418206
(0.9, False, 0.4) -0.07732838038632985
(0.3, True, 0.3) -0.07741400491400495
(0.5, True, 0.4) -0.07743799153055055
(0.7, True, 0.8) -0.07744864543018752
(0.6, True, 0.1) -0.07777510523150925
(0.7, False, 0.3) -0.07778245192307683
(0.9, True, 0.1) -0.07778811524609841
(0.6, False, 0.4) -0.07801199400299845
(0.2, True, 0.2) -0.07804615384615388
(0.6, True, 0.2) -0.0781355421686747
(0.1, False, 0.5) -0.07835315645013724
(0.3, True, 0.9) -0.07843807199511894
(0.9, False, 0.5) -0.07857312370216549
(0.4, True, 0.2) -0.07857361026267558
(1.0, False, 0.3) -0.07857651245551592
(0.9, True, 0.9) -0.07882909520993488
(0.7, False, 1.0) -0.07892298613160223
(0.8, False, 0.0) -0.07898320335932801
(0.4, False, 0.5) -0.07899121478339895
(0.9, True, 0.8) -0.07899346793349159
(0.7, False, 0.5) -0.0790809042236762
(0.7, False, 0.6) -0.07918549346016639
(0.8, True, 0.7) -0.07929997021149819
(1.0, False, 0.7) -0.07936025943396216
(0.6, False, 0.0) -0.07941566265060228
(0.6, True, 0.0) -0.07948208370972598
(0.8, False, 0.2) -0.07949476831091169
(1.0, True, 0.0) -0.07957935560859182
(0.1, False, 0.6) -0.07959327217125384
(0.7, True, 0.0) -0.07963598074608905
(0.1, False, 0.7) -0.07971112476951442
(0.7, False, 0.2) -0.07983778912586349
(0.5, False, 0.3) -0.07988221081244329
(0.5, True, 0.1) -0.07989381067961157
(0.8, False, 0.1) -0.07993695586910823
(1.0, True, 0.7) -0.07997029114676163
(1.0, True, 1.0) -0.07998230088495564
(0.1, True, 1.0) -0.08043545398394054
(0.3, False, 0.4) -0.08050061050061053
(0.9, False, 0.6) -0.08066863905325433
(0.9, False, 0.2) -0.08082314345362349
(0.6, False, 0.6) -0.08088419172372714
(0.1, False, 0.8) -0.08092684438933664
(0.7, False, 0.1) -0.08093834586466156
(0.4, True, 0.1) -0.08094730429485215
(0.9, False, 0.8) -0.08103865447034513
(0.9, False, 0.7) -0.08119517221077406
(0.6, False, 0.2) -0.08126620440156757
(0.2, True, 0.6) -0.0812764003673094
(0.7, False, 0.0) -0.0812966305655835
(0.7, True, 0.1) -0.0813213213213212
(0.1, True, 0.4) -0.08143206106870224
(1.0, False, 0.9) -0.08144872171613275
(0.1, False, 0.1) -0.08180946489328804
(1.0, True, 0.9) -0.08187832250442988
(1.0, False, 0.1) -0.08194890077243006
(0.5, False, 0.5) -0.08196096096096088
(0.4, True, 0.3) -0.08205229553055639
(1.0, False, 0.2) -0.08218824228028489
(0.1, True, 0.5) -0.08231168039036281
(0.3, False, 0.5) -0.08237644905430135
(0.6, False, 0.1) -0.08238841978287083
(0.8, False, 0.6) -0.08286222222222205
(0.6, False, 0.7) -0.08287959667852897
(0.1, True, 0.6) -0.08303384615384604
(1.0, False, 1.0) -0.08313932980599638
(0.9, False, 0.0) -0.0834600419036216
(0.5, False, 0.1) -0.08348562783661108
(0.5, False, 0.4) -0.08367961457392335
(1.0, False, 0.0) -0.08368061739388533
(0.4, True, 0.0) -0.08374240583232068
(0.8, False, 0.7) -0.08376070901033955
(0.5, False, 0.0) -0.08379716269242363
(0.2, True, 0.7) -0.08389966143428738
(0.7, False, 0.9) -0.08409023886759062
(0.3, False, 0.3) -0.08419689119170984
(0.8, False, 1.0) -0.08434129089301497
(0.9, False, 0.9) -0.08436063641720672
(0.9, False, 0.1) -0.0846358208955223
(0.8, False, 0.8) -0.08484651711924429
(0.1, False, 0.0) -0.08493218249075223
(0.1, True, 0.7) -0.08521000617665214
(0.8, True, 0.8) -0.08534067241892285
(0.3, False, 0.2) -0.08534514355528404
(0.5, True, 0.0) -0.08541262135922326
(0.9, False, 1.0) -0.08556176470588228
(0.7, False, 0.8) -0.08569448540253605
(0.2, True, 0.0) -0.08579093432007391
(0.4, False, 0.4) -0.0862511373976342
(0.4, False, 0.6) -0.0862936221419975
(0.3, False, 0.0) -0.0864161319890009
(0.7, False, 0.7) -0.08644931831653811
(0.8, False, 0.9) -0.08654969035682684
(0.3, True, 0.2) -0.08660012285012286
(0.4, False, 0.3) -0.08661300121506679
(0.2, False, 0.0) -0.08686769230769226
(0.2, True, 0.1) -0.08739063462723345
(0.3, True, 0.1) -0.08811942136041849
(0.5, False, 0.2) -0.08833837772397077
(0.4, False, 0.2) -0.08845310596833125
(0.2, False, 0.1) -0.08954210202827283
(0.2, False, 0.2) -0.09036753445635526
(0.3, True, 0.0) -0.09095296649246842
(0.1, True, 0.0) -0.09101172115977792
(0.3, False, 0.1) -0.09252376571603793
(0.1, False, 0.9) -0.09352300995024858
(0.4, False, 0.1) -0.09459500609013387
(0.4, False, 0.0) -0.09759343664539642
