(0.1, True, 0.0) -0.00707562568008703
(0.1, True, 0.1) -0.00707562568008703
(0.1, True, 0.2) -0.007170837867246994
(0.1, True, 0.8) -0.008054951033732312
(0.1, False, 0.0) -0.008054951033732324
(0.1, False, 0.1) -0.008054951033732324
(0.1, False, 0.2) -0.008190968443960837
(0.1, False, 0.3) -0.008190968443960837
(0.2, False, 0.0) -0.008476605005440698
(0.4, True, 0.8) -0.008960826985854193
(0.1, True, 0.7) -0.009034276387377582
(0.1, False, 0.4) -0.009551142546245934
(0.4, True, 0.6) -0.009885745375408065
(0.4, True, 0.7) -0.009885745375408065
(0.5, True, 0.8) -0.009885745375408065
(0.1, True, 0.3) -0.009891186071817212
(0.1, True, 0.4) -0.009891186071817212
(0.3, True, 0.7) -0.009940152339499466
(0.1, True, 0.5) -0.010231229597388461
(0.4, False, 0.2) -0.010375408052230686
(0.3, True, 0.4) -0.010405331882480965
(0.3, True, 0.5) -0.010459738846572374
(0.3, True, 0.6) -0.010459738846572374
(0.2, True, 0.2) -0.010489662676822626
(0.1, False, 0.5) -0.0105032644178455
(0.1, True, 0.6) -0.010666485310119697
(0.5, True, 0.9) -0.010810663764961932
(0.2, True, 0.6) -0.010851468988030471
(0.3, True, 0.8) -0.010865070729053334
(0.4, True, 0.5) -0.010919477693144736
(0.5, True, 0.7) -0.010919477693144736
(0.2, True, 0.3) -0.010924918389553865
(0.2, False, 0.5) -0.010973884657236132
(0.1, True, 0.9) -0.0111425462459195
(1.0, True, 0.9) -0.011218715995647449
(0.4, False, 0.3) -0.011259521218716007
(0.4, False, 0.4) -0.011259521218716007
(0.4, False, 0.5) -0.011259521218716007
(0.5, False, 0.4) -0.011259521218716007
(0.5, False, 0.5) -0.011259521218716007
(0.5, False, 0.6) -0.011259521218716007
(0.5, False, 0.7) -0.011259521218716007
(0.6, False, 0.5) -0.011259521218716007
(0.6, False, 0.6) -0.011259521218716007
(0.6, False, 0.7) -0.011259521218716007
(0.7, False, 0.6) -0.011259521218716007
(0.7, False, 0.7) -0.011259521218716007
(0.7, False, 0.8) -0.011259521218716007
(0.8, False, 0.8) -0.011259521218716007
(0.9, False, 0.9) -0.011259521218716007
(0.2, True, 0.4) -0.011278563656147997
(0.2, True, 0.5) -0.011278563656147997
(0.3, False, 0.1) -0.0112867247007617
(0.3, False, 0.2) -0.0112867247007617
(0.3, False, 0.3) -0.0112867247007617
(0.9, True, 0.0) -0.011327529923830255
(0.9, True, 0.1) -0.011327529923830255
(1.0, True, 0.0) -0.011327529923830255
(1.0, True, 0.1) -0.011327529923830255
(1.0, True, 0.2) -0.011327529923830255
(1.0, True, 0.3) -0.011327529923830255
(0.2, True, 0.9) -0.011357453754080522
(0.3, False, 0.5) -0.0113683351468988
(0.3, False, 0.6) -0.0113683351468988
(0.2, False, 0.1) -0.011414581066376498
(0.9, True, 0.4) -0.011449945593035913
(0.9, True, 0.5) -0.011449945593035913
(1.0, True, 0.4) -0.011449945593035913
(1.0, True, 0.5) -0.011449945593035913
(1.0, True, 0.6) -0.011449945593035913
(0.1, False, 0.6) -0.011482589771490762
(0.2, False, 0.4) -0.011517954298150166
(0.5, True, 1.0) -0.011653971708378683
(0.6, True, 1.0) -0.011653971708378683
(0.3, True, 0.9) -0.011735582154515775
(0.3, True, 1.0) -0.011735582154515775
(1.0, False, 0.4) -0.011749183895538636
(1.0, False, 0.6) -0.011749183895538636
(0.4, True, 0.4) -0.011762785636561494
(0.5, True, 0.4) -0.011762785636561494
(0.5, True, 0.5) -0.011762785636561494
(0.5, True, 0.6) -0.011762785636561494
(0.6, True, 0.4) -0.011762785636561494
(0.6, True, 0.5) -0.011762785636561494
(0.6, True, 0.6) -0.011762785636561494
(0.6, True, 0.7) -0.011762785636561494
(0.6, True, 0.8) -0.011762785636561494
(0.7, True, 0.4) -0.011762785636561494
(0.7, True, 0.5) -0.011762785636561494
(0.7, True, 0.6) -0.011762785636561494
(0.7, True, 0.7) -0.011762785636561494
(0.7, True, 0.8) -0.011762785636561494
(0.7, True, 0.9) -0.011762785636561494
(0.8, True, 0.6) -0.011762785636561494
(0.8, True, 0.7) -0.011762785636561494
(0.8, True, 0.8) -0.011762785636561494
(0.8, True, 0.9) -0.011762785636561494
(0.9, True, 0.7) -0.011762785636561494
(0.9, True, 0.8) -0.011762785636561494
(0.9, True, 0.9) -0.011762785636561494
(1.0, True, 0.8) -0.011762785636561494
(0.4, True, 0.9) -0.01178998911860719
(0.4, True, 1.0) -0.01178998911860719
(0.2, False, 0.8) -0.011844396082698595
(0.2, True, 1.0) -0.01185799782372143
(0.3, False, 0.8) -0.01186071817192601
(0.3, False, 0.9) -0.01186071817192601
(1.0, True, 0.7) -0.011926006528835704
(0.3, True, 0.0) -0.01192872687704026
(0.4, False, 0.0) -0.01192872687704026
(0.4, False, 0.1) -0.01192872687704026
(0.2, False, 0.2) -0.011945048966267685
(0.2, False, 0.3) -0.011945048966267685
(0.5, False, 1.0) -0.011966811751904258
(0.3, True, 0.3) -0.011969532100108822
(0.8, True, 0.0) -0.0119804134929271
(0.8, True, 0.1) -0.0119804134929271
(0.8, True, 0.2) -0.0119804134929271
(0.9, True, 0.2) -0.0119804134929271
(0.9, True, 0.3) -0.0119804134929271
(1.0, False, 0.0) -0.0119804134929271
(1.0, False, 0.1) -0.0119804134929271
(0.8, True, 0.4) -0.011994015233949953
(1.0, True, 1.0) -0.012143634385201317
(0.5, False, 0.8) -0.012184439608269869
(0.6, False, 0.8) -0.012184439608269869
(0.6, False, 0.9) -0.012184439608269869
(0.7, False, 0.9) -0.012184439608269869
(0.8, False, 0.9) -0.012184439608269869
(0.4, False, 0.6) -0.012238846572361269
(0.4, False, 0.7) -0.012238846572361269
(0.3, False, 0.7) -0.012252448313384108
(0.2, True, 0.7) -0.012255168661588678
(0.2, True, 0.8) -0.012255168661588678
(0.3, False, 0.4) -0.012266050054406953
(0.4, True, 0.0) -0.012293253536452676
(0.4, True, 0.1) -0.012293253536452676
(0.4, True, 0.2) -0.012293253536452676
(0.4, True, 0.3) -0.012293253536452676
(0.5, True, 0.2) -0.012293253536452676
(0.5, True, 0.3) -0.012293253536452676
(0.5, False, 0.0) -0.012293253536452676
(0.5, False, 0.1) -0.012293253536452676
(0.5, False, 0.2) -0.012293253536452676
(0.5, False, 0.3) -0.012293253536452676
(0.6, True, 0.3) -0.012293253536452676
(0.6, False, 0.0) -0.012293253536452676
(0.6, False, 0.1) -0.012293253536452676
(0.6, False, 0.2) -0.012293253536452676
(0.6, False, 0.3) -0.012293253536452676
(0.6, False, 0.4) -0.012293253536452676
(0.7, False, 0.1) -0.012293253536452676
(0.7, False, 0.2) -0.012293253536452676
(0.7, False, 0.3) -0.012293253536452676
(0.7, False, 0.4) -0.012293253536452676
(0.7, False, 0.5) -0.012293253536452676
(0.8, False, 0.2) -0.012293253536452676
(0.8, False, 0.3) -0.012293253536452676
(0.8, False, 0.4) -0.012293253536452676
(0.8, False, 0.5) -0.012293253536452676
(0.8, False, 0.6) -0.012293253536452676
(0.8, False, 0.7) -0.012293253536452676
(0.9, False, 0.3) -0.012293253536452676
(0.9, False, 0.4) -0.012293253536452676
(0.9, False, 0.5) -0.012293253536452676
(0.9, False, 0.6) -0.012293253536452676
(0.9, False, 0.7) -0.012293253536452676
(0.9, False, 0.8) -0.012293253536452676
(1.0, False, 0.7) -0.012293253536452676
(1.0, False, 0.8) -0.012293253536452676
(0.3, False, 0.0) -0.01232045701849837
(0.1, True, 1.0) -0.012347660500544066
(0.9, False, 0.0) -0.012456474428726886
(0.9, False, 0.1) -0.012456474428726886
(0.9, False, 0.2) -0.012456474428726886
(1.0, False, 0.2) -0.012456474428726886
(1.0, False, 0.3) -0.012456474428726886
(1.0, False, 0.5) -0.012456474428726886
(0.8, True, 0.5) -0.012470076169749742
(0.9, True, 0.6) -0.012470076169749742
(0.6, True, 0.0) -0.012524483133841142
(0.6, True, 0.1) -0.012524483133841142
(0.7, True, 0.0) -0.012524483133841142
(0.7, True, 0.1) -0.012524483133841142
(0.7, True, 0.2) -0.012524483133841142
(0.8, True, 0.3) -0.012524483133841142
(0.1, False, 0.7) -0.012597932535364537
(0.2, False, 0.6) -0.012606093579978227
(0.2, False, 1.0) -0.012660500544069633
(0.2, False, 0.7) -0.012687704026115337
(0.6, True, 0.9) -0.012687704026115352
(0.7, True, 1.0) -0.012687704026115352
(0.8, True, 1.0) -0.012687704026115352
(0.9, True, 1.0) -0.012687704026115352
(0.2, False, 0.9) -0.012810119695321
(0.3, True, 0.1) -0.012812840043525566
(0.3, True, 0.2) -0.012812840043525566
(0.2, True, 0.0) -0.012842763873775845
(0.6, False, 1.0) -0.012891730141458117
(0.7, False, 1.0) -0.012891730141458117
(0.8, False, 1.0) -0.012891730141458117
(0.9, False, 1.0) -0.012891730141458117
(0.2, True, 0.1) -0.012910772578890091
(0.4, False, 1.0) -0.012946137105549517
(0.5, True, 0.0) -0.013000544069640928
(0.5, True, 0.1) -0.013000544069640928
(0.6, True, 0.2) -0.013000544069640928
(0.7, True, 0.3) -0.013000544069640928
(0.7, False, 0.0) -0.013000544069640928
(0.8, False, 0.0) -0.013000544069640928
(0.8, False, 0.1) -0.013000544069640928
(1.0, False, 0.9) -0.013000544069640928
(0.4, False, 0.8) -0.013163764961915127
(0.4, False, 0.9) -0.013163764961915127
(0.5, False, 0.9) -0.013163764961915127
(1.0, False, 1.0) -0.013925462459194786
(0.3, False, 1.0) -0.015054406964091386
(0.1, False, 0.9) -0.015612078346028303
(0.1, False, 1.0) -0.015652883569096866
(0.1, False, 0.8) -0.0166512513601741

unweighted:
(0.1, True, 0.7) -0.09720304271503799
(0.1, False, 0.9) -0.09758962401632172
(0.1, False, 0.8) -0.09801864801864796
(0.1, True, 0.8) -0.09818421052631575
(0.2, False, 0.7) -0.09837379350687328
(0.1, False, 0.7) -0.09924715494601684
(0.2, False, 0.8) -0.10000584282792863
(0.1, False, 0.6) -0.10027745327102797
(0.2, False, 0.9) -0.10039393055150267
(0.1, True, 0.6) -0.10055523085914664
(0.1, True, 1.0) -0.10062390670553926
(0.2, True, 0.5) -0.10080890973036336
(0.2, False, 0.6) -0.10085212298682276
(0.1, False, 0.2) -0.10102661596958165
(0.1, False, 0.5) -0.10110786319789528
(0.3, True, 0.9) -0.10137042459736449
(0.2, True, 0.9) -0.10155783308931178
(0.2, True, 0.4) -0.1015723085948958
(0.1, True, 0.4) -0.10244671532846708
(0.1, False, 0.0) -0.10271077283372357
(0.1, True, 0.3) -0.10280280866003504
(0.2, True, 0.7) -0.10286969253294281
(0.2, False, 1.0) -0.10290765634132079
(0.1, False, 0.4) -0.1029956076134699
(0.1, True, 0.9) -0.10310747663551396
(0.1, False, 0.3) -0.10312554872695337
(0.1, True, 0.1) -0.10321251096170703
(0.1, True, 0.5) -0.10330701754385958
(0.3, True, 0.8) -0.10337916910473954
(0.3, False, 0.8) -0.10366773910500138
(0.2, True, 1.0) -0.10377087606211537
(0.2, True, 0.3) -0.10390551643192482
(0.2, True, 0.8) -0.10396778916544648
(0.2, False, 0.4) -0.10407667544629784
(0.3, True, 1.0) -0.10408091468777476
(0.4, True, 1.0) -0.10431545001465838
(0.2, True, 0.2) -0.10453345070422529
(0.2, False, 0.5) -0.1050204918032786
(0.2, False, 0.3) -0.10509964830011714
(0.2, True, 0.6) -0.10514503369469667
(0.3, False, 1.0) -0.1051709027169149
(0.1, False, 0.1) -0.105221083455344
(0.3, True, 0.2) -0.10523180751173701
(0.1, True, 0.2) -0.10525854513584569
(0.4, True, 0.9) -0.10544389100498087
(0.3, False, 0.9) -0.105551330798479
(0.3, True, 0.5) -0.1055601173020527
(0.1, True, 0.0) -0.10561531715872542
(0.3, True, 0.7) -0.10576281112737913
(0.1, False, 1.0) -0.10576340326340317
(0.5, True, 1.0) -0.10586024662360533
(0.3, False, 0.7) -0.10589938578531725
(0.2, True, 0.0) -0.1061210696444313
(0.2, True, 0.1) -0.10615971814445088
(0.3, True, 0.3) -0.10620011737089194
(0.3, True, 0.4) -0.10667057788207676
(0.5, True, 0.9) -0.10672535211267598
(0.3, True, 0.1) -0.10686711645643876
(0.5, False, 0.8) -0.10694452597593182
(0.3, False, 0.3) -0.10696969696969688
(0.6, True, 1.0) -0.10697974757851475
(0.5, True, 0.8) -0.10700616378045191
(0.4, False, 0.3) -0.1070828437132784
(0.4, False, 0.5) -0.10712690951821377
(0.5, False, 0.6) -0.1071336270190895
(0.6, False, 0.4) -0.10726176470588226
(0.2, False, 0.0) -0.10726204465334892
(0.5, True, 0.7) -0.10727192725139327
(0.7, False, 0.5) -0.10737724198765061
(0.4, False, 0.4) -0.10742286218042894
(0.6, False, 0.8) -0.10742949471210332
(0.3, False, 0.5) -0.10743913171017885
(0.4, False, 0.8) -0.1075776215582893
(0.9, True, 1.0) -0.10768575624082227
(0.5, False, 0.7) -0.10769162995594705
(0.7, False, 0.4) -0.1077029411764705
(0.8, False, 0.5) -0.1077029411764705
(1.0, False, 0.5) -0.1077029411764705
(0.8, False, 0.6) -0.10771898883009985
(0.9, False, 0.6) -0.10771898883009985
(0.9, False, 0.7) -0.10771898883009985
(0.3, True, 0.6) -0.10779243623570792
(0.4, True, 0.8) -0.10780452010566473
(0.7, False, 0.9) -0.10781139835487652
(0.2, False, 0.1) -0.1078443465491923
(0.3, False, 0.0) -0.10784475154366353
(0.7, True, 0.4) -0.10787015276145702
(0.7, True, 0.5) -0.10787015276145702
(0.4, False, 0.1) -0.10787371512481635
(0.5, False, 1.0) -0.10793678665496041
(0.5, False, 0.3) -0.1079447221405468
(0.9, False, 0.5) -0.10796530432225808
(0.4, False, 0.9) -0.10798302107728329
(0.6, False, 0.6) -0.10799470743898845
(0.6, False, 0.7) -0.10799470743898845
(0.4, False, 0.7) -0.1080967741935483
(0.7, True, 0.9) -0.10810152582159616
(0.4, False, 0.2) -0.10812334801762105
(0.8, True, 0.4) -0.10813215859030828
(0.5, True, 0.5) -0.10813325506310528
(0.4, False, 0.6) -0.10814553990610319
(0.5, False, 0.9) -0.10818715165737745
(0.8, True, 1.0) -0.10820956853536831
(1.0, True, 1.0) -0.10820956853536831
(0.3, True, 0.0) -0.10825066040504834
(0.4, False, 1.0) -0.10833382052031561
(0.5, False, 0.5) -0.10836710719530095
(0.3, False, 0.4) -0.10841796301731721
(0.5, True, 0.6) -0.10850895215732306
(0.6, False, 0.9) -0.1085601173020527
(0.4, True, 0.3) -0.10862889019377561
(1.0, True, 0.9) -0.10864983856765478
(0.9, False, 0.4) -0.10871432774345387
(0.7, False, 1.0) -0.1088024655121807
(0.7, True, 0.8) -0.10880316808448216
(0.6, True, 0.9) -0.10880763582966216
(0.4, True, 0.0) -0.10886083382266577
(0.7, False, 0.2) -0.10886470588235284
(0.5, True, 0.4) -0.10890258215962433
(0.9, True, 0.6) -0.10894566813509539
(0.9, True, 0.7) -0.10894566813509539
(0.9, True, 0.8) -0.10894566813509539
(0.9, True, 0.9) -0.10894566813509539
(1.0, True, 0.7) -0.10894566813509539
(1.0, True, 0.8) -0.10894566813509539
(0.3, False, 0.6) -0.10895430579964842
(0.4, True, 0.4) -0.10895447870778259
(0.8, False, 0.3) -0.1089764705882352
(0.8, False, 0.4) -0.1089764705882352
(0.9, False, 0.3) -0.1089764705882352
(1.0, False, 0.4) -0.1089764705882352
(0.4, True, 0.2) -0.10900498972703247
(0.3, False, 0.2) -0.1090299823633156
(0.6, False, 0.2) -0.10907058823529402
(0.6, True, 0.8) -0.10907249779864975
(0.7, False, 0.8) -0.10907461809635713
(0.4, True, 0.7) -0.10908396946564877
(0.8, False, 0.2) -0.1091267274331078
(0.8, True, 0.3) -0.10914218566392471
(0.6, False, 0.3) -0.10914949970570914
(0.7, False, 0.3) -0.10920564872021173
(0.8, True, 0.6) -0.10920728126834992
(0.8, True, 0.7) -0.10920728126834992
(0.6, False, 0.5) -0.10921493678329895
(0.7, True, 0.7) -0.10921654929577455
(0.4, True, 0.5) -0.1092312206572769
(0.9, True, 0.3) -0.10925044091710748
(1.0, True, 0.5) -0.10925381903642765
(0.2, False, 0.2) -0.10928340675477231
(1.0, False, 0.8) -0.10930355568615921
(0.7, True, 0.6) -0.10931277533039639
(0.6, True, 0.7) -0.10933392018779334
(0.7, False, 0.6) -0.10934488836662741
(0.7, False, 0.7) -0.10934488836662741
(0.8, False, 0.7) -0.10940917107583766
(0.8, False, 0.8) -0.10940917107583766
(0.4, True, 0.1) -0.10944803288314728
(1.0, False, 0.2) -0.10946192296383407
(0.4, False, 0.0) -0.10955079271873155
(1.0, True, 0.6) -0.10956521739130426
(0.9, False, 0.1) -0.10969117647058813
(0.9, False, 0.2) -0.10973529411764696
(0.3, False, 0.1) -0.10976491331178363
(0.6, False, 1.0) -0.10976832844574771
(0.6, True, 0.0) -0.1098264705882352
(1.0, False, 0.7) -0.10992357436801872
(0.4, True, 0.6) -0.10992957746478864
(0.6, True, 0.6) -0.10995303786322268
(0.5, False, 0.4) -0.10996767558037018
(0.8, True, 0.5) -0.11007344300822554
(1.0, False, 0.3) -0.11010879153190228
(1.0, True, 0.1) -0.11012051734273948
(0.6, False, 0.0) -0.11012058823529403
(1.0, False, 0.6) -0.11018513076697023
(1.0, False, 0.1) -0.110214579659024
(0.5, False, 0.1) -0.11029057822130897
(0.9, True, 0.4) -0.11033480176211445
(0.9, True, 0.5) -0.11033480176211445
(0.9, True, 0.2) -0.11038201586835136
(0.8, False, 0.1) -0.11051176470588225
(0.7, True, 1.0) -0.1105837488999706
(0.9, True, 0.1) -0.11064336075205632
(1.0, True, 0.2) -0.11064336075205632
(0.7, False, 0.1) -0.1106641198942109
(0.8, True, 0.9) -0.11071617258585256
(0.5, False, 0.0) -0.11081374853113975
(0.7, True, 0.3) -0.1108313748531139
(0.6, False, 0.1) -0.11086982074640014
(0.6, True, 0.5) -0.11087492660011736
(0.8, True, 0.2) -0.1109406231628453
(0.6, True, 0.3) -0.11097267117249476
(0.9, False, 1.0) -0.11099324125771369
(1.0, False, 1.0) -0.11099324125771369
(0.8, False, 1.0) -0.11106576629477384
(0.5, True, 0.3) -0.11110980622430995
(0.8, True, 0.8) -0.11115644261813903
(0.5, True, 0.0) -0.11123162845385058
(0.6, True, 0.4) -0.11123384253819028
(0.8, False, 0.9) -0.11135254336959709
(0.9, False, 0.0) -0.11138235294117636
(0.5, True, 0.1) -0.11149280047017328
(0.8, False, 0.0) -0.11153619776339013
(0.7, True, 0.2) -0.11156130549838274
(0.9, False, 0.8) -0.11161375661375653
(0.8, True, 0.0) -0.11169900058788938
(0.5, False, 0.2) -0.1117151248164463
(0.9, False, 0.9) -0.11187481633852474
(1.0, False, 0.9) -0.11187481633852474
(1.0, False, 0.0) -0.1119047619047618
(0.9, True, 0.0) -0.11196003526300313
(1.0, True, 0.0) -0.11199118942731269
(0.7, False, 0.0) -0.112095967029732
(1.0, True, 0.4) -0.11221504112808453
(0.6, True, 0.2) -0.11250587544065796
(0.7, True, 0.0) -0.11251910640799519
(0.8, True, 0.1) -0.11254994124559332
(1.0, True, 0.3) -0.112585953570379
(0.5, True, 0.2) -0.1126108663729808
(0.6, True, 0.1) -0.1130258519388953
(0.7, True, 0.1) -0.11366147516896845