weighted:
(0.1, True, 0.5) -0.02599836779107726
(0.1, True, 0.6) -0.026379216539717087
(0.2, True, 0.4) -0.026642176870748335
(0.2, True, 0.5) -0.026642176870748335
(0.4, False, 0.2) -0.027249727965179563
(0.2, True, 0.3) -0.027338775510204097
(0.6, True, 0.4) -0.027492521076964937
(0.4, True, 0.2) -0.027611534276387396
(0.4, True, 0.3) -0.027611534276387396
(0.2, True, 0.6) -0.027629286880783904
(0.1, False, 0.8) -0.027704026115342773
(0.5, True, 0.2) -0.02780467899891187
(0.5, True, 0.5) -0.027846070165896127
(0.3, True, 0.2) -0.02795157780195867
(0.3, False, 0.6) -0.028025564318738126
(0.4, False, 0.0) -0.028098476605005467
(0.1, False, 0.5) -0.02815338591242861
(0.5, True, 0.1) -0.028166485310119706
(0.1, True, 0.7) -0.028174646354733428
(0.7, True, 0.1) -0.02819689964645093
(0.8, True, 0.1) -0.02819689964645093
(0.1, True, 0.4) -0.028215451577801975
(0.4, True, 0.5) -0.02821593690508569
(0.5, False, 0.1) -0.02823769377209684
(0.6, True, 0.0) -0.02823769377209684
(0.5, False, 0.0) -0.028291621327529944
(0.3, True, 0.3) -0.028305223068552782
(0.3, True, 0.4) -0.028305223068552782
(0.1, True, 0.0) -0.028370068027210902
(0.3, False, 0.3) -0.028386833514689888
(0.2, False, 0.3) -0.02840772999455635
(0.3, False, 0.4) -0.028495647442872703
(0.3, False, 0.7) -0.028501495784607034
(0.4, True, 0.0) -0.028536452665941264
(0.4, True, 0.1) -0.028536452665941264
(0.4, False, 0.1) -0.028536452665941264
(0.2, True, 0.7) -0.02854149659863947
(0.5, True, 0.3) -0.028634756595050326
(0.6, True, 0.1) -0.028634756595050326
(0.6, True, 0.2) -0.028634756595050326
(0.6, True, 0.3) -0.028634756595050326
(0.7, True, 0.2) -0.028634756595050326
(0.7, True, 0.3) -0.028634756595050326
(0.5, True, 0.0) -0.028653427638737777
(0.6, True, 0.5) -0.02866195267881427
(0.2, False, 0.4) -0.028672108843537433
(0.1, False, 1.0) -0.028686071817192602
(0.7, True, 0.0) -0.02870002719608378
(0.8, True, 0.0) -0.02870002719608378
(0.1, False, 0.0) -0.028778231292517015
(0.3, True, 0.0) -0.028800652706010347
(0.3, True, 0.1) -0.028800652706010347
(0.2, False, 0.9) -0.02880511703864998
(0.1, False, 0.6) -0.028806091922763122
(0.5, False, 0.2) -0.028838727223279858
(0.3, True, 0.6) -0.02886017410228511
(0.2, False, 0.5) -0.028938486663037576
(0.3, False, 0.8) -0.02894751155833561
(0.3, False, 0.2) -0.028958106637649635
(0.3, True, 0.5) -0.028971708378672488
(0.2, True, 1.0) -0.028996191512513626
(0.7, False, 0.3) -0.02908077236877891
(0.1, True, 0.1) -0.029159183673469407
(0.2, False, 0.7) -0.029167120304844862
(0.2, False, 0.8) -0.029167120304844862
(0.7, True, 0.4) -0.029192276312211066
(0.8, True, 0.4) -0.029192276312211066
(0.8, True, 0.5) -0.029192276312211066
(0.3, False, 1.0) -0.02919227631221108
(0.1, False, 0.1) -0.029232861806311246
(0.1, False, 0.2) -0.029232861806311246
(0.3, False, 0.0) -0.02925170068027211
(0.3, False, 0.1) -0.02925170068027211
(0.4, False, 0.3) -0.029262785636561497
(0.6, False, 0.2) -0.029284742997008447
(0.4, True, 0.6) -0.029314658689148784
(0.6, False, 0.0) -0.029325537122654354
(0.6, False, 0.1) -0.029325537122654354
(0.7, False, 0.0) -0.029325537122654354
(0.1, True, 0.8) -0.029352380952380967
(0.5, True, 0.4) -0.029358172423171083
(0.3, True, 0.7) -0.029458797933097657
(1.0, True, 0.1) -0.029475115583356012
(0.1, True, 0.2) -0.029512925170068035
(0.6, False, 0.4) -0.029518629317378312
(0.7, True, 0.5) -0.029545825401142256
(0.1, False, 0.9) -0.029594668117519048
(0.2, False, 0.1) -0.029610884353741523
(0.2, False, 0.2) -0.029700598802395232
(0.8, False, 0.9) -0.029706282295349478
(0.9, False, 0.9) -0.029706282295349478
(0.1, True, 0.3) -0.029719727891156483
(0.5, False, 0.3) -0.02972259994560784
(0.2, False, 1.0) -0.029771428571428598
(0.4, True, 0.4) -0.02977421109902069
(0.9, True, 0.0) -0.0297878705466413
(0.1, False, 0.4) -0.029795862819814927
(0.2, False, 0.6) -0.029809471965160598
(0.2, True, 0.2) -0.029964625850340158
(0.4, False, 1.0) -0.029994560783247252
(0.9, False, 0.1) -0.030005439216752812
(0.1, True, 0.9) -0.030005442176870758
(0.2, True, 0.8) -0.03001088435374151
(0.1, False, 0.7) -0.03004351373402232
(0.1, False, 0.3) -0.030160500544069668
(0.7, False, 0.2) -0.030168615719336433
(0.3, False, 0.5) -0.03031011969532103
(0.8, True, 0.2) -0.03033451183029645
(0.8, True, 0.3) -0.03033451183029645
(0.9, True, 0.2) -0.03033451183029645
(0.9, True, 0.3) -0.03033451183029645
(1.0, True, 0.2) -0.03033451183029645
(1.0, False, 0.0) -0.030399782431329903
(0.4, True, 0.8) -0.03042697851509383
(0.4, True, 0.9) -0.03042697851509383
(0.4, False, 0.4) -0.030446015773728605
(0.2, False, 0.0) -0.030454421768707503
(0.3, True, 1.0) -0.030470492249116132
(0.3, False, 0.9) -0.03048409029099811
(0.6, False, 0.9) -0.03049496872450369
(0.7, False, 0.9) -0.03049496872450369
(0.8, False, 0.2) -0.030508566766385657
(0.8, False, 0.3) -0.030508566766385657
(0.8, False, 1.0) -0.030522164808267617
(0.5, False, 0.5) -0.03052488441664402
(0.8, False, 0.8) -0.030552080500407953
(0.9, True, 0.1) -0.03056295893391353
(1.0, False, 1.0) -0.030601033451183028
(0.6, False, 0.3) -0.030606472667935827
(0.9, True, 0.4) -0.03062007070981781
(0.9, True, 0.5) -0.03062007070981781
(1.0, True, 0.4) -0.03062007070981781
(1.0, True, 0.5) -0.03062007070981781
(0.5, True, 0.7) -0.03064454718520533
(0.6, True, 0.6) -0.03064454718520533
(0.7, True, 0.6) -0.03064454718520533
(0.8, False, 0.0) -0.030671743268969286
(0.9, False, 0.0) -0.030671743268969286
(0.3, True, 0.8) -0.0307968452542834
(0.3, True, 0.9) -0.0307968452542834
(0.2, True, 0.0) -0.030889795918367373
(0.2, True, 0.1) -0.030889795918367373
(0.4, False, 0.7) -0.03089475115583358
(0.1, True, 1.0) -0.03093061224489798
(0.4, False, 0.6) -0.030946423714985054
(0.7, False, 0.4) -0.030946423714985054
(1.0, False, 0.8) -0.030960021756867028
(0.5, False, 0.9) -0.03097090019037261
(1.0, True, 0.6) -0.030973619798749
(0.4, False, 0.9) -0.03097361979874902
(0.7, False, 0.1) -0.031093282567310324
(0.8, False, 0.1) -0.031093282567310324
(0.9, False, 0.8) -0.031109600217568683
(1.0, False, 0.9) -0.031158553168343758
(0.5, False, 0.4) -0.031259178678270355
(0.6, False, 1.0) -0.031310851237421826
(0.7, False, 1.0) -0.031310851237421826
(0.9, False, 0.2) -0.0313244492793038
(0.9, False, 0.3) -0.0313244492793038
(0.9, False, 0.4) -0.0313244492793038
(1.0, False, 0.2) -0.0313244492793038
(1.0, False, 0.3) -0.0313244492793038
(1.0, False, 0.4) -0.0313244492793038
(0.2, True, 0.9) -0.03133061224489798
(0.6, False, 0.8) -0.03134076692956215
(0.7, False, 0.8) -0.03134076692956215
(0.9, False, 1.0) -0.03141691596410117
(0.8, True, 0.6) -0.03141963557247758
(0.9, True, 0.6) -0.03141963557247758
(1.0, True, 0.0) -0.03148762578188743
(0.5, True, 0.8) -0.03151482186565135
(0.5, True, 0.9) -0.03151482186565135
(0.4, True, 0.7) -0.0315447375577917
(0.6, False, 0.5) -0.03159912972531957
(0.5, True, 0.6) -0.031732390535762864
(0.8, False, 0.4) -0.03176230622790319
(0.9, False, 0.5) -0.03176230622790319
(1.0, True, 0.3) -0.03176230622790319
(1.0, False, 0.5) -0.03176230622790319
(0.5, False, 0.8) -0.03178678270329073
(0.5, False, 1.0) -0.031786782703290745
(0.4, True, 1.0) -0.03185477291270057
(0.4, False, 0.5) -0.03187381017133534
(0.8, True, 1.0) -0.03202882784878979
(0.9, True, 1.0) -0.03202882784878979
(0.5, False, 0.7) -0.03204786510742453
(0.6, False, 0.7) -0.03204786510742453
(0.6, True, 0.7) -0.032072341582812074
(0.6, True, 0.8) -0.032072341582812074
(0.7, True, 0.7) -0.032072341582812074
(0.7, True, 0.8) -0.032072341582812074
(0.8, True, 0.7) -0.032072341582812074
(0.8, True, 0.8) -0.032072341582812074
(0.9, True, 0.7) -0.032072341582812074
(0.9, True, 0.8) -0.032072341582812074
(1.0, True, 0.7) -0.032072341582812074
(1.0, True, 0.8) -0.032072341582812074
(1.0, False, 0.1) -0.03224911612727769
(0.4, False, 0.8) -0.032265433777536046
(0.5, False, 0.6) -0.0323742181125918
(0.5, True, 1.0) -0.03240957302148493
(0.6, True, 0.9) -0.03240957302148493
(0.6, True, 1.0) -0.03240957302148493
(0.7, True, 0.9) -0.03240957302148493
(0.7, True, 1.0) -0.03240957302148493
(0.7, False, 0.5) -0.03241501223823771
(0.8, False, 0.5) -0.03241501223823771
(0.8, False, 0.6) -0.03241501223823771
(0.9, False, 0.6) -0.03241501223823771
(1.0, False, 0.6) -0.03241501223823771
(0.8, False, 0.7) -0.03260538482458526
(0.9, False, 0.7) -0.03260538482458526
(1.0, False, 0.7) -0.03260538482458526
(0.8, True, 0.9) -0.032967092738645655
(0.9, True, 0.9) -0.032967092738645655
(1.0, True, 0.9) -0.032967092738645655
(1.0, True, 1.0) -0.032967092738645655
(0.7, False, 0.7) -0.033190100625509936
(0.7, False, 0.6) -0.03339407125373947
(0.6, False, 0.6) -0.03374762034267066

unweighted:
(0.1, True, 0.1) 0.0026582625376815514
(0.1, True, 0.2) 0.0013389923329682266
(0.2, True, 0.2) 0.0012715812551383958
(0.2, True, 0.3) 0.00047684297067690463
(0.1, True, 0.8) -0.0003258488499452334
(0.4, True, 0.0) -0.0009063526834611139
(0.3, True, 0.8) -0.0014364035087719358
(0.5, True, 0.0) -0.0015165617300848494
(0.1, True, 0.4) -0.0019095890410958925
(0.1, True, 0.3) -0.002058581987407613
(0.3, False, 0.0) -0.002206688596491233
(0.3, True, 0.9) -0.0027805145046524444
(0.8, False, 0.0) -0.002883351588170842
(0.1, False, 0.9) -0.0030958904109588993
(0.2, True, 0.5) -0.003096085409252664
(0.1, False, 0.7) -0.0031626506024096416
(0.9, False, 0.0) -0.0031955093099671206
(0.1, False, 1.0) -0.0032858317347218284
(0.4, False, 0.6) -0.003294987674609683
(0.3, True, 1.0) -0.0033160054719562197
(0.1, True, 0.5) -0.003380821917808226
(0.2, False, 0.0) -0.003532311062431534
(0.2, True, 0.1) -0.003778082191780808
(0.2, True, 0.7) -0.0037985769020251786
(1.0, False, 0.0) -0.003850999726102427
(0.4, False, 0.0) -0.0038767123287671112
(0.1, False, 0.3) -0.003906976744186045
(0.3, True, 0.0) -0.0039232876712328455
(0.2, True, 0.4) -0.003955080799780879
(0.1, True, 0.6) -0.003976399560922064
(0.1, False, 0.1) -0.004036144578313253
(0.2, True, 0.8) -0.004048205970966859
(0.1, True, 0.0) -0.004138120032885728
(0.1, False, 0.8) -0.00434865900383142
(1.0, False, 0.1) -0.0046370857299369685
(0.3, True, 0.3) -0.004744325950232423
(0.6, False, 0.2) -0.004749520941691745
(0.4, True, 0.6) -0.004829001367989054
(0.6, False, 0.0) -0.004870041039671657
(0.2, True, 0.9) -0.004914975315414149
(0.3, False, 0.6) -0.0049219391947411635
(0.4, True, 0.7) -0.005043859649122798
(0.2, False, 0.2) -0.005154752122706107
(0.7, False, 0.0) -0.005202739726027379
(0.2, False, 0.1) -0.005440854326396477
(0.2, False, 0.9) -0.005601534667032056
(0.1, False, 0.2) -0.005606019151846789
(0.4, False, 0.7) -0.005644188596491213
(0.9, False, 0.1) -0.00566265060240963
(0.8, True, 0.0) -0.005733844468784225
(0.4, False, 0.5) -0.005736986301369857
(0.3, True, 0.1) -0.005741652983032276
(0.2, True, 0.0) -0.005791780821917782
(0.2, False, 0.3) -0.005933734939759026
(0.6, False, 0.1) -0.0060394412489728575
(0.9, True, 0.0) -0.006064092029580936
(0.7, True, 0.0) -0.0062027397260274
(0.6, False, 0.3) -0.006207180049328573
(0.3, False, 0.8) -0.006209920526171557
(0.1, True, 0.9) -0.0062506841817186656
(0.4, True, 0.5) -0.006260940919037198
(0.9, False, 0.2) -0.006278751369112793
(0.6, True, 0.1) -0.006405479452054768
(0.1, False, 0.0) -0.006435020519835855
(0.3, True, 0.2) -0.0064997263273125225
(0.6, True, 0.2) -0.006704171240395147
(1.0, True, 0.2) -0.006740679824561387
(0.5, False, 0.1) -0.006747878456063507
(0.5, True, 0.1) -0.006944140197152208
(0.3, False, 0.7) -0.007030136986301353
(1.0, True, 0.1) -0.0071224993148807725
(1.0, True, 0.3) -0.007139726027397249
(0.3, True, 0.7) -0.007214461791290051
(0.5, True, 0.5) -0.007276211333150819
(0.2, True, 0.6) -0.007355598138516283
(0.2, False, 0.5) -0.007370441458733195
(0.3, True, 0.4) -0.0075608422203992266
(0.9, True, 0.1) -0.007586301369863011
(0.2, False, 0.7) -0.007712561711464622
(0.8, False, 0.1) -0.007723287671232859
(1.0, False, 0.2) -0.007766219545578958
(0.4, True, 0.4) -0.007903667214012025
(0.5, True, 0.6) -0.007942465753424654
(0.8, True, 0.1) -0.007944078947368429
(0.1, True, 0.7) -0.008009322731011799
(1.0, True, 0.0) -0.008036154478225139
(0.2, False, 0.6) -0.008153635116598073
(0.1, True, 1.0) -0.008156669405642301
(0.9, False, 0.3) -0.008197754039989048
(0.5, True, 0.8) -0.008230136986301366
(0.6, True, 0.0) -0.008282662284305655
(0.1, False, 0.4) -0.008325581395348837
(0.5, False, 0.4) -0.008337904552934716
(0.9, False, 0.4) -0.00854246575342465
(0.7, True, 0.1) -0.008547547273225539
(0.3, True, 0.5) -0.008611262985237837
(0.7, False, 0.1) -0.008623526185906212
(0.5, False, 0.3) -0.008630136986301357
(0.3, True, 0.6) -0.008670678336980306
(0.3, False, 0.9) -0.008773662551440329
(0.5, False, 0.2) -0.00877601314348301
(0.3, False, 0.5) -0.008777412280701747
(0.4, True, 0.1) -0.008959759102107836
(0.6, False, 0.4) -0.009009873834339006
(0.4, False, 0.1) -0.00916643816835755
(0.2, False, 0.8) -0.009487530830364483
(0.5, True, 0.7) -0.009558904109589032
(1.0, False, 0.3) -0.009621917808219166
(0.3, False, 0.1) -0.009684845163058368
(0.8, False, 0.2) -0.009712171052631587
(0.5, False, 0.6) -0.010024677817384135
(0.9, True, 0.2) -0.010043835616438353
(0.6, False, 0.5) -0.010063065533315044
(0.8, False, 0.4) -0.010112421168083353
(0.3, False, 0.4) -0.010126165660998353
(0.3, False, 1.0) -0.01019151846785226
(0.4, False, 0.4) -0.010397260273972593
(0.9, True, 0.3) -0.010449808008776738
(0.5, False, 0.0) -0.010457158499863102
(0.6, True, 0.5) -0.010463140586462033
(0.2, True, 1.0) -0.010501644736842102
(0.2, False, 0.4) -0.010504247739106598
(0.4, False, 0.2) -0.010506988215949559
(0.2, False, 1.0) -0.01053669222343921
(0.4, False, 0.3) -0.010572602739726022
(0.7, False, 0.5) -0.010597751576638328
(0.5, True, 0.4) -0.010637482900136776
(0.7, False, 0.4) -0.010762270359199348
(1.0, False, 0.4) -0.010898876404494367
(0.4, True, 0.2) -0.010903367095537912
(0.4, True, 0.8) -0.010934502603453009
(0.8, False, 0.6) -0.011044980800877659
(0.4, False, 1.0) -0.011123595505617971
(0.4, False, 0.9) -0.011158904109589043
(0.4, True, 0.9) -0.01116438356164384
(0.8, False, 0.5) -0.011257878870923523
(0.4, True, 0.3) -0.011272926361894298
(0.5, True, 0.3) -0.01137931034482758
(0.6, True, 0.3) -0.01138866064092029
(0.3, False, 0.2) -0.011501781309947936
(0.7, True, 0.2) -0.011543734576364139
(0.9, False, 0.5) -0.01165250753631131
(0.6, True, 0.6) -0.011702769399506444
(0.4, False, 0.8) -0.01188922401974225
(0.7, False, 0.3) -0.01192761173567317
(0.5, False, 0.5) -0.011965460526315785
(0.7, True, 0.6) -0.012008769525897502
(1.0, False, 0.5) -0.01237534246575342
(0.7, False, 0.2) -0.012376644736842106
(0.6, False, 0.7) -0.012390350877192993
(0.5, False, 0.8) -0.012417100575500125
(0.1, False, 0.5) -0.012477440525020514
(0.7, False, 0.7) -0.012529492455418373
(0.6, True, 0.4) -0.01255960537133461
(0.7, True, 0.4) -0.01271730189196599
(0.5, True, 0.2) -0.01274767378215655
(0.3, False, 0.3) -0.01276589912280701
(0.9, True, 0.5) -0.012877125617114646
(0.7, False, 1.0) -0.012881820674527008
(0.8, False, 0.3) -0.01303512623490673
(0.6, False, 0.6) -0.013055403181568833
(1.0, True, 0.4) -0.013065533315053468
(0.4, True, 1.0) -0.013115247741582263
(0.7, True, 0.5) -0.013159769799945176
(0.6, True, 0.7) -0.01316899479594633
(0.7, True, 0.3) -0.01319067215363513
(0.5, False, 1.0) -0.013284931506849316
(0.1, False, 0.6) -0.01329408543263965
(1.0, False, 0.6) -0.013345215245407181
(0.7, False, 0.6) -0.01357475994513032
(0.9, False, 0.6) -0.01370167260762271
(0.9, True, 0.4) -0.013834339001645646
(0.7, False, 0.9) -0.013843835616438354
(1.0, False, 0.7) -0.013975870578557724
(0.8, True, 0.2) -0.014089912280701776
(0.6, True, 1.0) -0.014182415776499617
(0.5, False, 0.7) -0.014202302631578949
(0.8, False, 0.7) -0.014308831596269883
(0.6, False, 0.8) -0.014438048245614041
(0.5, False, 0.9) -0.014495614035087718
(0.8, True, 0.3) -0.014665203073545564
(0.6, False, 1.0) -0.015028806584362142
(1.0, False, 0.9) -0.015089163237311385
(0.7, False, 0.8) -0.0153015350877193
(0.8, True, 0.5) -0.01532784636488343
(0.8, True, 0.4) -0.015344685525954421
(0.8, False, 1.0) -0.015395998903809268
(0.8, False, 0.8) -0.015621058404167802
(0.6, True, 0.8) -0.015660635964912288
(0.9, False, 0.9) -0.01573972602739726
(1.0, False, 0.8) -0.01614309210526316
(0.5, True, 0.9) -0.016166484118291354
(1.0, True, 0.5) -0.016255144032921817
(0.8, False, 0.9) -0.016356164383561647
(1.0, True, 0.6) -0.016448957189901213
(0.8, True, 0.6) -0.016923710208562048
(0.7, True, 0.7) -0.017023842148533853
(0.9, False, 0.7) -0.017124451754385987
(0.6, False, 0.9) -0.017569863013698644
(0.9, True, 0.6) -0.017598792535675103
(0.9, False, 1.0) -0.01816639299397922
(1.0, False, 1.0) -0.018222404820597116
(0.9, False, 0.8) -0.018262537681556616
(0.5, True, 1.0) -0.02021101671690872
(1.0, True, 0.7) -0.020469264544456658
(0.9, True, 0.7) -0.020628430296377613
(0.6, True, 0.9) -0.020754251234229287
(0.7, True, 1.0) -0.021498630136986302
(0.7, True, 0.8) -0.02155555555555557
(0.7, True, 0.9) -0.02198245132986017
(0.9, True, 0.8) -0.022311488894982162
(0.9, True, 0.9) -0.0225856868659172
(1.0, True, 0.8) -0.02261859062242939
(0.8, True, 0.9) -0.023039188818854486
(0.8, True, 0.7) -0.023704720087815594
(1.0, True, 1.0) -0.024082304526748977
(0.8, True, 0.8) -0.024121195503153278
(0.8, True, 1.0) -0.02441547749725575
(1.0, True, 0.9) -0.025758573388203008
(0.9, True, 1.0) -0.025868312757201643
