None:
(80, 32, 17, 0.08, 0.75, 'log2') 0.20848795347549165
(90, 32, 12, 0.06, 0.75, 'log2') 0.206681477367398
(90, 43, 14, 0.04, 0.5, 'log2') 0.20329254727475002
(80, 36, None, 0.02, 0.75, 'log2') 0.19654440154440192
(60, 30, 16, 0.06, 0.5, 'log2') 0.19303064066852352
(80, 25, 22, 0.02, 0.5, 'log2') 0.19127312896989798
(60, 38, 39, 0.08, 0.75, 'log2') 0.19098533075006935
(90, 45, 17, 0.04, 0.5, 'log2') 0.190130410654828
(60, 34, 27, 0.02, 0.5, 'log2') 0.18999443981095393
(90, 36, None, 0.08, 1.0, 'log2') 0.18998619928236304
(80, 29, 23, 0.04, 1.0, 'log2') 0.18985082872928208
(80, 47, 36, 0.02, 0.5, 'log2') 0.18778854137835607
(40, 37, 32, 0.04, 0.75, 'log2') 0.18712256267409502
(60, 34, 33, 0.04, 0.75, 'log2') 0.18584952803997792
(60, 34, 33, 0.02, 0.5, 'log2') 0.18584952803997792
(90, 44, 10, 0.04, 1.0, 'log2') 0.18382865168539328
(80, 20, 35, 0.1, 0.5, 'log2') 0.18290304861301873
(90, 39, 37, 0.04, 1.0, 'log2') 0.18288275862068995
(70, 20, 38, 0.02, 0.75, 'log2') 0.18275398132894044
(70, 12, 10, 0.08, 0.75, 'log2') 0.18273437500000006
(60, 34, 16, 0.02, 0.5, 'log2') 0.182615727830452
(60, 13, 27, 0.06, 1.0, 'log2') 0.1814718019257224
(60, 24, 33, 0.04, 0.75, 'log2') 0.18087244616234163
(90, 20, 10, 0.06, 0.5, 'log2') 0.18027443293195208
(70, 33, 32, 0.08, 0.5, 'log2') 0.17989742168006673
(80, 43, 30, 0.02, 0.5, 'log2') 0.17955174322080825
(70, 48, 34, 0.06, 0.5, 'log2') 0.1795121951219514
(60, 25, 12, 0.08, 0.75, 'log2') 0.1793012249443209
(50, 23, 29, 0.06, 1.0, 'log2') 0.178445552784705
(80, 17, 13, 0.04, 0.75, 'log2') 0.1783111111111114
(50, 33, 17, 0.1, 0.75, 'log2') 0.17809550404914834
(80, 34, 26, 0.06, 0.5, 'log2') 0.17804132231404982
(60, 49, 10, 0.08, 0.5, 'log2') 0.1776118143459918
(50, 37, 38, 0.1, 0.75, 'log2') 0.17752574450320088
(30, 37, 21, 0.08, 1.0, 'log2') 0.17752321981424168
(70, 41, 12, 0.06, 0.5, 'log2') 0.1775133015961916
(70, 35, 25, 0.06, 0.5, 'log2') 0.17744521497919571
(90, 25, 25, 0.06, 0.75, 'log2') 0.17741208791208804
(40, 35, 31, 0.02, 0.5, 'log2') 0.17702347680268316
(90, 32, 19, 0.08, 0.5, 'log2') 0.1769039047355304
(70, 32, 30, 0.1, 0.5, 'log2') 0.17645741150442493
(90, 50, 31, 0.02, 0.5, 'log2') 0.17618217054263574
(60, 44, 32, 0.1, 0.75, 'log2') 0.1760752089136491
(80, 46, 12, 0.04, 1.0, 'log2') 0.17597874720357926
(90, 46, 28, 0.04, 1.0, 'log2') 0.17534806629834263
(50, 35, 18, 0.04, 0.5, 'log2') 0.1752564102564104
(80, 47, 34, 0.04, 0.75, 'log2') 0.1750013831258645
(60, 30, 26, 0.06, 0.75, 'log2') 0.1748002219755828
(70, 38, 24, 0.1, 0.5, 'log2') 0.1743308395677475
(80, 39, 16, 0.06, 0.75, 'log2') 0.17408168935815507
(80, 35, 10, 0.04, 0.75, 'log2') 0.17400672457270958
(90, 38, 12, 0.08, 0.75, 'log2') 0.17320843741326686
(80, 33, 36, 0.1, 0.5, 'log2') 0.17319505494505508
(50, 39, 25, 0.08, 0.5, 'log2') 0.17314954051796158
(60, 34, 23, 0.08, 0.75, 'log2') 0.17277793257174717
(90, 39, 38, 0.08, 1.0, 'log2') 0.17256827586206894
(60, 43, 27, 0.04, 0.5, 'log2') 0.1725495671600112
(60, 38, 33, 0.04, 0.75, 'log2') 0.17254814401339658
(50, 40, 15, 0.1, 1.0, 'log2') 0.17235722284434493
(50, 40, 38, 0.06, 1.0, 'log2') 0.17209451901566
(30, 24, 28, 0.02, 1.0, 'log2') 0.1712454520011195
(80, 29, 38, 0.06, 1.0, 'log2') 0.17124448123620314
(80, 37, 32, 0.04, 0.75, 'log2') 0.17083333333333364
(70, 29, 31, 0.02, 1.0, 'log2') 0.1704318936877079
(60, 36, 20, 0.04, 0.75, 'log2') 0.17018318068276442
(90, 45, 35, 0.08, 0.75, 'log2') 0.17012151339409004
(50, 34, 20, 0.02, 1.0, 'log2') 0.17001947148817811
(90, 31, 27, 0.08, 0.5, 'log2') 0.16976046255506644
(80, 42, 29, 0.04, 0.75, 'log2') 0.1697598012147987
(80, 41, 38, 0.08, 0.75, 'log2') 0.16971499723298275
(60, 42, 35, 0.04, 0.5, 'log2') 0.16958483254912815
(40, 23, 30, 0.1, 1.0, 'log2') 0.16950637825845818
(40, 23, 30, 0.04, 0.5, 'log2') 0.16950637825845818
(70, 38, 30, 0.08, 0.75, 'log2') 0.16902236951118493
(70, 16, 27, 0.1, 1.0, 'log2') 0.16863611416026375
(90, 39, 18, 0.04, 0.5, 'log2') 0.1680155210643017
(90, 39, 18, 0.1, 0.75, 'log2') 0.1680155210643017
(70, 48, 27, 0.02, 1.0, 'log2') 0.16792384658143392
(60, 19, 31, 0.1, 0.5, 'log2') 0.16765616362631316
(60, 31, 35, 0.04, 1.0, 'log2') 0.16708379578246427
(50, 13, 10, 0.1, 1.0, 'log2') 0.16696952595936798
(70, 35, 29, 0.06, 0.75, 'log2') 0.16694704908990637
(40, 28, 26, 0.1, 0.75, 'log2') 0.16675104311543823
(80, 44, 20, 0.04, 0.5, 'log2') 0.1667109266943293
(90, 30, 22, 0.04, 1.0, 'log2') 0.16642876825571803
(40, 41, 18, 0.08, 0.5, 'log2') 0.16583894500561164
(40, 8, 16, 0.04, 0.75, 'log2') 0.16572535991140658
(50, 35, 14, 0.06, 0.5, 'log2') 0.16565811489124377
(70, 21, 20, 0.02, 0.5, 'log2') 0.1650995024875622
(40, 47, 24, 0.02, 1.0, 'log2') 0.16509677419354862
(40, 34, 19, 0.1, 0.75, 'log2') 0.1648560246016213
(40, 41, 27, 0.02, 0.75, 'log2') 0.1646405594405594
(40, 5, 10, 0.08, 0.5, 'log2') 0.1645454545454546
(60, 46, 27, 0.1, 0.75, 'log2') 0.16434056761268798
(70, 44, 14, 0.06, 1.0, 'log2') 0.16366414353798725
(80, 30, 10, 0.1, 0.5, 'log2') 0.16349777034559648
(70, 42, 32, 0.08, 1.0, 'log2') 0.16345047039291644
(80, 27, 29, 0.1, 1.0, 'log2') 0.16340308370044065
(90, 33, None, 0.06, 0.5, 'log2') 0.1629468465987333
(70, 24, 11, 0.06, 0.5, 'log2') 0.16278789576912311
(50, 14, 11, 0.04, 0.75, 'log2') 0.16269414073451097
(40, 16, 13, 0.06, 0.5, 'log2') 0.1623298795855503
(60, 20, 14, 0.1, 0.5, 'log2') 0.16224728487886386
(90, 48, 30, 0.04, 0.5, 'log2') 0.16200607902735573
(60, 46, 26, 0.08, 1.0, 'log2') 0.16153696498054498
(50, 26, 22, 0.04, 0.5, 'log2') 0.16147809206877464
(90, 30, 40, 0.06, 0.75, 'log2') 0.16134361233480188
(40, 16, 36, 0.04, 1.0, 'log2') 0.1609941844364442
(80, 15, 32, 0.02, 1.0, 'log2') 0.16098248494800255
(70, 12, 17, 0.06, 0.75, 'log2') 0.16085147423532672
(70, 49, 35, 0.02, 0.75, 'log2') 0.1595791805094132
(40, 25, 30, 0.04, 0.75, 'log2') 0.15953159645232806
(70, 41, 29, 0.08, 0.75, 'log2') 0.15934312638580908
(50, 31, 16, 0.1, 0.75, 'log2') 0.15921568627450997
(90, 30, 19, 0.1, 1.0, 'log2') 0.15893182445487164
(80, 32, 34, 0.08, 0.75, 'log2') 0.1588419016030958
(60, 30, 39, 0.04, 0.75, 'log2') 0.15760953965612864
(50, 16, 32, 0.08, 1.0, 'log2') 0.15760044028618608
(40, 44, 14, 0.1, 0.5, 'log2') 0.15760000000000016
(50, 24, 16, 0.08, 0.75, 'log2') 0.15734279354479705
(90, 31, 13, 0.08, 0.5, 'log2') 0.15719157194344366
(90, 28, 21, 0.1, 0.75, 'log2') 0.15717864024222414
(80, 38, 15, 0.04, 0.5, 'log2') 0.15686230876216956
(30, 14, 20, 0.1, 0.75, 'log2') 0.15673634336677816
(30, 49, 25, 0.1, 1.0, 'log2') 0.15642173423423408
(30, 48, 14, 0.08, 0.5, 'log2') 0.15637750777055634
(30, 19, None, 0.02, 0.5, 'log2') 0.1563697478991597
(40, 26, 30, 0.06, 1.0, 'log2') 0.1561258001669913
(50, 28, 14, 0.08, 0.5, 'log2') 0.15607919687674285
(60, 31, 12, 0.04, 0.5, 'log2') 0.1557979172530256
(50, 20, 10, 0.1, 1.0, 'log2') 0.15539091165678798
(90, 23, 29, 0.08, 1.0, 'log2') 0.15516730663741082
(50, 31, 20, 0.06, 1.0, 'log2') 0.15495240761478155
(50, 24, 29, 0.08, 0.75, 'log2') 0.15450595073346243
(60, 25, 14, 0.06, 1.0, 'log2') 0.15404688808261252
(30, 40, 14, 0.06, 0.75, 'log2') 0.15393401015228433
(70, 31, None, 0.02, 0.5, 'log2') 0.15361126449475418
(90, 27, 29, 0.04, 0.5, 'log2') 0.1535806540258312
(30, 49, 18, 0.1, 0.75, 'log2') 0.15331639853231704
(40, 23, 24, 0.02, 1.0, 'log2') 0.1533056017748197
(50, 15, 11, 0.1, 1.0, 'log2') 0.15314405594405608
(70, 24, 27, 0.08, 0.5, 'log2') 0.15305570876999466
(30, 10, 17, 0.04, 0.5, 'log2') 0.15292594654788422
(30, 39, 31, 0.1, 0.5, 'log2') 0.15280191873589155
(50, 10, 17, 0.02, 0.5, 'log2') 0.1527953731754338
(70, 8, 28, 0.04, 0.5, 'log2') 0.15273224043715872
(60, 38, 11, 0.04, 1.0, 'log2') 0.1525715889949467
(80, 42, 33, 0.08, 0.75, 'log2') 0.1524522557431495
(80, 17, 17, 0.02, 0.75, 'log2') 0.15244639912039565
(80, 19, 29, 0.04, 0.5, 'log2') 0.15238147437654137
(70, 49, 33, 0.02, 0.5, 'log2') 0.15227953410981687
(40, 27, 19, 0.08, 1.0, 'log2') 0.152177554438861
(60, 28, 21, 0.02, 0.5, 'log2') 0.15215751525235707
(70, 11, 30, 0.04, 0.5, 'log2') 0.15187243361620595
(90, 42, 33, 0.08, 0.5, 'log2') 0.15127589063794517
(40, 43, 37, 0.1, 0.5, 'log2') 0.15089531293853492
(90, 23, 37, 0.08, 0.5, 'log2') 0.1507814642171649
(80, 31, 38, 0.04, 0.5, 'log2') 0.15076308539944897
(40, 49, 20, 0.04, 0.5, 'log2') 0.15069623806850072
(60, 33, 16, 0.06, 0.5, 'log2') 0.15049776286353467
(40, 40, 14, 0.04, 0.5, 'log2') 0.15026116259477676
(40, 29, 28, 0.04, 0.75, 'log2') 0.14994692737430151
(50, 17, 30, 0.1, 0.75, 'log2') 0.14985086992543484
(40, 11, 15, 0.02, 0.75, 'log2') 0.14966787608149584
(70, 27, 32, 0.02, 0.75, 'log2') 0.1495667770419426
(80, 28, 25, 0.02, 0.5, 'log2') 0.14944198895027622
(80, 28, 25, 0.02, 0.75, 'log2') 0.14944198895027622
(60, 14, 29, 0.02, 0.75, 'log2') 0.14899725274725273
(60, 43, 39, 0.08, 0.5, 'log2') 0.14887378640776688
(50, 34, 26, 0.04, 0.5, 'log2') 0.1486146585230427
(90, 18, 36, 0.1, 1.0, 'log2') 0.14851547521227068
(30, 40, 27, 0.04, 1.0, 'log2') 0.1484847629796839
(30, 27, None, 0.04, 0.75, 'log2') 0.14847171404446932
(40, 18, 15, 0.02, 0.75, 'log2') 0.14813901345291466
(40, 5, 12, 0.06, 0.75, 'log2') 0.14802286670384823
(80, 35, 27, 0.06, 1.0, 'log2') 0.14775814467145224
(40, 41, 28, 0.1, 0.5, 'log2') 0.1477309517164386
(30, 34, 37, 0.04, 0.75, 'log2') 0.147661131438221
(50, 6, 12, 0.04, 0.5, 'log2') 0.14696851490665894
(40, 15, 13, 0.04, 0.5, 'log2') 0.1465449438202247
(80, 11, 15, 0.08, 0.5, 'log2') 0.1465200659703134
(60, 22, 27, 0.06, 0.75, 'log2') 0.14650359314538416
(60, 42, 26, 0.08, 0.5, 'log2') 0.1460829621380845
(60, 43, 29, 0.06, 1.0, 'log2') 0.14606010016694482
(40, 32, 27, 0.06, 0.5, 'log2') 0.14587297146054842
(30, 8, 16, 0.08, 0.5, 'log2') 0.14583263830970253
(40, 24, 29, 0.02, 0.5, 'log2') 0.14571071626873944
(30, 29, 11, 0.08, 1.0, 'log2') 0.1456168647425014
(50, 25, 14, 0.04, 0.75, 'log2') 0.145564900476591
(40, 33, 15, 0.1, 1.0, 'log2') 0.14528042624789672
(30, 49, 15, 0.04, 0.75, 'log2') 0.14500564334085775
(30, 9, 39, 0.02, 0.75, 'log2') 0.14494469026548654
(70, 42, 30, 0.04, 0.75, 'log2') 0.14491689750692502
(60, 10, 14, 0.08, 0.75, 'log2') 0.14489067257127025
(30, 38, 30, 0.1, 1.0, 'log2') 0.14483022071307286
(60, 25, 13, 0.02, 0.75, 'log2') 0.14459843837144457
(90, 48, 16, 0.1, 0.5, 'log2') 0.14450375312760622
(80, 11, 21, 0.02, 1.0, 'log2') 0.1443158182813355
(80, 19, 30, 0.08, 0.75, 'log2') 0.1442864983534577
(90, 19, 19, 0.04, 0.5, 'log2') 0.1442082071054804
(40, 25, 17, 0.1, 0.5, 'log2') 0.1437226890756302
(60, 40, 17, 0.06, 0.5, 'log2') 0.1436701088473345
(70, 12, 19, 0.04, 1.0, 'log2') 0.14366932161494095
(50, 11, 30, 0.04, 0.5, 'log2') 0.1436581337737407
(60, 12, 31, 0.08, 1.0, 'log2') 0.14317247052371818
(50, 25, 35, 0.04, 1.0, 'log2') 0.14266648168701448
(30, 43, 39, 0.02, 0.5, 'log2') 0.14204832818207347
(70, 22, 12, 0.04, 1.0, 'log2') 0.14189189189189189
(30, 21, 29, 0.08, 0.75, 'log2') 0.14175811870100766
(60, 27, 22, 0.04, 0.75, 'log2') 0.14143450567709748
(80, 15, 40, 0.1, 1.0, 'log2') 0.14105004101722704
(30, 19, 13, 0.1, 1.0, 'log2') 0.14104414261460094
(90, 14, 38, 0.02, 0.75, 'log2') 0.14090636090636097
(30, 16, 21, 0.04, 0.5, 'log2') 0.14084934558618764
(30, 48, 37, 0.08, 1.0, 'log2') 0.14069878839109592
(60, 49, 17, 0.04, 0.5, 'log2') 0.14039407490218
(20, 31, None, 0.04, 0.5, 'log2') 0.14037698412698402
(40, 33, 18, 0.04, 0.75, 'log2') 0.13969442108214186
(50, 18, 25, 0.1, 1.0, 'log2') 0.13940836543753446
(60, 16, 16, 0.06, 0.75, 'log2') 0.13934421693414478
(80, 10, 27, 0.02, 0.5, 'log2') 0.1389634478996181
(90, 6, 13, 0.1, 0.75, 'log2') 0.13893839383938392
(40, 17, 26, 0.04, 0.75, 'log2') 0.13863157894736833
(60, 48, 38, 0.02, 0.5, 'log2') 0.13859727247425546
(40, 24, 22, 0.04, 0.5, 'log2') 0.1385698417106358
(30, 25, 16, 0.06, 0.75, 'log2') 0.13852500706414228
(20, 28, 19, 0.04, 0.5, 'log2') 0.13839875741316007
(40, 21, 24, 0.1, 1.0, 'log2') 0.13823267464514327
(80, 11, 39, 0.02, 0.75, 'log2') 0.13821614227086193
(90, 34, 40, 0.04, 0.75, 'log2') 0.13806718061674
(80, 20, 22, 0.02, 0.75, 'log2') 0.13794984844309716
(40, 45, 21, 0.02, 0.5, 'log2') 0.13786015164279689
(90, 12, 20, 0.04, 0.5, 'log2') 0.13751234229292375
(50, 45, 24, 0.1, 0.75, 'log2') 0.13742305540011188
(50, 49, 38, 0.06, 1.0, 'log2') 0.13723743016759768
(30, 23, 14, 0.1, 0.75, 'log2') 0.13708415423585693
(30, 7, 26, 0.04, 0.75, 'log2') 0.13707734806629837
(40, 17, 24, 0.04, 0.5, 'log2') 0.1370537454747982
(40, 9, 24, 0.02, 1.0, 'log2') 0.13700166112956794
(60, 48, 12, 0.08, 1.0, 'log2') 0.13692784667418267
(60, 28, 35, 0.08, 0.5, 'log2') 0.13649612831858393
(30, 27, 22, 0.1, 0.75, 'log2') 0.1364725738396623
(30, 34, 35, 0.08, 0.5, 'log2') 0.1364327813640191
(40, 31, 15, 0.08, 0.75, 'log2') 0.13625560538116588
(70, 50, 14, 0.02, 0.75, 'log2') 0.13615857063093245
(40, 15, 39, 0.04, 0.75, 'log2') 0.13606244819010765
(70, 48, 37, 0.02, 0.75, 'log2') 0.13594933184855232
(70, 22, 36, 0.02, 0.5, 'log2') 0.13581568088032997
(50, 15, 25, 0.02, 0.75, 'log2') 0.13573920265780728
(50, 26, 21, 0.1, 1.0, 'log2') 0.13567417292187936
(70, 29, 34, 0.08, 0.75, 'log2') 0.13524413793103437
(70, 32, 38, 0.08, 1.0, 'log2') 0.1351673984632271
(80, 27, 11, 0.06, 1.0, 'log2') 0.13512405910231395
(40, 40, 10, 0.02, 0.5, 'log2') 0.1350070761392582
(40, 40, 24, 0.1, 1.0, 'log2') 0.1349218749999999
(30, 29, 31, 0.06, 0.75, 'log2') 0.13470886075949376
(80, 21, 36, 0.06, 1.0, 'log2') 0.13470539873938067
(30, 36, 38, 0.1, 1.0, 'log2') 0.13435538116591927
(90, 33, 13, 0.1, 1.0, 'log2') 0.13433657858136291
(30, 36, 17, 0.06, 1.0, 'log2') 0.13410889699691259
(30, 32, 16, 0.04, 1.0, 'log2') 0.1340428531153087
(70, 48, 11, 0.04, 1.0, 'log2') 0.13367581187010083
(30, 45, 35, 0.08, 0.75, 'log2') 0.1335571789828602
(80, 15, 34, 0.08, 0.5, 'log2') 0.13338343809784084
(80, 13, 39, 0.08, 0.5, 'log2') 0.1331345733041576
(40, 31, 18, 0.08, 0.5, 'log2') 0.13297985450475663
(60, 50, 21, 0.02, 1.0, 'log2') 0.13264837625979836
(40, 14, 37, 0.08, 1.0, 'log2') 0.13256084070796456
(40, 14, 37, 0.02, 1.0, 'log2') 0.13256084070796456
(30, 6, 13, 0.02, 0.75, 'log2') 0.13249082180175092
(40, 15, 15, 0.1, 0.5, 'log2') 0.132378151260504
(30, 45, 24, 0.06, 1.0, 'log2') 0.13223968565815308
(30, 38, 20, 0.06, 0.5, 'log2') 0.13219966159052454
(90, 14, 16, 0.1, 0.5, 'log2') 0.1321263736263735
(50, 10, 30, 0.08, 0.75, 'log2') 0.1319521583722848
(70, 11, 32, 0.04, 1.0, 'log2') 0.13176792556102898
(70, 22, 15, 0.04, 0.5, 'log2') 0.13176128496261422
(80, 9, 15, 0.08, 0.5, 'log2') 0.1313833883388338
(70, 33, 37, 0.02, 0.5, 'log2') 0.13117435755733625
(20, 23, 20, 0.02, 1.0, 'log2') 0.1310523338048089
(50, 15, 30, 0.02, 0.75, 'log2') 0.13076626240352807
(40, 14, 32, 0.06, 0.75, 'log2') 0.13053971768613334
(30, 4, 11, 0.1, 0.75, 'log2') 0.12984797297297304
(30, 29, 12, 0.06, 1.0, 'log2') 0.1296941376380628
(40, 15, 23, 0.06, 0.75, 'log2') 0.12959822665558324
(30, 43, 27, 0.1, 0.75, 'log2') 0.12931102362204744
(30, 43, 27, 0.04, 0.75, 'log2') 0.12931102362204744
(20, 23, 19, 0.08, 0.5, 'log2') 0.12924719101123605
(50, 33, 34, 0.08, 0.5, 'log2') 0.1286742634797109
(70, 34, 31, 0.02, 1.0, 'log2') 0.12857498616491417
(40, 50, 18, 0.06, 0.5, 'log2') 0.12827063447501402
(30, 30, 12, 0.08, 0.5, 'log2') 0.1280011341083073
(30, 30, 30, 0.1, 1.0, 'log2') 0.12776090014064712
(40, 16, 19, 0.06, 0.75, 'log2') 0.1270212171970965
(70, 9, 34, 0.06, 0.5, 'log2') 0.126983606557377
(50, 42, 17, 0.08, 1.0, 'log2') 0.12686170212765954
(40, 30, 24, 0.1, 0.75, 'log2') 0.1266769230769231
(70, 11, 15, 0.08, 1.0, 'log2') 0.12654058531198237
(40, 25, 15, 0.06, 0.75, 'log2') 0.12650656241273395
(80, 8, 34, 0.06, 1.0, 'log2') 0.1264985001363511
(30, 26, 37, 0.08, 1.0, 'log2') 0.12621598877980356
(80, 38, 25, 0.06, 1.0, 'log2') 0.12605867699972317
(80, 48, 38, 0.04, 1.0, 'log2') 0.12574728639020324
(30, 42, 30, 0.04, 0.5, 'log2') 0.125375316277762
(40, 33, 24, 0.08, 0.75, 'log2') 0.12523809523809523
(30, 26, 38, 0.02, 0.75, 'log2') 0.12511901428171382
(20, 31, 16, 0.02, 0.75, 'log2') 0.12479727814006253
(90, 50, 14, 0.1, 0.75, 'log2') 0.12477570353859016
(30, 21, 37, 0.02, 0.75, 'log2') 0.12436855310844709
(30, 22, 21, 0.04, 0.75, 'log2') 0.12422128851540618
(20, 22, 32, 0.06, 0.75, 'log2') 0.1242211619421837
(50, 18, 23, 0.06, 1.0, 'log2') 0.1240651753659211
(60, 11, 40, 0.04, 1.0, 'log2') 0.12391053787047195
(30, 45, 31, 0.02, 0.75, 'log2') 0.12344623200677389
(90, 6, 28, 0.02, 0.75, 'log2') 0.12338335607094121
(30, 49, 37, 0.08, 1.0, 'log2') 0.12318220219656427
(50, 6, 25, 0.02, 0.5, 'log2') 0.12290684931506841
(20, 31, 25, 0.06, 0.5, 'log2') 0.12270780501549738
(20, 48, 27, 0.04, 0.75, 'log2') 0.1226197901899631
(50, 8, 27, 0.04, 0.75, 'log2') 0.12239010989010977
(20, 24, 26, 0.08, 0.75, 'log2') 0.12163860830527483
(30, 13, 28, 0.1, 0.75, 'log2') 0.1211009174311927
(30, 38, 23, 0.02, 1.0, 'log2') 0.12107623318385659
(30, 33, 18, 0.08, 0.75, 'log2') 0.12100309946463796
(50, 9, 22, 0.04, 0.75, 'log2') 0.11962820159735603
(40, 34, 38, 0.08, 1.0, 'log2') 0.11923634336677805
(90, 10, 40, 0.02, 0.75, 'log2') 0.11861937244201906
(40, 42, 17, 0.04, 1.0, 'log2') 0.11853205849268841
(60, 8, 31, 0.08, 1.0, 'log2') 0.11777869076965201
(40, 43, 10, 0.06, 1.0, 'log2') 0.11649262202043138
(20, 40, 27, 0.08, 1.0, 'log2') 0.11621720733427368
(60, 7, None, 0.1, 1.0, 'log2') 0.11602455661664378
(20, 32, 26, 0.06, 1.0, 'log2') 0.11602372211239777
(20, 34, 14, 0.08, 0.75, 'log2') 0.11589838206074378
(70, 11, 27, 0.02, 0.5, 'log2') 0.11579120879120877
(30, 49, 12, 0.08, 0.75, 'log2') 0.11569965870307174
(30, 36, 20, 0.1, 1.0, 'log2') 0.11507631430186543
(90, 7, 24, 0.06, 1.0, 'log2') 0.11492223738062742
(40, 48, 11, 0.02, 1.0, 'log2') 0.1142530358655748
(50, 8, 36, 0.04, 0.5, 'log2') 0.11392700329308439
(30, 33, 32, 0.06, 0.5, 'log2') 0.11310780460415511
(80, 14, None, 0.08, 1.0, 'log2') 0.11281224378245416
(30, 16, 31, 0.06, 1.0, 'log2') 0.11265998887033944
(30, 21, 17, 0.06, 0.5, 'log2') 0.11213744740532967
(40, 49, 40, 0.02, 0.5, 'log2') 0.11183908045977002
(30, 21, 36, 0.04, 0.5, 'log2') 0.11149579831932772
(30, 27, 21, 0.06, 0.5, 'log2') 0.11144503795333142
(40, 29, 33, 0.04, 0.75, 'log2') 0.11119565217391317
(80, 5, 13, 0.02, 0.75, 'log2') 0.11081750619322864
(30, 20, 22, 0.1, 0.5, 'log2') 0.11081678321678338
(50, 26, 35, 0.06, 0.5, 'log2') 0.11081066074403118
(20, 26, 26, 0.02, 0.5, 'log2') 0.10986169912503538
(50, 12, 22, 0.04, 1.0, 'log2') 0.10967484155414721
(30, 32, 19, 0.08, 0.5, 'log2') 0.10922297297297306
(20, 29, 37, 0.08, 1.0, 'log2') 0.1092084507042254
(20, 35, 27, 0.1, 0.5, 'log2') 0.1087461256692028
(60, 8, 33, 0.02, 0.75, 'log2') 0.10857103750342179
(50, 9, 26, 0.08, 0.5, 'log2') 0.10806575342465738
(80, 15, 28, 0.1, 0.75, 'log2') 0.10777686403508771
(80, 15, 28, 0.1, 0.5, 'log2') 0.10777686403508771
(20, 24, 31, 0.1, 0.75, 'log2') 0.10706726709822698
(30, 37, 18, 0.02, 0.75, 'log2') 0.10701828410689174
(30, 27, 28, 0.04, 1.0, 'log2') 0.10686291000841042
(30, 17, 37, 0.06, 0.5, 'log2') 0.10604056682411793
(30, 14, 27, 0.02, 0.75, 'log2') 0.10574805339265847
(60, 7, 22, 0.1, 1.0, 'log2') 0.10546149645002721
(20, 44, 30, 0.02, 0.5, 'log2') 0.10540677966101704
(20, 4, 20, 0.02, 1.0, 'log2') 0.10528186614829205
(20, 4, 20, 0.02, 0.75, 'log2') 0.10528186614829205
(40, 7, 17, 0.06, 0.5, 'log2') 0.10408361018826122
(30, 19, 28, 0.04, 0.5, 'log2') 0.10380112044817934
(60, 7, 17, 0.08, 1.0, 'log2') 0.10375824175824153
(20, 36, 24, 0.06, 1.0, 'log2') 0.10359401468097132
(20, 46, 28, 0.06, 1.0, 'log2') 0.10356477561388663
(30, 21, 32, 0.08, 0.75, 'log2') 0.10354387926215772
(20, 35, 10, 0.06, 1.0, 'log2') 0.10295851216022898
(20, 19, 26, 0.08, 0.75, 'log2') 0.10292242595204522
(20, 18, 14, 0.08, 1.0, 'log2') 0.10260695949800336
(30, 14, 39, 0.1, 1.0, 'log2') 0.10249580771380656
(20, 25, 22, 0.08, 1.0, 'log2') 0.10248595505617988
(60, 12, 22, 0.08, 0.5, 'log2') 0.10157967032967025
(50, 8, 30, 0.02, 0.5, 'log2') 0.10111567982456128
(70, 6, 27, 0.08, 1.0, 'log2') 0.10036036036036035
(90, 5, 34, 0.02, 0.75, 'log2') 0.10034323072732221
(60, 26, 16, 0.04, 0.5, 'log2') 0.10031728360701354
(80, 7, 23, 0.06, 1.0, 'log2') 0.09916074357572442
(20, 44, 15, 0.08, 1.0, 'log2') 0.09897588652482275
(20, 35, 28, 0.06, 1.0, 'log2') 0.09833475419153175
(30, 4, 29, 0.02, 0.5, 'log2') 0.09784747167725895
(80, 5, 22, 0.08, 1.0, 'log2') 0.09762462544265868
(30, 3, 17, 0.04, 0.75, 'log2') 0.09758171745152365
(20, 32, 10, 0.1, 0.5, 'log2') 0.09725149530048433
(20, 30, 19, 0.1, 1.0, 'log2') 0.09548903878583481
(20, 30, 37, 0.02, 0.75, 'log2') 0.09548076923076929
(90, 8, None, 0.02, 1.0, 'log2') 0.09540769020998087
(20, 30, 28, 0.08, 1.0, 'log2') 0.09463208345080355
(20, 50, 36, 0.1, 0.75, 'log2') 0.09408526256352356
(30, 43, 10, 0.06, 0.5, 'log2') 0.09404944586530277
(20, 10, 17, 0.02, 0.75, 'log2') 0.09353484466834595
(90, 28, 10, 0.08, 1.0, 'log2') 0.09331741573033725
(90, 9, 30, 0.06, 1.0, 'log2') 0.09330065359477117
(20, 27, 11, 0.06, 0.5, 'log2') 0.09270354609929088
(20, 16, 13, 0.04, 1.0, 'log2') 0.09241949033884078
(20, 11, 23, 0.06, 0.75, 'log2') 0.09232082866741337
(20, 14, 21, 0.06, 1.0, 'log2') 0.0916615298402915
(20, 29, 13, 0.04, 0.5, 'log2') 0.09097115109968588
(20, 49, 11, 0.1, 0.5, 'log2') 0.09088705077010842
(70, 7, 40, 0.02, 0.5, 'log2') 0.09043869209809266
(90, 5, 32, 0.08, 0.5, 'log2') 0.08867446924333151
(20, 22, 37, 0.02, 1.0, 'log2') 0.08539994386752742
(60, 4, 32, 0.04, 0.5, 'log2') 0.08530601092896173
(20, 4, 17, 0.04, 0.5, 'log2') 0.08516074923119947
(20, 12, 19, 0.04, 1.0, 'log2') 0.08393634840871021
(20, 5, 37, 0.04, 0.75, 'log2') 0.08332776850306078
(20, 45, 15, 0.02, 0.75, 'log2') 0.08097380410022786
(20, 47, 30, 0.06, 1.0, 'log2') 0.08014916971573317
(50, 5, 32, 0.08, 0.75, 'log2') 0.08008493150684927
(20, 45, 36, 0.1, 1.0, 'log2') 0.07824780266515456
(80, 5, 31, 0.08, 1.0, 'log2') 0.07771389645776584
(10, 26, 20, 0.08, 0.5, 'log2') 0.0774894097712511
(30, 4, 34, 0.06, 1.0, 'log2') 0.07735334618562378
(30, 4, 34, 0.1, 0.75, 'log2') 0.07735334618562378
(20, 3, 18, 0.02, 0.75, 'log2') 0.07703033676593377
(20, 40, 10, 0.08, 1.0, 'log2') 0.07692045454545456
(60, 5, 22, 0.02, 0.5, 'log2') 0.07681246582832156
(20, 37, 32, 0.04, 1.0, 'log2') 0.07459025626584072
(50, 3, 40, 0.02, 0.75, 'log2') 0.07389571389571387
(20, 37, 30, 0.04, 0.5, 'log2') 0.07231818181818188
(20, 4, 27, 0.04, 0.75, 'log2') 0.0714122880177927
(50, 3, 20, 0.1, 1.0, 'log2') 0.07093869731800778
(90, 4, 25, 0.1, 0.5, 'log2') 0.06715413943355147
(90, 4, 33, 0.04, 1.0, 'log2') 0.06703129251700705
(20, 3, 40, 0.06, 1.0, 'log2') 0.06498202930605483
(20, 14, 12, 0.08, 1.0, 'log2') 0.06469410769664512
(20, 40, 17, 0.08, 0.75, 'log2') 0.06457407928029245
(70, 5, 24, 0.1, 1.0, 'log2') 0.06387554585152856
(70, 4, 28, 0.04, 0.5, 'log2') 0.06370612244897987
(20, 29, 26, 0.06, 1.0, 'log2') 0.06359661495063477
(80, 4, 28, 0.1, 0.5, 'log2') 0.06314441416893758
(80, 3, 23, 0.1, 0.5, 'log2') 0.06156028368794345
(20, 4, 32, 0.08, 0.75, 'log2') 0.06076367675645659
(20, 29, 29, 0.08, 0.5, 'log2') 0.05497453310696107
(10, 27, 32, 0.04, 0.5, 'log2') 0.053556367725611495
(10, 35, 15, 0.1, 1.0, 'log2') 0.050664780763790704
(10, 18, 15, 0.06, 0.75, 'log2') 0.05023170387115007
(10, 16, 33, 0.04, 0.5, 'log2') 0.04874055415617129
(10, 23, 23, 0.1, 0.5, 'log2') 0.04787018825512786
(10, 15, 33, 0.1, 1.0, 'log2') 0.046301791713325914
(10, 20, 29, 0.1, 0.75, 'log2') 0.04458134976197147
(10, 27, 40, 0.08, 0.5, 'log2') 0.04260201229737286
(10, 27, 40, 0.1, 0.75, 'log2') 0.04260201229737286
(10, 20, 35, 0.02, 1.0, 'log2') 0.04239752947782145
(10, 35, 28, 0.08, 1.0, 'log2') 0.04232623318385653
(10, 33, 29, 0.04, 0.75, 'log2') 0.04126262626262629
(10, 13, 18, 0.02, 0.5, 'log2') 0.03979184247538685
(10, 41, 18, 0.08, 0.5, 'log2') 0.038545918367346964
(10, 15, 29, 0.02, 0.75, 'log2') 0.037780875383328714
(10, 23, 27, 0.08, 1.0, 'log2') 0.037468318783441305
(10, 38, 26, 0.1, 0.5, 'log2') 0.03443630214205189
(10, 20, 33, 0.06, 0.75, 'log2') 0.033967406574880565
(10, 29, 33, 0.02, 0.75, 'log2') 0.03376656329292362
(10, 46, 18, 0.04, 0.5, 'log2') 0.03274809160305348
(10, 28, 38, 0.02, 0.75, 'log2') 0.03224725429456493
(10, 30, 26, 0.04, 0.75, 'log2') 0.031253161000281
(10, 35, 12, 0.06, 0.75, 'log2') 0.030005694760820045
(10, 49, 35, 0.08, 0.5, 'log2') 0.027443820224719126
(10, 29, 30, 0.08, 0.75, 'log2') 0.026467116357504237
(10, 28, 13, 0.04, 0.5, 'log2') 0.025686828716789185
(10, 18, 28, 0.04, 1.0, 'log2') 0.025106681639528363
(10, 31, 21, 0.02, 0.75, 'log2') 0.022352609308885753
(10, 3, 33, 0.06, 1.0, 'log2') 0.021483227058497374
(10, 23, 31, 0.08, 1.0, 'log2') 0.021174978867286563
(10, 29, 18, 0.06, 0.5, 'log2') 0.020898591549295784
(10, 3, 38, 0.06, 1.0, 'log2') 0.019927897947864755
(10, 36, 38, 0.04, 0.5, 'log2') 0.01906320541760721
(10, 36, 37, 0.06, 0.75, 'log2') 0.01906320541760721
(10, 34, 11, 0.04, 1.0, 'log2') 0.01751920341394026
(10, 26, 33, 0.02, 0.75, 'log2') 0.01732449957710734
(10, 44, 16, 0.08, 0.75, 'log2') 0.017186440677966118
(10, 31, 32, 0.08, 0.5, 'log2') 0.016218961625282167
(10, 21, 27, 0.1, 0.5, 'log2') 0.015972456436200107
(10, 30, 34, 0.02, 0.75, 'log2') 0.013763380281690194
(10, 41, 36, 0.06, 0.75, 'log2') 0.012148065058889506
(10, 4, 31, 0.08, 0.75, 'log2') 0.011529477196885464
(10, 13, 13, 0.02, 0.75, 'log2') 0.010921645997745269
(10, 14, 31, 0.02, 0.75, 'log2') 0.00960614525139667
(10, 40, 37, 0.08, 0.75, 'log2') 0.009055007052186212
(10, 50, 13, 0.06, 0.75, 'log2') 0.008065796937039177
(10, 39, 11, 0.1, 0.75, 'log2') 0.007665812695701697
(10, 40, 13, 0.06, 0.75, 'log2') 0.0049062500000000425
(10, 39, 39, 0.04, 0.75, 'log2') 0.0031234114656876677
(10, 25, 16, 0.06, 1.0, 'log2') 0.003068021450748006
(10, 24, 18, 0.1, 0.5, 'log2') 0.0010861001688238097
(10, 50, 36, 0.08, 1.0, 'log2') -0.00023782559456397455
(10, 15, 12, 0.1, 0.5, 'log2') -0.0002802944507362544
(10, 11, 27, 0.08, 0.75, 'log2') -0.0002888086642599071
(10, 4, 22, 0.1, 0.5, 'log2') -0.0012799109627156544
(10, 26, 16, 0.04, 0.5, 'log2') -0.005361173814898364
(10, 27, 28, 0.04, 1.0, 'log2') -0.005892303354948076
(10, 6, 32, 0.08, 1.0, 'log2') -0.035632471504031364