zero:
(80, 43, 18, 0.08, 1.0, 'log2') 0.22439031180400926
(70, 11, 13, 0.1, 1.0, 'log2') 0.21446196403872744
(80, 25, 11, 0.08, 0.75, 'log2') 0.21239282712244334
(50, 34, 21, 0.1, 1.0, 'log2') 0.20981656475819915
(80, 34, 12, 0.08, 1.0, 'log2') 0.20850446428571434
(60, 26, 31, 0.06, 0.75, 'log2') 0.20832961517010612
(50, 37, 38, 0.08, 1.0, 'log2') 0.2075649259983244
(90, 13, 35, 0.08, 1.0, 'log2') 0.20713739415460303
(80, 38, 18, 0.06, 1.0, 'log2') 0.20667413841412188
(90, 45, 35, 0.08, 1.0, 'log2') 0.2061758180809763
(90, 47, 17, 0.06, 1.0, 'log2') 0.2052486033519554
(80, 33, 25, 0.06, 1.0, 'log2') 0.20464285714285751
(90, 28, 27, 0.06, 1.0, 'log2') 0.20455530850472495
(70, 43, 25, 0.08, 1.0, 'log2') 0.2045239420935413
(80, 19, 21, 0.04, 1.0, 'log2') 0.2031456582633055
(70, 3, 12, 0.1, 1.0, 'log2') 0.20286029209148526
(90, 44, 34, 0.1, 1.0, 'log2') 0.2022873658133776
(90, 41, 33, 0.1, 1.0, 'log2') 0.20073962056640107
(80, 20, 33, 0.06, 0.75, 'log2') 0.20060270942770264
(70, 21, 17, 0.08, 1.0, 'log2') 0.19988623751387385
(70, 21, 33, 0.1, 0.75, 'log2') 0.1993779245802368
(90, 21, 25, 0.06, 1.0, 'log2') 0.1993777654867261
(50, 28, 19, 0.08, 1.0, 'log2') 0.19858379888268157
(80, 27, 33, 0.04, 1.0, 'log2') 0.19705469845722287
(60, 44, 35, 0.06, 1.0, 'log2') 0.19686763881099276
(80, 25, 29, 0.06, 1.0, 'log2') 0.19684400110834044
(90, 36, 33, 0.06, 0.75, 'log2') 0.19430200222469424
(80, 20, 21, 0.1, 1.0, 'log2') 0.1939774601429358
(90, 39, 20, 0.06, 0.5, 'log2') 0.19340425531914898
(50, 50, 21, 0.1, 1.0, 'log2') 0.1930951056729698
(80, 45, 38, 0.04, 0.75, 'log2') 0.19309368808378152
(70, 23, 26, 0.06, 0.75, 'log2') 0.1929106145251397
(40, 12, 34, 0.1, 1.0, 'log2') 0.19227460711331698
(40, 21, 15, 0.08, 1.0, 'log2') 0.19202634529147977
(70, 21, 25, 0.06, 1.0, 'log2') 0.19172471440512687
(80, 19, 31, 0.04, 1.0, 'log2') 0.19059005338578253
(80, 37, 25, 0.1, 1.0, 'log2') 0.19045227524972255
(90, 42, 38, 0.04, 1.0, 'log2') 0.19023608768971337
(70, 13, 37, 0.04, 1.0, 'log2') 0.1897116461366181
(50, 35, 22, 0.1, 1.0, 'log2') 0.18943595443178649
(70, 41, 40, 0.04, 1.0, 'log2') 0.18907193229901284
(40, 6, 17, 0.1, 1.0, 'log2') 0.18905435385468683
(60, 38, 18, 0.06, 0.75, 'log2') 0.1882372786055665
(80, 46, 29, 0.06, 1.0, 'log2') 0.1875734676742233
(60, 41, 35, 0.08, 0.75, 'log2') 0.18718793633063402
(90, 11, 26, 0.1, 1.0, 'log2') 0.1869352635891835
(50, 26, 30, 0.08, 0.5, 'log2') 0.186327272727273
(70, 40, 24, 0.04, 0.5, 'log2') 0.18609534619750287
(70, 17, None, 0.06, 1.0, 'log2') 0.18595573997233755
(70, 22, 36, 0.06, 1.0, 'log2') 0.18533240997229922
(80, 17, 12, 0.04, 1.0, 'log2') 0.18512049900765512
(70, 19, 16, 0.08, 0.75, 'log2') 0.18491807831158025
(70, 21, 39, 0.1, 1.0, 'log2') 0.18489525909592072
(90, 42, 17, 0.1, 1.0, 'log2') 0.1847311228754529
(40, 23, 10, 0.08, 1.0, 'log2') 0.18459053556248245
(80, 33, 26, 0.04, 0.5, 'log2') 0.18408779931584954
(50, 50, 17, 0.06, 0.5, 'log2') 0.18405077574047948
(30, 50, 26, 0.1, 0.75, 'log2') 0.1833520179372198
(90, 10, 25, 0.02, 1.0, 'log2') 0.18267474633596384
(50, 25, 16, 0.1, 0.75, 'log2') 0.1824065811489126
(70, 10, 40, 0.06, 1.0, 'log2') 0.18234710743801685
(80, 46, 20, 0.06, 0.5, 'log2') 0.18200506186726678
(90, 49, 22, 0.08, 0.75, 'log2') 0.18179637377963734
(80, 31, 32, 0.1, 1.0, 'log2') 0.18140259024524671
(40, 33, 15, 0.08, 1.0, 'log2') 0.1812753950338601
(70, 7, 21, 0.06, 1.0, 'log2') 0.18083264177040118
(70, 24, 14, 0.08, 1.0, 'log2') 0.18022518765638038
(70, 27, 31, 0.08, 1.0, 'log2') 0.18020447637468945
(90, 7, 34, 0.06, 0.5, 'log2') 0.18015130674002763
(70, 10, 10, 0.08, 0.75, 'log2') 0.18006444382179898
(80, 32, 16, 0.06, 1.0, 'log2') 0.17989884799100883
(70, 37, 39, 0.06, 0.75, 'log2') 0.17983426966292168
(50, 32, 28, 0.06, 0.5, 'log2') 0.1796201814058957
(50, 50, 39, 0.06, 0.75, 'log2') 0.17960756634669678
(60, 49, 14, 0.06, 1.0, 'log2') 0.17919582392776512
(70, 22, 24, 0.04, 0.75, 'log2') 0.17906452521837135
(60, 21, 24, 0.1, 1.0, 'log2') 0.17854736260701484
(70, 28, 21, 0.1, 0.75, 'log2') 0.17841436464088395
(90, 37, 11, 0.08, 0.75, 'log2') 0.1782662192393738
(40, 40, 36, 0.1, 1.0, 'log2') 0.1775458588104502
(50, 41, 22, 0.1, 0.5, 'log2') 0.1770912653975366
(50, 48, 30, 0.06, 0.75, 'log2') 0.17659712433042002
(80, 38, 13, 0.08, 0.5, 'log2') 0.17659306875349368
(80, 45, 19, 0.06, 0.75, 'log2') 0.17653728008936045
(50, 15, None, 0.08, 0.75, 'log2') 0.1761636615811374
(40, 15, 23, 0.1, 0.75, 'log2') 0.17578376876042223
(80, 20, 24, 0.1, 0.5, 'log2') 0.17549365692222868
(70, 11, None, 0.1, 0.75, 'log2') 0.17487945205479474
(90, 11, 15, 0.08, 1.0, 'log2') 0.17410192837465588
(80, 47, 10, 0.08, 1.0, 'log2') 0.17399439775910364
(60, 21, 13, 0.06, 1.0, 'log2') 0.17366114076987915
(90, 28, 40, 0.06, 1.0, 'log2') 0.17359900717043575
(70, 11, 16, 0.1, 0.75, 'log2') 0.17352488314544987
(70, 33, 37, 0.08, 0.75, 'log2') 0.17351949129112512
(70, 21, 12, 0.08, 1.0, 'log2') 0.17333985466741214
(60, 49, 14, 0.1, 0.75, 'log2') 0.1732606873428333
(70, 31, 17, 0.06, 0.5, 'log2') 0.17321137067267114
(80, 11, 39, 0.06, 1.0, 'log2') 0.17272978194866168
(60, 31, 24, 0.04, 1.0, 'log2') 0.17216468590831904
(70, 24, 36, 0.06, 0.75, 'log2') 0.17206561023074785
(90, 45, 12, 0.06, 0.75, 'log2') 0.17205749718151073
(80, 23, 31, 0.08, 0.75, 'log2') 0.17157575757575766
(80, 36, 11, 0.04, 0.75, 'log2') 0.17130942214631362
(60, 46, 33, 0.1, 1.0, 'log2') 0.1712820512820514
(80, 14, 24, 0.08, 0.75, 'log2') 0.1708112582781457
(50, 19, 24, 0.08, 0.75, 'log2') 0.17002224694104567
(60, 46, 21, 0.1, 0.5, 'log2') 0.16992483296213826
(70, 38, 36, 0.08, 0.5, 'log2') 0.16943153178381415
(70, 8, 15, 0.04, 0.5, 'log2') 0.16930160518163903
(40, 25, 14, 0.08, 0.5, 'log2') 0.16929133858267734
(40, 45, 22, 0.08, 0.75, 'log2') 0.16894840157038696
(90, 6, 25, 0.08, 1.0, 'log2') 0.16852772466539204
(70, 25, 14, 0.08, 1.0, 'log2') 0.1685027932960896
(80, 20, 25, 0.04, 0.5, 'log2') 0.1683937096321258
(50, 9, 27, 0.04, 1.0, 'log2') 0.16764441951766698
(40, 39, 22, 0.1, 1.0, 'log2') 0.16599382369455348
(50, 40, 34, 0.1, 0.5, 'log2') 0.16589514779698827
(70, 11, 18, 0.04, 0.75, 'log2') 0.1653848314606741
(90, 32, 33, 0.06, 0.5, 'log2') 0.16529165503767795
(80, 36, 34, 0.06, 0.5, 'log2') 0.16513558848196833
(70, 20, 25, 0.04, 0.75, 'log2') 0.16467059153350136
(70, 35, 23, 0.1, 0.5, 'log2') 0.1646487831858408
(70, 49, 17, 0.08, 0.5, 'log2') 0.16447685834502102
(70, 19, 25, 0.06, 1.0, 'log2') 0.1641109570041609
(70, 45, 24, 0.1, 0.5, 'log2') 0.16364091161756555
(90, 35, 39, 0.08, 0.75, 'log2') 0.1633996683250414
(60, 26, 32, 0.08, 0.5, 'log2') 0.16334918858421937
(60, 10, 31, 0.1, 0.75, 'log2') 0.16333333333333364
(40, 49, 35, 0.1, 0.75, 'log2') 0.1625684740078257
(30, 50, 10, 0.08, 1.0, 'log2') 0.16254913130162343
(80, 38, 23, 0.04, 0.5, 'log2') 0.16219608954378023
(90, 32, 34, 0.04, 0.5, 'log2') 0.1615555555555555
(40, 37, 24, 0.08, 0.75, 'log2') 0.16106722689075637
(30, 41, 26, 0.08, 1.0, 'log2') 0.1607086614173227
(70, 14, 32, 0.1, 0.75, 'log2') 0.1602520547945209
(40, 9, 31, 0.08, 0.5, 'log2') 0.16015538290788023
(30, 12, 39, 0.08, 1.0, 'log2') 0.15956351426972573
(50, 8, 16, 0.04, 0.5, 'log2') 0.15942567567567556
(30, 8, 15, 0.1, 0.75, 'log2') 0.15927196652719686
(90, 7, 34, 0.1, 1.0, 'log2') 0.1590578918623703
(60, 5, 32, 0.06, 0.5, 'log2') 0.15892205638474327
(80, 24, 15, 0.04, 0.75, 'log2') 0.15870658006212915
(70, 5, 39, 0.06, 0.5, 'log2') 0.15839359646701642
(60, 16, 29, 0.06, 0.75, 'log2') 0.15821448467966578
(40, 12, 17, 0.1, 0.75, 'log2') 0.15738888888888894
(50, 26, 32, 0.1, 0.75, 'log2') 0.15731741183004727
(80, 34, 11, 0.04, 0.75, 'log2') 0.15719353007945513
(80, 40, 19, 0.04, 0.5, 'log2') 0.1569937606352806
(80, 42, 38, 0.08, 0.5, 'log2') 0.15635251598554348
(50, 48, 27, 0.06, 0.5, 'log2') 0.15633961203261165
(70, 34, 31, 0.06, 0.75, 'log2') 0.1562947427293064
(70, 50, 17, 0.04, 0.5, 'log2') 0.15611364934323235
(90, 48, 39, 0.06, 0.75, 'log2') 0.1557142857142856
(90, 8, 24, 0.04, 0.5, 'log2') 0.15570553854717514
(70, 3, 10, 0.08, 0.5, 'log2') 0.1555013927576602
(70, 23, 38, 0.06, 0.5, 'log2') 0.1553100558659217
(60, 44, 29, 0.1, 0.75, 'log2') 0.15488630061009412
(40, 46, 35, 0.06, 0.5, 'log2') 0.15442280553203497
(50, 38, 15, 0.08, 0.5, 'log2') 0.15401299068059857
(60, 25, 31, 0.1, 0.5, 'log2') 0.15375208449138394
(40, 4, 23, 0.1, 0.75, 'log2') 0.15353668590272052
(50, 40, 21, 0.08, 0.5, 'log2') 0.1534065315315314
(50, 13, 28, 0.06, 0.5, 'log2') 0.15336506159014557
(90, 30, 22, 0.06, 0.75, 'log2') 0.15335006973500687
(90, 24, 37, 0.04, 0.5, 'log2') 0.1532835820895521
(60, 29, 16, 0.06, 0.75, 'log2') 0.15298082346305691
(80, 45, 19, 0.1, 0.5, 'log2') 0.15296501943364782
(70, 17, 36, 0.08, 1.0, 'log2') 0.15284499314128946
(70, 15, 23, 0.04, 1.0, 'log2') 0.15283328694684098
(70, 4, 14, 0.08, 0.75, 'log2') 0.15270776004402858
(60, 47, 30, 0.08, 0.75, 'log2') 0.15241610738255024
(70, 40, 22, 0.08, 0.75, 'log2') 0.15235079854300898
(70, 18, 13, 0.1, 0.5, 'log2') 0.15229339988907362
(80, 6, 16, 0.04, 0.75, 'log2') 0.15222346681601792
(70, 21, None, 0.04, 0.75, 'log2') 0.15215311004784685
(70, 23, 18, 0.08, 1.0, 'log2') 0.15209972299168967
(70, 23, 14, 0.1, 0.5, 'log2') 0.15206992230854613
(80, 46, 23, 0.02, 0.75, 'log2') 0.1519914651493598
(80, 30, 27, 0.04, 0.5, 'log2') 0.15182099634112012
(70, 22, 39, 0.1, 0.75, 'log2') 0.15122105843439915
(70, 35, 20, 0.06, 0.75, 'log2') 0.15100922560805125
(70, 43, 24, 0.08, 0.5, 'log2') 0.1508659217877093
(40, 29, 14, 0.06, 1.0, 'log2') 0.15081962563811674
(70, 15, 38, 0.06, 0.5, 'log2') 0.15021064301552098
(40, 17, 29, 0.04, 1.0, 'log2') 0.15015765765765743
(50, 16, 35, 0.06, 1.0, 'log2') 0.15000836820083682
(60, 24, 40, 0.08, 0.5, 'log2') 0.14971357063403773
(60, 18, 25, 0.06, 0.5, 'log2') 0.14948189415041763
(90, 19, 22, 0.1, 0.5, 'log2') 0.14944368320087675
(90, 5, 39, 0.06, 0.75, 'log2') 0.14883045740892897
(30, 44, 23, 0.06, 1.0, 'log2') 0.14865612648221335
(30, 31, 32, 0.08, 0.75, 'log2') 0.14864864864864868
(20, 27, 37, 0.08, 1.0, 'log2') 0.14780016792611245
(60, 34, 35, 0.06, 0.75, 'log2') 0.14777120315581843
(90, 14, 35, 0.04, 0.75, 'log2') 0.14773106904231625
(30, 6, 25, 0.08, 0.5, 'log2') 0.14753997194950905
(70, 12, 20, 0.06, 0.5, 'log2') 0.147426347971095
(80, 13, 16, 0.08, 0.5, 'log2') 0.14739790286975707
(40, 14, 40, 0.06, 0.75, 'log2') 0.14735326998323073
(90, 6, 35, 0.1, 0.75, 'log2') 0.14714714714714722
(90, 19, 20, 0.06, 0.5, 'log2') 0.1467789532293986
(70, 50, 40, 0.1, 0.5, 'log2') 0.14665458600501807
(70, 44, 26, 0.04, 0.5, 'log2') 0.1466346425543937
(30, 12, 22, 0.1, 0.75, 'log2') 0.14657740585774057
(80, 30, 26, 0.04, 0.75, 'log2') 0.14646379261763873
(80, 15, 27, 0.08, 0.5, 'log2') 0.14639258028792893
(70, 11, 22, 0.04, 0.5, 'log2') 0.14629504504504495
(80, 6, 40, 0.06, 1.0, 'log2') 0.14592876712328756
(80, 49, 14, 0.08, 0.75, 'log2') 0.14567544843049324
(30, 30, 19, 0.06, 1.0, 'log2') 0.1456563112230617
(70, 27, 34, 0.04, 0.75, 'log2') 0.1451069217782779
(30, 16, 31, 0.08, 1.0, 'log2') 0.1449580067189248
(90, 37, 14, 0.08, 0.75, 'log2') 0.14457636566332213
(30, 26, 21, 0.08, 0.5, 'log2') 0.14414854560858506
(30, 41, 25, 0.06, 0.5, 'log2') 0.14361581920903932
(50, 21, 25, 0.1, 0.75, 'log2') 0.1434155808150819
(80, 19, 14, 0.08, 0.5, 'log2') 0.14313524021105248
(90, 29, 40, 0.1, 0.75, 'log2') 0.14310278313584998
(50, 34, 14, 0.08, 0.75, 'log2') 0.142990444069702
(70, 19, 30, 0.08, 0.5, 'log2') 0.14287060127459109
(50, 4, 27, 0.1, 1.0, 'log2') 0.14272329964490565
(30, 22, 16, 0.1, 0.5, 'log2') 0.14216449013614874
(60, 39, 25, 0.04, 1.0, 'log2') 0.14186689227298352
(70, 20, 20, 0.1, 0.5, 'log2') 0.14139933628318582
(20, 29, 37, 0.1, 1.0, 'log2') 0.14129365744621405
(50, 39, 40, 0.04, 1.0, 'log2') 0.14117078715544182
(70, 15, 29, 0.08, 0.5, 'log2') 0.14111386821064248
(80, 5, 23, 0.02, 1.0, 'log2') 0.14053017484489555
(30, 7, 20, 0.08, 1.0, 'log2') 0.14033870072182106
(40, 23, 19, 0.08, 0.5, 'log2') 0.14016920473773262
(90, 43, 14, 0.06, 0.5, 'log2') 0.13983394314663652
(80, 6, 26, 0.06, 0.5, 'log2') 0.13951737451737437
(60, 44, 10, 0.04, 0.75, 'log2') 0.13945154873543616
(80, 18, 20, 0.04, 0.5, 'log2') 0.13863853727144865
(50, 5, 11, 0.04, 1.0, 'log2') 0.1379614949037372
(50, 48, 39, 0.1, 0.5, 'log2') 0.13776169265033414
(20, 17, 23, 0.1, 1.0, 'log2') 0.13765559586938325
(70, 47, 33, 0.04, 0.5, 'log2') 0.1374651096553688
(50, 19, 12, 0.04, 0.75, 'log2') 0.13694546482057074
(70, 21, 14, 0.04, 0.5, 'log2') 0.13681508791832103
(80, 5, 35, 0.1, 1.0, 'log2') 0.13679836512261567
(20, 23, 19, 0.1, 1.0, 'log2') 0.13665266106442575
(30, 41, 22, 0.08, 0.5, 'log2') 0.13651866515837102
(80, 32, 17, 0.04, 0.5, 'log2') 0.1364918217710095
(90, 12, 18, 0.1, 0.75, 'log2') 0.13628970427163187
(70, 17, 38, 0.02, 0.75, 'log2') 0.13606538895152193
(70, 38, 19, 0.02, 1.0, 'log2') 0.13601074356799533
(40, 15, 19, 0.08, 0.5, 'log2') 0.13585011185682316
(60, 48, 11, 0.06, 0.5, 'log2') 0.13571791972866035
(60, 41, 30, 0.08, 0.75, 'log2') 0.13562430323299882
(70, 40, None, 0.06, 0.5, 'log2') 0.135406012924979
(30, 17, 22, 0.06, 1.0, 'log2') 0.13524209347886923
(80, 48, 19, 0.02, 1.0, 'log2') 0.1351048158640226
(50, 3, 11, 0.08, 1.0, 'log2') 0.1348055944055944
(40, 28, 39, 0.04, 1.0, 'log2') 0.13453465346534668
(80, 3, 15, 0.1, 1.0, 'log2') 0.13441714441714436
(90, 6, 17, 0.1, 0.75, 'log2') 0.1339830508474576
(90, 28, 25, 0.02, 1.0, 'log2') 0.1333947293850949
(40, 18, 22, 0.1, 0.5, 'log2') 0.13317181843497625
(60, 30, 33, 0.06, 0.75, 'log2') 0.13314381270903
(40, 39, 17, 0.06, 0.5, 'log2') 0.13304483541430198
(80, 6, 38, 0.08, 0.5, 'log2') 0.13245277853818774
(70, 12, 26, 0.02, 1.0, 'log2') 0.13204666854090513
(50, 7, 28, 0.04, 0.75, 'log2') 0.13169949352841853
(20, 9, 23, 0.1, 1.0, 'log2') 0.13166202672605792
(70, 20, 36, 0.08, 0.5, 'log2') 0.13149986138064862
(80, 9, 17, 0.1, 0.5, 'log2') 0.13092882660071456
(30, 8, 16, 0.08, 0.75, 'log2') 0.13076340162784156
(90, 40, 38, 0.06, 0.5, 'log2') 0.13057670772676377
(50, 27, 39, 0.04, 0.5, 'log2') 0.1300028328611899
(70, 25, 36, 0.08, 0.5, 'log2') 0.12914261931187557
(90, 5, 19, 0.02, 0.5, 'log2') 0.1287450648618161
(20, 49, 26, 0.1, 1.0, 'log2') 0.12859678782755715
(60, 21, 22, 0.04, 0.5, 'log2') 0.1282741116751269
(80, 22, 32, 0.04, 0.5, 'log2') 0.1280412662521199
(50, 41, 17, 0.04, 0.5, 'log2') 0.12803854875283438
(30, 50, 33, 0.04, 1.0, 'log2') 0.12800961266610109
(40, 34, 30, 0.04, 0.5, 'log2') 0.12783026874115966
(90, 6, 20, 0.06, 0.5, 'log2') 0.1272167216721671
(40, 3, 11, 0.08, 0.75, 'log2') 0.12715653153153142
(20, 32, 17, 0.1, 1.0, 'log2') 0.12713119369369383
(20, 20, 16, 0.08, 0.75, 'log2') 0.1269295774647886
(30, 9, 14, 0.1, 0.5, 'log2') 0.1268735955056178
(30, 12, 24, 0.1, 0.75, 'log2') 0.12620756816917097
(60, 18, 24, 0.1, 0.5, 'log2') 0.1254991726420298
(60, 9, 30, 0.02, 1.0, 'log2') 0.12475520540236348
(40, 42, 36, 0.08, 0.5, 'log2') 0.1247191645498165
(90, 19, 26, 0.02, 0.5, 'log2') 0.12426382978723399
(80, 5, 32, 0.08, 0.5, 'log2') 0.12415914684167335
(30, 5, 21, 0.06, 0.75, 'log2') 0.12400504484304942
(80, 23, 13, 0.08, 0.5, 'log2') 0.12362274618585298
(30, 50, 20, 0.04, 1.0, 'log2') 0.12321822813472963
(90, 40, None, 0.06, 0.5, 'log2') 0.12305127486690959
(70, 13, 34, 0.02, 0.75, 'log2') 0.12282468443197761
(30, 23, 19, 0.06, 0.75, 'log2') 0.12254070746771485
(70, 42, 36, 0.1, 0.5, 'log2') 0.12227563212003342
(50, 16, 28, 0.1, 0.5, 'log2') 0.12222468179302699
(40, 4, 15, 0.1, 0.75, 'log2') 0.1217394911504424
(70, 17, None, 0.02, 0.75, 'log2') 0.12136928289102197
(50, 21, 14, 0.08, 0.5, 'log2') 0.12121118881118881
(30, 22, 11, 0.06, 0.75, 'log2') 0.12082649306538348
(30, 41, 33, 0.06, 0.75, 'log2') 0.12046511627906988
(30, 18, 40, 0.04, 1.0, 'log2') 0.12038429172510526
(20, 17, 33, 0.06, 1.0, 'log2') 0.12013752455795668
(70, 20, 17, 0.02, 1.0, 'log2') 0.1197037246049662
(50, 50, 33, 0.04, 0.5, 'log2') 0.11935164212910528
(20, 46, 24, 0.08, 1.0, 'log2') 0.11902860379495901
(50, 10, 34, 0.08, 0.5, 'log2') 0.11843594009983358
(30, 41, 19, 0.1, 0.5, 'log2') 0.1182430119794637
(20, 36, 26, 0.08, 1.0, 'log2') 0.11791279887482431
(90, 3, 32, 0.08, 0.5, 'log2') 0.11774351978171888
(80, 47, 12, 0.04, 0.75, 'log2') 0.11771135781383438
(90, 23, 29, 0.02, 0.75, 'log2') 0.11757191201353656
(90, 3, 33, 0.06, 1.0, 'log2') 0.11754160982264662
(50, 14, 10, 0.1, 0.5, 'log2') 0.1173316568873987
(50, 27, 19, 0.04, 0.75, 'log2') 0.11732617297908422
(60, 9, 23, 0.04, 0.75, 'log2') 0.11729372007885104
(20, 11, 27, 0.1, 1.0, 'log2') 0.11714763231197783
(80, 4, 26, 0.08, 0.5, 'log2') 0.11666757791142693
(60, 12, 14, 0.02, 1.0, 'log2') 0.11648556876061127
(30, 38, 15, 0.06, 0.5, 'log2') 0.11600739897552641
(50, 19, 18, 0.04, 0.75, 'log2') 0.11429824561403508
(40, 9, 22, 0.04, 1.0, 'log2') 0.1142801010384509
(30, 27, None, 0.08, 0.5, 'log2') 0.11419363917815938
(40, 16, 28, 0.1, 1.0, 'log2') 0.1139285714285714
(20, 34, 20, 0.06, 1.0, 'log2') 0.11389061178460681
(30, 28, 16, 0.04, 1.0, 'log2') 0.11364098221845902
(20, 17, 17, 0.08, 0.75, 'log2') 0.11354248733821055
(20, 18, 27, 0.08, 1.0, 'log2') 0.11302911534154549
(30, 50, 33, 0.08, 0.75, 'log2') 0.11268479184367036
(40, 33, 40, 0.06, 0.5, 'log2') 0.11223792031647353
(80, 5, 31, 0.08, 0.75, 'log2') 0.11214090660841074
(20, 8, 10, 0.1, 0.75, 'log2') 0.11129478138222852
(60, 40, 16, 0.02, 1.0, 'log2') 0.11076123595505626
(90, 19, 17, 0.02, 0.5, 'log2') 0.11060623229461757
(20, 38, 21, 0.1, 1.0, 'log2') 0.11012676056338028
(60, 23, 19, 0.02, 0.75, 'log2') 0.1095019807583476
(40, 46, 12, 0.04, 1.0, 'log2') 0.10936067892503551
(90, 5, 39, 0.08, 1.0, 'log2') 0.10932624113475164
(80, 12, 34, 0.02, 0.5, 'log2') 0.1090564971751413
(70, 29, 27, 0.02, 0.5, 'log2') 0.1089347764169753
(90, 13, 36, 0.02, 0.5, 'log2') 0.10873267326732691
(30, 10, 24, 0.04, 0.75, 'log2') 0.10820297168488925
(70, 13, 15, 0.02, 1.0, 'log2') 0.10795300113250292
(60, 35, 37, 0.02, 1.0, 'log2') 0.10779030439684341
(80, 3, 33, 0.1, 1.0, 'log2') 0.10774632553075647
(40, 11, 29, 0.04, 0.75, 'log2') 0.1074391267842149
(50, 7, 26, 0.02, 0.75, 'log2') 0.10684403153153159
(80, 47, 16, 0.02, 0.5, 'log2') 0.10633134413185576
(80, 27, 21, 0.02, 0.5, 'log2') 0.10629271070615046
(80, 13, 38, 0.02, 0.75, 'log2') 0.10519138077686434
(30, 40, 28, 0.04, 0.5, 'log2') 0.1047015558698728
(50, 8, 34, 0.02, 0.75, 'log2') 0.10410653889515231
(90, 28, 10, 0.02, 0.5, 'log2') 0.10389142857142868
(30, 6, 14, 0.06, 0.5, 'log2') 0.1022659544560023
(20, 7, 19, 0.08, 0.5, 'log2') 0.10176371780515127
(40, 5, 21, 0.02, 1.0, 'log2') 0.1016441441441442
(10, 50, None, 0.1, 1.0, 'log2') 0.10122425952045143
(50, 13, 30, 0.02, 1.0, 'log2') 0.10117795895417499
(40, 24, 21, 0.04, 0.75, 'log2') 0.10077401129943514
(40, 21, 19, 0.04, 0.75, 'log2') 0.09925310033821887
(30, 14, 13, 0.06, 0.5, 'log2') 0.09890081944051989
(30, 45, 31, 0.06, 0.5, 'log2') 0.09864387464387449
(20, 31, 13, 0.1, 0.75, 'log2') 0.0986028169014086
(60, 21, 40, 0.02, 1.0, 'log2') 0.0982623413258111
(20, 44, 11, 0.06, 1.0, 'log2') 0.09818776671408255
(60, 46, 13, 0.02, 0.75, 'log2') 0.09761337868480732
(60, 7, 33, 0.02, 1.0, 'log2') 0.09683408577878114
(30, 14, 15, 0.04, 0.5, 'log2') 0.09681523272214393
(60, 22, 34, 0.02, 0.5, 'log2') 0.09654819448393524
(50, 8, 30, 0.02, 1.0, 'log2') 0.0961139169472504
(80, 31, 23, 0.02, 0.5, 'log2') 0.0960432678622261
(30, 20, 11, 0.06, 0.5, 'log2') 0.0959638724244992
(30, 29, 29, 0.04, 0.5, 'log2') 0.09557534633870517
(20, 49, 23, 0.06, 1.0, 'log2') 0.09390403180011363
(50, 9, 14, 0.02, 0.75, 'log2') 0.09155040948884505
(60, 39, 22, 0.02, 0.5, 'log2') 0.09045660805445264
(20, 6, 27, 0.1, 0.75, 'log2') 0.09017279821627648
(20, 34, 18, 0.08, 0.5, 'log2') 0.0890256989550974
(30, 11, 14, 0.04, 0.5, 'log2') 0.08888011283497892
(40, 48, 40, 0.04, 0.5, 'log2') 0.08511945392491473
(10, 5, 33, 0.1, 0.75, 'log2') 0.08498050139275773
(20, 19, 38, 0.06, 0.5, 'log2') 0.08463682432432437
(60, 49, 32, 0.02, 0.5, 'log2') 0.08359308586001701
(80, 39, 24, 0.02, 0.5, 'log2') 0.08341985168282952
(20, 7, 14, 0.06, 0.75, 'log2') 0.08341875528020276
(60, 19, 25, 0.02, 0.5, 'log2') 0.08211092246745905
(20, 31, 30, 0.08, 0.5, 'log2') 0.08181153305203948
(40, 7, 22, 0.02, 1.0, 'log2') 0.08137640449438205
(20, 6, 25, 0.1, 0.75, 'log2') 0.08096127054889944
(50, 44, 13, 0.02, 1.0, 'log2') 0.08070561670900368
(60, 14, 15, 0.02, 0.5, 'log2') 0.07853438556933487
(20, 15, 16, 0.04, 1.0, 'log2') 0.07736960811953764
(10, 16, 24, 0.08, 0.75, 'log2') 0.07721151159541777
(20, 43, 12, 0.06, 0.75, 'log2') 0.07648664013644121
(30, 11, 13, 0.06, 0.75, 'log2') 0.07611768018018024
(20, 50, 28, 0.06, 0.75, 'log2') 0.07595973915508931
(50, 16, 14, 0.02, 0.5, 'log2') 0.07350538854225756
(30, 38, 11, 0.04, 0.75, 'log2') 0.07328302961275628
(60, 47, 19, 0.02, 0.5, 'log2') 0.07309666381522668
(50, 27, 20, 0.02, 0.5, 'log2') 0.07285271754435373
(20, 46, 20, 0.1, 0.5, 'log2') 0.07078984485190412
(20, 28, 12, 0.08, 0.5, 'log2') 0.06954365079365085
(10, 16, 22, 0.1, 0.75, 'log2') 0.067424412094065
(20, 35, 13, 0.08, 0.5, 'log2') 0.06716954429663179
(10, 38, 15, 0.08, 1.0, 'log2') 0.06704539047082043
(50, 36, 27, 0.02, 0.5, 'log2') 0.06643286573146295
(10, 48, 23, 0.1, 1.0, 'log2') 0.06622923120247823
(10, 21, 29, 0.1, 1.0, 'log2') 0.06473166619837041
(20, 16, 19, 0.08, 0.5, 'log2') 0.06333894028595465
(30, 7, 35, 0.04, 1.0, 'log2') 0.06325849003648613
(30, 34, 15, 0.08, 0.5, 'log2') 0.062279909706546406
(10, 36, 36, 0.1, 1.0, 'log2') 0.058299971807161025
(30, 28, 29, 0.04, 0.75, 'log2') 0.057648388920293975
(20, 41, 38, 0.04, 1.0, 'log2') 0.05699207696661011
(10, 14, 10, 0.1, 0.75, 'log2') 0.05687198410445645
(40, 25, None, 0.02, 1.0, 'log2') 0.05513559322033904
(50, 46, 28, 0.02, 0.75, 'log2') 0.053662528216704336
(40, 31, 40, 0.02, 0.75, 'log2') 0.05219608954378014
(40, 43, 16, 0.02, 1.0, 'log2') 0.051802721088435436
(10, 15, 40, 0.1, 0.5, 'log2') 0.051525709468952
(10, 42, 29, 0.08, 1.0, 'log2') 0.05051860202931233
(10, 42, 10, 0.08, 0.75, 'log2') 0.05040238027769909
(50, 50, 25, 0.02, 0.5, 'log2') 0.05032166239681187
(10, 13, 36, 0.08, 0.75, 'log2') 0.050131505316172366
(10, 21, 16, 0.1, 0.5, 'log2') 0.05011784511784516
(40, 44, 29, 0.02, 0.5, 'log2') 0.05011101622544837
(30, 4, None, 0.02, 0.75, 'log2') 0.05003648610721308
(40, 9, 18, 0.02, 0.75, 'log2') 0.04880440927077451
(10, 24, 22, 0.1, 0.5, 'log2') 0.048684654300168655
(10, 4, 27, 0.06, 0.75, 'log2') 0.048382598996095975
(10, 22, 38, 0.06, 1.0, 'log2') 0.04781021897810222
(40, 50, 38, 0.02, 0.75, 'log2') 0.04596828992072483
(20, 38, 23, 0.04, 0.75, 'log2') 0.04570053778658367
(20, 39, 29, 0.04, 0.75, 'log2') 0.045585076314301885
(30, 6, 13, 0.02, 1.0, 'log2') 0.044558782069354375
(30, 4, 33, 0.02, 0.75, 'log2') 0.044201563372417665
(10, 38, 17, 0.1, 0.5, 'log2') 0.04290939786156446
(10, 14, 26, 0.1, 0.5, 'log2') 0.042772968444568564
(10, 40, 29, 0.08, 0.75, 'log2') 0.042084745762711886
(10, 34, 30, 0.06, 1.0, 'log2') 0.042047310616727715
(40, 28, 18, 0.02, 0.5, 'log2') 0.040920383963862265
(30, 24, 33, 0.02, 0.75, 'log2') 0.038557746478873264
(20, 34, 22, 0.04, 0.5, 'log2') 0.03496143958868895
(10, 23, 23, 0.06, 0.75, 'log2') 0.03428531390134531
(30, 16, 27, 0.02, 0.75, 'log2') 0.033734087694483744
(30, 37, 32, 0.02, 1.0, 'log2') 0.02981946403385054
(10, 3, 29, 0.1, 1.0, 'log2') 0.02974750277469477
(10, 38, 32, 0.06, 1.0, 'log2') 0.02774102346621433
(30, 22, 38, 0.02, 1.0, 'log2') 0.02497603608683395
(10, 49, 24, 0.1, 0.5, 'log2') 0.024087549744172803
(30, 5, 17, 0.02, 0.5, 'log2') 0.022552112676056293
(30, 48, 19, 0.02, 0.5, 'log2') 0.022280851063829776
(30, 36, 37, 0.02, 0.5, 'log2') 0.02047632548908423
(20, 50, 10, 0.04, 0.75, 'log2') 0.01927902355946637
(30, 18, 23, 0.02, 0.75, 'log2') 0.01817359344076899
(20, 35, 10, 0.04, 0.5, 'log2') 0.017099518003969392
(10, 21, 28, 0.06, 1.0, 'log2') 0.014814710836608605
(20, 17, 20, 0.02, 1.0, 'log2') 0.01202695115103874
(20, 25, 10, 0.04, 0.5, 'log2') 0.01117296222664015
(20, 27, 33, 0.02, 1.0, 'log2') 0.009265695067264582
(10, 27, 28, 0.08, 0.5, 'log2') 0.008605958403597545
(10, 7, 17, 0.04, 0.75, 'log2') 0.00858096828046745
(30, 49, 11, 0.02, 0.75, 'log2') 0.00843927355278092
(30, 45, 37, 0.02, 1.0, 'log2') 0.007039343334276827
(10, 29, 10, 0.06, 0.5, 'log2') 0.005288788221970536
(10, 35, 40, 0.04, 1.0, 'log2') -0.0008422234699606843
(10, 30, 38, 0.08, 0.5, 'log2') -0.002081805359661647
(10, 30, 35, 0.08, 0.5, 'log2') -0.002081805359661647
(20, 29, 17, 0.02, 0.75, 'log2') -0.0029732770745429585
(20, 28, 34, 0.02, 0.5, 'log2') -0.0061592374544435285
(20, 34, 38, 0.02, 0.75, 'log2') -0.008945301542777041
(20, 28, 27, 0.02, 1.0, 'log2') -0.009190409026798303
(10, 43, 20, 0.04, 0.75, 'log2') -0.015531855178220621
(10, 28, 22, 0.06, 0.5, 'log2') -0.01574780887757992
(10, 15, 31, 0.04, 0.75, 'log2') -0.017406888826659257
(10, 44, 27, 0.06, 0.5, 'log2') -0.01798203760875685
(10, 47, 29, 0.04, 0.75, 'log2') -0.01828892005610114
(20, 11, 10, 0.02, 0.5, 'log2') -0.01892847124824688
(10, 12, 15, 0.04, 1.0, 'log2') -0.019542391914654837
(20, 39, 21, 0.02, 1.0, 'log2') -0.02305842885099258
(20, 35, 33, 0.02, 0.5, 'log2') -0.02432819074333814
(10, 12, 21, 0.04, 0.75, 'log2') -0.026344750140370528
(10, 41, 24, 0.04, 1.0, 'log2') -0.027832678270634594
(20, 33, 20, 0.02, 0.5, 'log2') -0.028034308211473687
(10, 18, 28, 0.02, 1.0, 'log2') -0.038108033240997256
(10, 19, 37, 0.02, 1.0, 'log2') -0.04059767570558948
(10, 6, 17, 0.02, 1.0, 'log2') -0.041620575221239096
(10, 14, 37, 0.02, 0.75, 'log2') -0.04561841375485307
(10, 41, 20, 0.02, 0.5, 'log2') -0.05001380452788521
(10, 27, 29, 0.02, 1.0, 'log2') -0.050171650055371025
(10, 39, 16, 0.02, 0.75, 'log2') -0.05256558961612814
(10, 42, 15, 0.04, 0.5, 'log2') -0.052670789991566026
(10, 45, 39, 0.04, 0.5, 'log2') -0.05273441886580585
(10, 41, 32, 0.02, 1.0, 'log2') -0.052966031483015756
(10, 39, 35, 0.02, 0.5, 'log2') -0.05520000000000008
(10, 15, 15, 0.02, 0.5, 'log2') -0.05551133222775013
(10, 20, 27, 0.02, 0.5, 'log2') -0.0585986206896553
(10, 50, 35, 0.04, 0.5, 'log2') -0.05877109111361089
(10, 16, 40, 0.02, 0.5, 'log2') -0.06358860934476093

Process finished with exit code 0


None:
(70, 31, 30, 0.1, 1.0, 'log2') 0.2359724137931038
(70, 34, 22, 0.08, 0.75, 'log2') 0.2259064327485381
(50, 43, 12, 0.1, 1.0, 'log2') 0.2188127982037609
(70, 19, 14, 0.06, 1.0, 'log2') 0.2144843049327356
(50, 15, 22, 0.1, 1.0, 'log2') 0.21372451790633634
(90, 39, 40, 0.04, 1.0, 'log2') 0.21158174692049284
(90, 24, 35, 0.1, 1.0, 'log2') 0.211433662280702
(60, 15, 10, 0.08, 1.0, 'log2') 0.21138291855203614
(90, 26, 33, 0.06, 1.0, 'log2') 0.21134695004140253
(80, 33, 21, 0.04, 1.0, 'log2') 0.2077943661971832
(80, 8, 10, 0.08, 1.0, 'log2') 0.20689174107142874
(60, 45, 22, 0.1, 1.0, 'log2') 0.204488035614914
(60, 24, 33, 0.08, 1.0, 'log2') 0.20084530386740354
(60, 9, 18, 0.1, 1.0, 'log2') 0.2006311745334799
(90, 22, 18, 0.06, 0.75, 'log2') 0.20047460449625323
(60, 16, 38, 0.08, 0.75, 'log2') 0.20024626452684022
(70, 45, 39, 0.06, 1.0, 'log2') 0.19978175713486301
(90, 37, 18, 0.06, 1.0, 'log2') 0.19957624756063597
(60, 47, 17, 0.06, 1.0, 'log2') 0.19941060903732813
(90, 44, 34, 0.06, 1.0, 'log2') 0.19894912427022532
(70, 46, 25, 0.06, 1.0, 'log2') 0.1982509080748814
(70, 23, 26, 0.1, 1.0, 'log2') 0.19709632900910862
(70, 14, 19, 0.08, 0.75, 'log2') 0.19692604856512164
(80, 31, 34, 0.06, 0.75, 'log2') 0.1966163732886281
(80, 32, 20, 0.08, 1.0, 'log2') 0.19595697122101138
(50, 20, 28, 0.1, 0.75, 'log2') 0.1954752008866723
(40, 14, 36, 0.06, 1.0, 'log2') 0.19543746494671888
(80, 10, 10, 0.1, 1.0, 'log2') 0.19491081382385747
(80, 40, 21, 0.06, 0.75, 'log2') 0.19433670601461503
(50, 50, 17, 0.1, 0.75, 'log2') 0.192838330064444
(70, 27, 32, 0.06, 0.75, 'log2') 0.19189114134962543
(30, 27, 32, 0.1, 1.0, 'log2') 0.1916188353301755
(70, 44, 37, 0.06, 1.0, 'log2') 0.19148199832542592
(80, 24, 37, 0.1, 1.0, 'log2') 0.19117421124828557
(70, 46, 27, 0.06, 0.75, 'log2') 0.1907168758716877
(70, 37, 32, 0.06, 0.5, 'log2') 0.19057562076749435
(90, 34, 35, 0.08, 0.75, 'log2') 0.19004416229643942
(70, 18, 40, 0.1, 1.0, 'log2') 0.18978653530377695
(90, 43, 22, 0.08, 0.75, 'log2') 0.18978025034770532
(40, 31, 26, 0.1, 0.75, 'log2') 0.18910510175634246
(80, 11, 33, 0.06, 0.75, 'log2') 0.1887406587323554
(80, 47, 38, 0.06, 0.5, 'log2') 0.18803154041115183
(60, 15, 33, 0.1, 0.75, 'log2') 0.18772727272727277
(70, 40, 11, 0.08, 1.0, 'log2') 0.18755960729312762
(20, 20, 33, 0.1, 1.0, 'log2') 0.1867761692650334
(40, 42, 39, 0.08, 0.75, 'log2') 0.18642335766423376
(70, 26, 30, 0.1, 1.0, 'log2') 0.18629875518672215
(50, 46, 30, 0.1, 0.75, 'log2') 0.18561925967158374
(70, 6, 16, 0.08, 1.0, 'log2') 0.18473972602739774
(80, 39, 37, 0.04, 1.0, 'log2') 0.18428169014084503
(80, 41, 25, 0.06, 0.75, 'log2') 0.18377790178571432
(90, 19, 37, 0.08, 1.0, 'log2') 0.18356612592796273
(60, 7, 14, 0.1, 1.0, 'log2') 0.18353232462173313
(60, 40, 21, 0.06, 1.0, 'log2') 0.18328828828828844
(50, 40, 22, 0.1, 1.0, 'log2') 0.1829936128853097
(60, 25, 23, 0.1, 0.75, 'log2') 0.18294655220160638
(50, 37, 32, 0.08, 0.75, 'log2') 0.18282044121753704
(70, 11, 12, 0.06, 1.0, 'log2') 0.18273999440246308
(50, 16, 17, 0.06, 1.0, 'log2') 0.1824001117630623
(50, 43, 18, 0.1, 0.75, 'log2') 0.18231199329046707
(70, 29, 40, 0.08, 1.0, 'log2') 0.18223702470163772
(80, 30, 14, 0.04, 0.75, 'log2') 0.182034090909091
(30, 18, 22, 0.08, 1.0, 'log2') 0.18175827257431282
(80, 28, 35, 0.04, 1.0, 'log2') 0.18173778775968555
(80, 12, 25, 0.1, 1.0, 'log2') 0.18170858392564274
(90, 23, 32, 0.04, 0.75, 'log2') 0.1815810055865922
(40, 6, 15, 0.1, 1.0, 'log2') 0.18152777777777818
(60, 32, 40, 0.08, 0.75, 'log2') 0.18074622694242598
(90, 34, None, 0.1, 0.75, 'log2') 0.18038832277609487
(70, 7, 10, 0.08, 1.0, 'log2') 0.17839006696428575
(90, 7, 14, 0.08, 1.0, 'log2') 0.17820110192837482
(40, 19, 14, 0.08, 1.0, 'log2') 0.1780638834407397
(80, 43, 31, 0.08, 0.75, 'log2') 0.1780256911477241
(70, 14, 19, 0.06, 1.0, 'log2') 0.17774086378737544
(80, 15, 23, 0.04, 0.75, 'log2') 0.17758041958041976
(90, 28, 32, 0.1, 1.0, 'log2') 0.17739846322722286
(90, 32, 37, 0.1, 0.75, 'log2') 0.17664833654110557
(80, 50, 21, 0.04, 0.75, 'log2') 0.17634512022630844
(60, 20, 35, 0.06, 1.0, 'log2') 0.17617451523545719
(50, 49, 34, 0.06, 0.75, 'log2') 0.17607264472190692
(30, 49, 40, 0.1, 0.5, 'log2') 0.1754591406908172
(80, 8, 12, 0.08, 1.0, 'log2') 0.17512215435868958
(50, 22, 11, 0.08, 1.0, 'log2') 0.1747995482778093
(90, 45, 10, 0.08, 0.75, 'log2') 0.17469930069930065
(60, 13, 16, 0.06, 0.75, 'log2') 0.1746117318435755
(90, 21, 31, 0.04, 1.0, 'log2') 0.17397774687065357
(50, 50, 35, 0.08, 0.5, 'log2') 0.1735555555555555
(50, 50, 36, 0.08, 0.5, 'log2') 0.1735555555555555
(60, 46, 28, 0.06, 0.5, 'log2') 0.1735156470256556
(70, 10, None, 0.1, 0.75, 'log2') 0.17343271334792165
(80, 26, 10, 0.06, 0.75, 'log2') 0.17308102046537707
(70, 33, 13, 0.04, 0.5, 'log2') 0.1728514626526555
(90, 27, 15, 0.06, 1.0, 'log2') 0.17259743875278383
(60, 45, 22, 0.06, 0.75, 'log2') 0.17249508288845197
(60, 40, 24, 0.08, 0.75, 'log2') 0.17240658114891252
(50, 19, 26, 0.1, 0.75, 'log2') 0.17237648357714624
(60, 24, 20, 0.04, 0.5, 'log2') 0.17213638936049797
(60, 16, None, 0.08, 0.75, 'log2') 0.1720324979344534
(90, 12, 37, 0.04, 1.0, 'log2') 0.1719175428887659
(30, 8, 24, 0.08, 1.0, 'log2') 0.1718803894297636
(80, 15, 21, 0.04, 0.75, 'log2') 0.17163082937726892
(70, 38, 15, 0.1, 0.75, 'log2') 0.17134556574923565
(90, 26, 26, 0.08, 0.5, 'log2') 0.17122078636238655
(80, 25, 12, 0.04, 0.75, 'log2') 0.17121418439716315
(60, 45, 39, 0.06, 0.75, 'log2') 0.17119134588367527
(30, 18, 39, 0.1, 1.0, 'log2') 0.17090984974958254
(80, 37, 16, 0.04, 0.5, 'log2') 0.1706472583380441
(50, 17, 28, 0.06, 0.5, 'log2') 0.17060315670800452
(90, 17, 34, 0.04, 1.0, 'log2') 0.17004158580537845
(50, 20, 11, 0.08, 0.75, 'log2') 0.16989876265466813
(80, 42, 28, 0.04, 1.0, 'log2') 0.16939231204070093
(30, 6, 37, 0.1, 0.75, 'log2') 0.1691825990579109
(70, 36, 32, 0.08, 0.75, 'log2') 0.16898863951233045
(40, 42, 18, 0.1, 0.75, 'log2') 0.1688901345291478
(90, 36, 19, 0.06, 1.0, 'log2') 0.16879007527181472
(60, 13, 34, 0.08, 0.75, 'log2') 0.16860522696011
(90, 25, 15, 0.06, 0.5, 'log2') 0.168460677301987
(80, 12, 15, 0.1, 0.5, 'log2') 0.16828878478919826
(60, 22, 10, 0.1, 1.0, 'log2') 0.16810364145658246
(50, 25, 15, 0.04, 1.0, 'log2') 0.16805492638731598
(90, 13, 33, 0.02, 1.0, 'log2') 0.167011526567332
(30, 20, 30, 0.1, 1.0, 'log2') 0.16694529297417382
(80, 38, 29, 0.08, 0.5, 'log2') 0.16689722222222253
(70, 26, 21, 0.04, 1.0, 'log2') 0.1667348081769812
(80, 21, 36, 0.1, 1.0, 'log2') 0.16646398247055613
(50, 43, 15, 0.08, 0.5, 'log2') 0.1664442567567568
(40, 45, 32, 0.08, 1.0, 'log2') 0.16614417435037707
(40, 44, 14, 0.06, 1.0, 'log2') 0.16610797060486152
(70, 45, 27, 0.08, 0.75, 'log2') 0.1657462269424261
(80, 40, 25, 0.04, 0.75, 'log2') 0.16547383309759542
(40, 35, 29, 0.06, 1.0, 'log2') 0.1652946151677473
(30, 42, 19, 0.08, 0.75, 'log2') 0.16517290249433086
(80, 35, None, 0.06, 0.75, 'log2') 0.16515438108483993
(80, 30, 23, 0.06, 0.5, 'log2') 0.1650111607142857
(60, 8, 18, 0.06, 0.75, 'log2') 0.16476640711902113
(60, 18, 40, 0.08, 0.75, 'log2') 0.16475586206896564
(50, 19, 25, 0.08, 0.75, 'log2') 0.16468032106282862
(90, 41, 23, 0.06, 0.75, 'log2') 0.16456066945606687
(70, 32, 14, 0.08, 0.75, 'log2') 0.16437412489498737
(70, 20, 35, 0.08, 1.0, 'log2') 0.16430027548209358
(80, 44, 30, 0.1, 1.0, 'log2') 0.16368958851146104
(60, 34, 34, 0.08, 1.0, 'log2') 0.1634698996655519
(60, 27, 36, 0.08, 0.5, 'log2') 0.16340845854201447
(90, 17, 28, 0.06, 0.75, 'log2') 0.16320077326705335
(30, 39, 38, 0.1, 0.75, 'log2') 0.1626181102362205
(60, 13, 35, 0.1, 0.75, 'log2') 0.16245609220636661
(50, 44, 14, 0.1, 0.75, 'log2') 0.16222067039106142
(80, 21, 33, 0.04, 0.75, 'log2') 0.16208763605916826
(30, 49, 28, 0.08, 0.5, 'log2') 0.1612810383747177
(60, 17, 29, 0.08, 0.75, 'log2') 0.16085706386508142
(60, 24, 18, 0.06, 0.5, 'log2') 0.16010626398210295
(40, 47, 16, 0.06, 0.75, 'log2') 0.15969636776390456
(30, 6, 38, 0.06, 1.0, 'log2') 0.15958414194621545
(40, 49, 31, 0.1, 0.75, 'log2') 0.1591824776785715
(40, 44, 36, 0.08, 0.75, 'log2') 0.15914815856058484
(90, 11, 23, 0.04, 1.0, 'log2') 0.15912850402442416
(40, 34, 27, 0.08, 0.75, 'log2') 0.15911484593837533
(30, 18, 28, 0.1, 1.0, 'log2') 0.15887652947719677
(50, 15, 34, 0.08, 0.75, 'log2') 0.1587430939226518
(60, 29, 36, 0.08, 0.75, 'log2') 0.15869541029207232
(50, 32, 11, 0.1, 0.75, 'log2') 0.15849241998877026
(30, 33, 30, 0.08, 0.75, 'log2') 0.1584074282498593
(40, 37, 31, 0.06, 0.75, 'log2') 0.15831820760068058
(40, 10, 14, 0.1, 1.0, 'log2') 0.15819922308546058
(80, 26, 29, 0.08, 0.5, 'log2') 0.15818510283490833
(50, 24, 24, 0.1, 0.5, 'log2') 0.15803278688524583
(80, 19, 26, 0.08, 0.5, 'log2') 0.15793027116768113
(70, 32, 36, 0.06, 0.5, 'log2') 0.15756453423120093
(80, 9, 39, 0.08, 0.75, 'log2') 0.15755957271980278
(30, 17, 33, 0.06, 1.0, 'log2') 0.15747052217855131
(70, 7, 33, 0.08, 0.75, 'log2') 0.1573639595296695
(40, 6, 26, 0.06, 1.0, 'log2') 0.15720580033463466
(50, 28, 37, 0.1, 0.5, 'log2') 0.1568542769573696
(60, 35, 30, 0.1, 0.75, 'log2') 0.15590418166712813
(60, 17, 14, 0.06, 0.5, 'log2') 0.15526743209185087
(90, 14, 29, 0.04, 0.5, 'log2') 0.1550842223469961
(60, 49, 29, 0.08, 0.5, 'log2') 0.1545980888139403
(40, 38, 32, 0.1, 1.0, 'log2') 0.15445715880547004
(70, 27, 37, 0.08, 0.75, 'log2') 0.15432537479178246
(30, 45, 25, 0.08, 0.75, 'log2') 0.15405968468468467
(30, 19, 25, 0.08, 0.75, 'log2') 0.15396595032096014
(80, 12, 27, 0.06, 0.75, 'log2') 0.15391675854465267
(70, 42, 12, 0.08, 0.5, 'log2') 0.15386599383235205
(50, 11, 32, 0.04, 0.75, 'log2') 0.1537643436887768
(50, 14, 40, 0.06, 0.75, 'log2') 0.15366880401449684
(60, 25, 28, 0.06, 0.5, 'log2') 0.15344031531531518
(30, 33, 40, 0.06, 1.0, 'log2') 0.1532743611345126
(80, 40, None, 0.1, 0.5, 'log2') 0.15318005540166202
(50, 12, 28, 0.04, 0.75, 'log2') 0.15310973898400207
(70, 17, 10, 0.04, 0.5, 'log2') 0.15304992867332373
(90, 20, 32, 0.02, 1.0, 'log2') 0.15294349170649413
(40, 22, 25, 0.06, 1.0, 'log2') 0.15287114845938382
(20, 23, 23, 0.1, 1.0, 'log2') 0.15257812499999987
(80, 18, 11, 0.08, 0.75, 'log2') 0.1521350823332402
(30, 39, 29, 0.1, 1.0, 'log2') 0.15196089385474854
(90, 11, 24, 0.02, 1.0, 'log2') 0.15191238416175232
(60, 26, 32, 0.04, 0.75, 'log2') 0.15160507757404781
(70, 17, None, 0.08, 0.75, 'log2') 0.15151598676956987
(20, 19, 21, 0.1, 0.75, 'log2') 0.15136708860759493
(90, 40, 17, 0.04, 0.75, 'log2') 0.15121195039458854
(50, 37, 22, 0.08, 0.75, 'log2') 0.15114125874125864
(50, 7, 38, 0.08, 0.75, 'log2') 0.15091083676268852
(60, 9, 24, 0.08, 0.75, 'log2') 0.15053024026512016
(50, 6, 18, 0.06, 0.5, 'log2') 0.1501391594767602
(90, 15, 25, 0.08, 0.5, 'log2') 0.14967777471770882
(80, 33, 33, 0.06, 0.5, 'log2') 0.14965382467895016
(80, 22, 13, 0.1, 0.5, 'log2') 0.14940393678957598
(60, 25, 37, 0.1, 0.75, 'log2') 0.14905461602439712
(80, 33, 19, 0.1, 0.5, 'log2') 0.14881163434903036
(80, 4, 20, 0.06, 0.75, 'log2') 0.14852472527472516
(90, 23, 15, 0.1, 0.75, 'log2') 0.1483637368711996
(50, 3, 40, 0.04, 1.0, 'log2') 0.14829551743220798
(40, 8, 28, 0.1, 1.0, 'log2') 0.1479543579873522
(80, 41, 32, 0.06, 0.5, 'log2') 0.14774120956399436
(50, 21, 34, 0.04, 1.0, 'log2') 0.1474471682163988
(50, 34, 40, 0.08, 0.5, 'log2') 0.14720393811533045
(50, 39, 21, 0.04, 1.0, 'log2') 0.14704718847131945
(70, 16, 20, 0.08, 0.75, 'log2') 0.14683540802213005
(80, 24, 22, 0.1, 0.75, 'log2') 0.1459647188533626
(80, 11, None, 0.08, 0.5, 'log2') 0.14582093663911835
(30, 14, 33, 0.08, 0.75, 'log2') 0.1454979079497909
(80, 44, 35, 0.06, 0.5, 'log2') 0.14544895104895092
(70, 22, 33, 0.1, 0.75, 'log2') 0.1454002192982455
(90, 48, 14, 0.02, 1.0, 'log2') 0.14426541631145198
(40, 33, 18, 0.06, 1.0, 'log2') 0.14416525662718538
(80, 15, 37, 0.06, 0.5, 'log2') 0.14358328721638072
(30, 40, 33, 0.08, 0.5, 'log2') 0.14285029602480964
(90, 47, 12, 0.08, 0.5, 'log2') 0.14261791794585546
(80, 44, 39, 0.1, 0.5, 'log2') 0.14258414464534083
(90, 45, 40, 0.02, 1.0, 'log2') 0.1422523285351396
(20, 49, 34, 0.08, 1.0, 'log2') 0.14202975856260522
(30, 4, 40, 0.08, 0.5, 'log2') 0.14199165507649497
(60, 37, 16, 0.04, 1.0, 'log2') 0.1417950169875425
(40, 40, 11, 0.06, 0.75, 'log2') 0.14158775163028067
(90, 31, 37, 0.08, 0.5, 'log2') 0.14146138942706873
(90, 27, None, 0.02, 0.75, 'log2') 0.1414040033831407
(80, 38, 36, 0.02, 0.75, 'log2') 0.14113475177304954
(40, 10, 23, 0.1, 0.75, 'log2') 0.14112894299944642
(40, 27, 32, 0.06, 0.5, 'log2') 0.1408300506471581
(70, 6, 35, 0.06, 1.0, 'log2') 0.14047136201699076
(50, 22, 27, 0.08, 0.5, 'log2') 0.14029829941455255
(40, 6, 27, 0.08, 1.0, 'log2') 0.14015405777166423
(60, 48, 15, 0.04, 0.75, 'log2') 0.14005367231638413
(50, 35, 19, 0.06, 0.75, 'log2') 0.13907584269662926
(50, 41, 36, 0.04, 0.5, 'log2') 0.139046136427965
(30, 34, 21, 0.08, 0.5, 'log2') 0.13822103185790793
(40, 39, 35, 0.1, 0.5, 'log2') 0.13818999437886434
(70, 26, 16, 0.06, 0.5, 'log2') 0.13793788472299928
(60, 27, 29, 0.06, 0.5, 'log2') 0.13790005614823134
(80, 45, 34, 0.08, 0.5, 'log2') 0.13774094707520879
(70, 5, 33, 0.08, 1.0, 'log2') 0.13759213759213745
(30, 26, 33, 0.08, 0.75, 'log2') 0.13727247032221587
(80, 7, 10, 0.04, 0.5, 'log2') 0.1368602334187304
(60, 8, 10, 0.04, 0.75, 'log2') 0.13684374999999993
(70, 11, 15, 0.1, 0.5, 'log2') 0.13672737306843252
(90, 42, 29, 0.02, 1.0, 'log2') 0.13672516275120297
(50, 11, 17, 0.06, 0.5, 'log2') 0.13644581695676578
(50, 24, 17, 0.08, 0.75, 'log2') 0.13638702460850102
(30, 13, 32, 0.06, 0.75, 'log2') 0.1363185890257558
(40, 14, 12, 0.06, 0.75, 'log2') 0.13605426794799325
(90, 40, None, 0.02, 1.0, 'log2') 0.13580028129395225
(90, 32, 13, 0.02, 0.75, 'log2') 0.13576933975630484
(90, 6, 30, 0.08, 1.0, 'log2') 0.13576807639836275
(70, 46, 10, 0.04, 0.5, 'log2') 0.13573789173789175
(50, 44, 38, 0.08, 0.5, 'log2') 0.13546625595071407
(90, 4, 31, 0.06, 0.75, 'log2') 0.13536885245901645
(50, 10, 30, 0.08, 0.5, 'log2') 0.1351093274287295
(30, 10, 33, 0.08, 0.75, 'log2') 0.13443575418994408
(80, 50, 35, 0.1, 0.75, 'log2') 0.13388827433628323
(30, 43, 36, 0.06, 0.75, 'log2') 0.13373163841807906
(80, 16, 39, 0.02, 1.0, 'log2') 0.1334085778781039
(20, 26, 20, 0.08, 1.0, 'log2') 0.1333417721518986
(90, 10, 24, 0.02, 1.0, 'log2') 0.13294695481335955
(40, 29, 22, 0.08, 0.75, 'log2') 0.13268940452893474
(30, 38, 17, 0.08, 0.5, 'log2') 0.13208921513269345
(50, 31, 15, 0.06, 0.5, 'log2') 0.13178561354019744
(30, 49, 22, 0.1, 0.5, 'log2') 0.13166666666666654
(30, 45, 35, 0.08, 0.5, 'log2') 0.13131009277481018
(50, 6, 37, 0.1, 0.5, 'log2') 0.1309467618002194
(20, 29, 24, 0.1, 0.5, 'log2') 0.1307778399552323
(60, 11, 16, 0.08, 0.5, 'log2') 0.13046775532798216
(40, 9, 27, 0.08, 1.0, 'log2') 0.12995588640749928
(50, 8, 27, 0.04, 0.75, 'log2') 0.12985178970917224
(70, 3, 17, 0.1, 0.75, 'log2') 0.12983333333333333
(20, 40, 19, 0.1, 1.0, 'log2') 0.1295749504108811
(80, 27, 37, 0.1, 0.5, 'log2') 0.12939645625692137
(90, 4, 30, 0.08, 0.75, 'log2') 0.1292757584039355
(60, 5, 38, 0.1, 1.0, 'log2') 0.12878308321964524
(60, 36, 26, 0.06, 0.5, 'log2') 0.12873595505617985
(30, 13, 27, 0.06, 1.0, 'log2') 0.1273215785054576
(40, 47, 24, 0.04, 1.0, 'log2') 0.12687853107344646
(70, 3, 38, 0.08, 1.0, 'log2') 0.12665939460049072
(30, 17, 31, 0.06, 0.75, 'log2') 0.126380659586361
(20, 8, 12, 0.1, 0.75, 'log2') 0.12593450028232633
(90, 24, 19, 0.02, 1.0, 'log2') 0.12564479638009052
(80, 24, 20, 0.02, 1.0, 'log2') 0.12550197405527358
(30, 46, 12, 0.1, 0.5, 'log2') 0.12548478015783524
(60, 11, 21, 0.04, 0.5, 'log2') 0.12548152295632703
(90, 3, 15, 0.08, 0.5, 'log2') 0.1248285322359395
(70, 37, 33, 0.02, 1.0, 'log2') 0.12480931015143015
(90, 18, 36, 0.08, 0.5, 'log2') 0.1246574585635359
(50, 46, 40, 0.04, 0.75, 'log2') 0.12437995469988683
(50, 46, None, 0.04, 0.75, 'log2') 0.12437995469988683
(20, 40, 15, 0.1, 1.0, 'log2') 0.12342268623024831
(90, 39, 24, 0.08, 0.5, 'log2') 0.12239009460211454
(60, 18, 13, 0.08, 0.5, 'log2') 0.12222999440402915
(40, 38, 12, 0.06, 0.75, 'log2') 0.12221186440677966
(70, 23, 31, 0.06, 0.5, 'log2') 0.12203408773400383
(20, 19, 31, 0.08, 1.0, 'log2') 0.12172307692307698
(90, 3, 16, 0.02, 1.0, 'log2') 0.12117086834733896
(60, 18, 31, 0.04, 0.5, 'log2') 0.12040406894602994
(70, 14, 34, 0.02, 1.0, 'log2') 0.1200757575757577
(60, 48, 26, 0.1, 0.5, 'log2') 0.12005580357142855
(60, 4, 24, 0.06, 1.0, 'log2') 0.11988995873452529
(70, 40, 34, 0.1, 0.5, 'log2') 0.11988604780433569
(70, 3, 27, 0.1, 1.0, 'log2') 0.11960207140910328
(30, 20, 36, 0.1, 0.5, 'log2') 0.11927697441601769
(20, 21, 15, 0.1, 0.75, 'log2') 0.1190269209197982
(90, 32, 27, 0.02, 0.75, 'log2') 0.1188438818565402
(20, 30, 33, 0.06, 0.75, 'log2') 0.11822585187271194
(30, 3, 12, 0.08, 1.0, 'log2') 0.11791023842917263
(40, 37, 10, 0.06, 0.75, 'log2') 0.1173908111174135
(30, 7, 19, 0.04, 1.0, 'log2') 0.1166928471248246
(20, 23, 19, 0.08, 0.5, 'log2') 0.11570541760722343
(30, 38, 37, 0.04, 1.0, 'log2') 0.11494483734087696
(70, 14, None, 0.02, 0.5, 'log2') 0.11493945367502119
(80, 50, 38, 0.02, 1.0, 'log2') 0.11455293783707077
(30, 19, 33, 0.06, 0.5, 'log2') 0.113933502395041
(80, 27, 13, 0.02, 0.75, 'log2') 0.11358474576271206
(80, 33, 28, 0.02, 0.75, 'log2') 0.11286889897843375
(80, 7, 21, 0.02, 0.5, 'log2') 0.11231834888323444
(20, 28, 36, 0.1, 0.75, 'log2') 0.11171115481876935
(40, 6, 36, 0.04, 0.75, 'log2') 0.11099832214765094
(20, 36, 23, 0.1, 0.5, 'log2') 0.11081073446327692
(90, 32, 27, 0.02, 0.5, 'log2') 0.11048483130138939
(20, 7, 10, 0.1, 1.0, 'log2') 0.10990076552310743
(40, 8, 17, 0.06, 0.5, 'log2') 0.10957589285714298
(80, 46, 11, 0.02, 0.75, 'log2') 0.10942840973401251
(70, 12, 37, 0.02, 0.75, 'log2') 0.10917346078155758
(60, 9, 11, 0.02, 0.75, 'log2') 0.10901704545454557
(60, 8, 39, 0.02, 0.75, 'log2') 0.10792447552447558
(30, 32, 19, 0.04, 0.5, 'log2') 0.10752329850324774
(60, 22, 40, 0.08, 0.5, 'log2') 0.1071305555555555
(20, 33, 26, 0.08, 0.75, 'log2') 0.10673206278026907
(90, 24, 13, 0.02, 0.5, 'log2') 0.10634429948950665
(90, 40, 15, 0.02, 0.5, 'log2') 0.1059272829763248
(90, 50, 24, 0.02, 0.5, 'log2') 0.10563316297558215
(30, 18, 11, 0.08, 0.5, 'log2') 0.10540395480225992
(20, 42, 20, 0.1, 0.75, 'log2') 0.10481304470059054
(50, 16, 37, 0.02, 1.0, 'log2') 0.10441748942172084
(30, 17, 33, 0.04, 1.0, 'log2') 0.10229623383923568
(40, 17, 21, 0.04, 1.0, 'log2') 0.10210600507471114
(60, 30, 33, 0.1, 0.5, 'log2') 0.10146117450598371
(30, 19, 14, 0.04, 1.0, 'log2') 0.09996048546429584
(30, 9, 24, 0.04, 1.0, 'log2') 0.09992434855701876
(80, 44, 39, 0.02, 1.0, 'log2') 0.09985015549901059
(60, 15, 38, 0.02, 0.75, 'log2') 0.09949051797339381
(70, 43, 21, 0.02, 0.5, 'log2') 0.0993155353592729
(30, 18, 23, 0.04, 1.0, 'log2') 0.09812886888013515
(30, 4, 21, 0.06, 0.75, 'log2') 0.09775948660714295
(70, 19, 39, 0.02, 0.5, 'log2') 0.09759049773755665
(70, 4, 37, 0.02, 0.75, 'log2') 0.09638345444382342
(30, 21, 12, 0.06, 0.75, 'log2') 0.09637599093997745
(20, 44, 34, 0.08, 1.0, 'log2') 0.09531276297335212
(20, 5, 11, 0.06, 0.5, 'log2') 0.09454006772009031
(90, 41, 38, 0.02, 0.5, 'log2') 0.09440421892816427
(40, 46, 34, 0.04, 0.5, 'log2') 0.09429300085009913
(30, 44, 39, 0.06, 0.75, 'log2') 0.09307975113122184
(70, 22, 12, 0.02, 0.5, 'log2') 0.0929742719819056
(30, 4, 16, 0.04, 0.5, 'log2') 0.09048314606741575
(20, 6, 10, 0.06, 1.0, 'log2') 0.0902517680339463
(50, 20, 35, 0.02, 1.0, 'log2') 0.09000562271577174
(10, 38, 37, 0.1, 0.75, 'log2') 0.08808361391694723
(20, 20, 32, 0.08, 0.5, 'log2') 0.08731221973094169
(50, 25, 39, 0.02, 0.75, 'log2') 0.08657014337925219
(30, 9, 39, 0.06, 0.5, 'log2') 0.08613764044943828
(10, 25, 24, 0.08, 1.0, 'log2') 0.08448922474111394
(60, 3, 36, 0.1, 0.5, 'log2') 0.08366520787746175
(30, 39, 32, 0.04, 0.5, 'log2') 0.0830273933916973
(20, 43, 32, 0.06, 0.75, 'log2') 0.0828438030560272
(10, 6, 33, 0.1, 1.0, 'log2') 0.0827977839335181
(60, 26, None, 0.02, 0.5, 'log2') 0.08245920090039395
(30, 5, 10, 0.04, 0.5, 'log2') 0.08180575334662499
(10, 20, 28, 0.1, 0.75, 'log2') 0.08032979318054782
(50, 4, 24, 0.02, 0.75, 'log2') 0.0803279147982063
(50, 11, 25, 0.02, 1.0, 'log2') 0.08029750210496779
(10, 26, 39, 0.1, 1.0, 'log2') 0.07968213783403659
(50, 42, 17, 0.02, 1.0, 'log2') 0.07923642533936652
(50, 6, None, 0.02, 1.0, 'log2') 0.07712576516416249
(50, 23, 28, 0.02, 0.75, 'log2') 0.07374295377677567
(10, 9, 14, 0.1, 0.75, 'log2') 0.07276888514462233
(40, 9, 27, 0.02, 0.75, 'log2') 0.07224581005586594
(50, 27, 25, 0.02, 0.75, 'log2') 0.07183309759547386
(70, 39, 12, 0.02, 0.5, 'log2') 0.07125707814269538
(30, 24, 31, 0.04, 0.5, 'log2') 0.07038702333523056
(30, 25, 18, 0.06, 0.5, 'log2') 0.06855972889014418
(10, 16, 37, 0.1, 1.0, 'log2') 0.06788752098489088
(50, 5, 27, 0.02, 1.0, 'log2') 0.06748249789974799
(30, 45, 37, 0.04, 0.5, 'log2') 0.06589452792741711
(60, 46, 35, 0.02, 0.5, 'log2') 0.06569892473118283
(60, 28, 36, 0.02, 0.5, 'log2') 0.06554588829637949
(30, 43, 11, 0.04, 0.5, 'log2') 0.06534732066912394
(70, 46, 11, 0.02, 0.5, 'log2') 0.06436173223889051
(20, 31, 28, 0.08, 0.5, 'log2') 0.0637151702786378
(50, 28, 18, 0.02, 0.75, 'log2') 0.06358356940509917
(10, 36, 19, 0.1, 1.0, 'log2') 0.06343258426966294
(20, 48, 36, 0.04, 1.0, 'log2') 0.06239830508474579
(10, 7, 36, 0.1, 0.75, 'log2') 0.06034674063800284
(10, 25, 32, 0.08, 0.75, 'log2') 0.05961538461538465
(20, 35, 27, 0.06, 0.5, 'log2') 0.05945104697226939
(50, 40, 35, 0.02, 1.0, 'log2') 0.05812324141812047
(20, 13, 16, 0.04, 0.5, 'log2') 0.05531980839673151
(40, 4, 16, 0.02, 1.0, 'log2') 0.05320404721753798
(10, 10, 13, 0.08, 1.0, 'log2') 0.052465560865898264
(50, 36, 23, 0.02, 0.75, 'log2') 0.050608622147083705
(30, 50, 22, 0.04, 0.5, 'log2') 0.05039466212379336
(20, 44, 17, 0.06, 0.75, 'log2') 0.049679144385026776
(20, 35, None, 0.04, 0.75, 'log2') 0.047724449463579954
(10, 9, 22, 0.1, 0.5, 'log2') 0.0468638888888889
(50, 36, 25, 0.02, 0.5, 'log2') 0.0457833380722207
(10, 12, 15, 0.06, 1.0, 'log2') 0.045774093846586164
(40, 6, 30, 0.02, 0.75, 'log2') 0.04392746696654492
(10, 46, 26, 0.1, 0.75, 'log2') 0.043488372093023295
(20, 4, 33, 0.04, 0.5, 'log2') 0.04329799107142857
(50, 48, 19, 0.02, 0.5, 'log2') 0.0416358463726885
(20, 12, 21, 0.06, 0.5, 'log2') 0.04123038116591932
(40, 14, 20, 0.02, 0.75, 'log2') 0.04093961625282171
(50, 24, 25, 0.02, 0.5, 'log2') 0.04062059238363898
(10, 9, 35, 0.06, 1.0, 'log2') 0.03966564502646979
(20, 50, 38, 0.06, 0.5, 'log2') 0.039334660221779935
(20, 27, 32, 0.04, 0.75, 'log2') 0.03782203389830514
(20, 27, 26, 0.04, 0.5, 'log2') 0.0377093872962339
(20, 39, 10, 0.04, 0.75, 'log2') 0.037609742282639545
(30, 48, 12, 0.04, 0.5, 'log2') 0.0365486976217441
(40, 26, 24, 0.02, 0.5, 'log2') 0.0359295774647888
(10, 36, 15, 0.08, 0.75, 'log2') 0.03468794125953123
(20, 8, 37, 0.04, 0.5, 'log2') 0.03461366806136682
(10, 28, 11, 0.08, 1.0, 'log2') 0.03350395927601809
(10, 48, 34, 0.1, 0.5, 'log2') 0.0331833520809899
(20, 7, 39, 0.04, 0.5, 'log2') 0.03221137757947575
(10, 7, 34, 0.08, 0.5, 'log2') 0.030907308877065262
(20, 43, 26, 0.04, 0.5, 'log2') 0.030774248440158858
(40, 22, 24, 0.02, 0.75, 'log2') 0.029349112426035523
(10, 5, 10, 0.08, 0.75, 'log2') 0.02925662204500139
(10, 47, 31, 0.08, 0.75, 'log2') 0.02767676767676774
(30, 9, 20, 0.02, 1.0, 'log2') 0.025095774647887384
(10, 3, 15, 0.1, 0.75, 'log2') 0.024288901282766336
(20, 22, None, 0.04, 0.75, 'log2') 0.023969101123595554
(10, 21, 13, 0.06, 1.0, 'log2') 0.02388984018264842
(40, 16, 17, 0.02, 0.5, 'log2') 0.023169907016060854
(10, 14, 36, 0.06, 0.5, 'log2') 0.020665920537213285
(10, 5, 37, 0.06, 0.75, 'log2') 0.019958147321428612
(30, 26, 38, 0.02, 1.0, 'log2') 0.01894573205200684
(10, 18, 32, 0.08, 0.75, 'log2') 0.016905500705218367
(30, 46, 19, 0.02, 1.0, 'log2') 0.016648679352456737
(10, 38, 38, 0.08, 0.75, 'log2') 0.016630681818181815
(30, 24, 17, 0.02, 1.0, 'log2') 0.01651300904977383
(10, 29, 28, 0.08, 1.0, 'log2') 0.015762426284751507
(40, 39, 10, 0.02, 0.75, 'log2') 0.015478087649402427
(30, 3, 27, 0.02, 0.5, 'log2') 0.011703682878830451
(20, 38, 40, 0.04, 0.75, 'log2') 0.011124611472167326
(30, 15, 24, 0.02, 1.0, 'log2') 0.011019431146156005
(10, 50, 17, 0.06, 0.75, 'log2') 0.008322928490351864
(40, 27, 10, 0.02, 0.5, 'log2') 0.008218554354012553
(30, 41, 18, 0.02, 0.75, 'log2') 0.007345783814374661
(10, 5, 23, 0.06, 0.75, 'log2') 0.0051521071727602405
(10, 11, 30, 0.06, 0.5, 'log2') 0.002921222315671449
(20, 44, 15, 0.04, 0.5, 'log2') 0.0006216139150271628
(30, 46, 18, 0.02, 0.5, 'log2') -0.002083689154568866
(10, 11, 37, 0.06, 0.5, 'log2') -0.002853945159485109
(30, 25, 17, 0.02, 0.5, 'log2') -0.0075704622322436375
(30, 32, 22, 0.02, 0.75, 'log2') -0.014200396263798478
(10, 32, 22, 0.06, 0.5, 'log2') -0.018817204301075446
(10, 10, 15, 0.04, 1.0, 'log2') -0.035318373071528915
(10, 17, 30, 0.04, 0.5, 'log2') -0.04031692133559723
(10, 38, 18, 0.04, 1.0, 'log2') -0.042335414301929865
(10, 32, 22, 0.04, 0.75, 'log2') -0.044236189402480426
(10, 12, 27, 0.04, 0.5, 'log2') -0.04495057893250504
(20, 21, 30, 0.02, 0.75, 'log2') -0.04778125000000022
(20, 22, 15, 0.02, 0.5, 'log2') -0.05190625000000018
(20, 32, 39, 0.02, 0.5, 'log2') -0.05576758758188571
(20, 49, 19, 0.02, 0.5, 'log2') -0.06389047347404467
(10, 12, 28, 0.02, 0.75, 'log2') -0.0737517590768366
(10, 6, 22, 0.02, 0.75, 'log2') -0.07434721440630285
(10, 12, 23, 0.02, 1.0, 'log2') -0.07646075375460482
(10, 50, 10, 0.04, 0.75, 'log2') -0.07684692417739637
(10, 6, 29, 0.02, 0.75, 'log2') -0.07768756998880194
(10, 41, 13, 0.04, 0.5, 'log2') -0.07992875463094914
(10, 9, None, 0.02, 0.5, 'log2') -0.08274084507042259
(10, 18, 24, 0.02, 0.5, 'log2') -0.08732561423326755
(10, 20, 15, 0.02, 0.5, 'log2') -0.08831635540464075
(10, 27, 32, 0.02, 1.0, 'log2') -0.09030977189524089
(10, 28, 29, 0.02, 0.75, 'log2') -0.09073782033230089
(10, 34, 10, 0.02, 0.75, 'log2') -0.09364662715213103
(10, 21, 24, 0.02, 1.0, 'log2') -0.09587153367289207
(10, 15, 23, 0.02, 0.5, 'log2') -0.09658853431234124
(10, 14, 13, 0.02, 0.75, 'log2') -0.09737732656514392
(10, 46, 16, 0.02, 1.0, 'log2') -0.09781541066892462
(10, 29, 15, 0.02, 0.5, 'log2') -0.1051342187058491
(10, 29, 13, 0.02, 0.5, 'log2') -0.10754455445544558

tree:

(90, 40, 33, 0.1, 1.0, 'log2') 0.19381316580169392
(60, 31, 20, 0.08, 1.0, 'log2') 0.1902523313219968
(90, 27, 11, 0.1, 1.0, 'log2') 0.18471879286694118
(60, 32, 10, 0.06, 1.0, 'log2') 0.18310458413395567
(40, 38, 40, 0.06, 1.0, 'log2') 0.1827519912112059
(60, 43, 10, 0.08, 1.0, 'log2') 0.18029977997799798
(90, 21, 36, 0.1, 1.0, 'log2') 0.17845943731221017
(80, 24, 35, 0.06, 1.0, 'log2') 0.1756306429548565
(80, 49, 13, 0.06, 1.0, 'log2') 0.1756050605060507
(80, 16, 21, 0.06, 1.0, 'log2') 0.17552516411378571
(60, 7, 22, 0.1, 0.75, 'log2') 0.1745829915231068
(30, 41, 11, 0.1, 1.0, 'log2') 0.17450068775790933
(70, 14, 17, 0.1, 1.0, 'log2') 0.1738209606986901
(70, 39, 23, 0.06, 1.0, 'log2') 0.17349054017000295
(40, 34, 14, 0.1, 1.0, 'log2') 0.17347611202635932
(70, 19, 34, 0.08, 1.0, 'log2') 0.17341263330598872
(70, 35, 19, 0.1, 1.0, 'log2') 0.17272826681246614
(80, 19, 35, 0.08, 1.0, 'log2') 0.17227868852459047
(50, 33, 10, 0.04, 0.5, 'log2') 0.17128473177441564
(60, 37, 31, 0.1, 0.75, 'log2') 0.1710120350109412
(50, 37, 27, 0.06, 1.0, 'log2') 0.17098410087719318
(50, 49, 34, 0.1, 0.5, 'log2') 0.17080087767416366
(80, 36, 29, 0.08, 0.75, 'log2') 0.17047332421340658
(60, 32, 36, 0.1, 1.0, 'log2') 0.17039049699617728
(80, 34, 21, 0.1, 1.0, 'log2') 0.17027027027027056
(60, 42, 34, 0.08, 1.0, 'log2') 0.17012845039628338
(90, 32, 32, 0.02, 1.0, 'log2') 0.1691652892561986
(60, 40, 35, 0.1, 1.0, 'log2') 0.16891530054644832
(30, 41, 31, 0.06, 0.75, 'log2') 0.16877579092159575
(60, 16, 20, 0.1, 1.0, 'log2') 0.16808755129959
(40, 6, 13, 0.08, 0.75, 'log2') 0.16790282734010462
(80, 44, 39, 0.04, 1.0, 'log2') 0.16788635739774926
(20, 41, 40, 0.1, 0.75, 'log2') 0.1676595159515955
(70, 49, 11, 0.08, 0.5, 'log2') 0.16754732510288076
(50, 10, 18, 0.1, 1.0, 'log2') 0.1674323215750618
(60, 13, 22, 0.04, 1.0, 'log2') 0.16734705075445835
(60, 8, 15, 0.04, 1.0, 'log2') 0.1672535017852241
(50, 15, 36, 0.06, 0.75, 'log2') 0.1669890410958907
(90, 49, 23, 0.1, 0.5, 'log2') 0.1669871268145718
(60, 23, 24, 0.04, 1.0, 'log2') 0.16673351648351684
(40, 31, 16, 0.06, 1.0, 'log2') 0.16653772290809352
(40, 40, 33, 0.1, 1.0, 'log2') 0.16650054764512628
(60, 29, 17, 0.04, 0.75, 'log2') 0.16648752399232272
(60, 35, 12, 0.1, 0.75, 'log2') 0.16588718510405281
(80, 24, 28, 0.1, 1.0, 'log2') 0.1658226466575719
(20, 40, 11, 0.06, 1.0, 'log2') 0.16576224545954876
(80, 34, 31, 0.08, 0.75, 'log2') 0.16533497402242303
(90, 48, 27, 0.08, 1.0, 'log2') 0.1651666666666669
(70, 5, 29, 0.08, 0.75, 'log2') 0.16507519824993191
(50, 26, 36, 0.08, 1.0, 'log2') 0.16479178082191803
(50, 25, 22, 0.04, 0.75, 'log2') 0.16473452544704295
(20, 33, 28, 0.08, 1.0, 'log2') 0.16451798956330693
(70, 10, 35, 0.06, 1.0, 'log2') 0.16450095706863566
(90, 23, 34, 0.02, 0.75, 'log2') 0.1641552008805726
(50, 44, 34, 0.1, 1.0, 'log2') 0.16399560922063697
(20, 5, 35, 0.04, 0.5, 'log2') 0.16311830908591832
(90, 23, 22, 0.08, 0.75, 'log2') 0.1630428844577987
(30, 44, 36, 0.08, 0.5, 'log2') 0.16299752950864693
(50, 15, 18, 0.02, 0.5, 'log2') 0.1628107810781079
(40, 44, 31, 0.08, 1.0, 'log2') 0.16277091906721558
(30, 46, 35, 0.1, 1.0, 'log2') 0.16273848684210537
(80, 42, 21, 0.08, 0.5, 'log2') 0.16273473857103762
(40, 48, 24, 0.06, 1.0, 'log2') 0.16272002200220032
(70, 16, 39, 0.08, 1.0, 'log2') 0.1626113083856873
(20, 50, 32, 0.08, 0.5, 'log2') 0.1626002196595278
(30, 7, 15, 0.04, 0.75, 'log2') 0.16252267106347906
(30, 22, 10, 0.1, 1.0, 'log2') 0.1623017832647465
(50, 45, 20, 0.02, 0.75, 'log2') 0.1619311294765841
(90, 38, 39, 0.04, 1.0, 'log2') 0.16183063853110477
(70, 46, 24, 0.1, 0.75, 'log2') 0.1618288682340079
(60, 13, 26, 0.1, 1.0, 'log2') 0.16169171904892063
(20, 3, 30, 0.06, 0.75, 'log2') 0.1615651694681734
(70, 4, None, 0.04, 0.75, 'log2') 0.16147478070175464
(80, 38, 34, 0.08, 1.0, 'log2') 0.1614051841746251
(50, 15, 38, 0.06, 1.0, 'log2') 0.16134499726626583
(30, 49, 31, 0.04, 1.0, 'log2') 0.1612462256382103
(50, 6, 21, 0.1, 1.0, 'log2') 0.16111202185792375
(40, 5, 19, 0.08, 1.0, 'log2') 0.1610992616899099
(10, 38, 26, 0.1, 1.0, 'log2') 0.1610491623180447
(80, 14, 15, 0.06, 0.75, 'log2') 0.16098819654131227
(40, 30, 18, 0.04, 0.75, 'log2') 0.16091508656224263
(80, 30, 12, 0.06, 0.5, 'log2') 0.16091083676268883
(70, 38, 30, 0.08, 1.0, 'log2') 0.16080918534718464
(30, 12, 14, 0.1, 0.5, 'log2') 0.1606752676365636
(90, 20, 17, 0.06, 0.5, 'log2') 0.1603419037199126
(90, 43, 35, 0.1, 0.75, 'log2') 0.15992622950819704
(80, 17, 10, 0.06, 0.75, 'log2') 0.15985741705511392
(60, 5, 19, 0.02, 1.0, 'log2') 0.15985160758450148
(90, 40, 20, 0.06, 0.75, 'log2') 0.15979983548121773
(50, 13, 18, 0.04, 1.0, 'log2') 0.1595984598459848
(90, 33, 31, 0.04, 1.0, 'log2') 0.15932473236343697
(20, 24, 34, 0.1, 0.75, 'log2') 0.15927710843373527
(50, 41, 18, 0.04, 1.0, 'log2') 0.1590921595598352
(70, 30, 16, 0.02, 1.0, 'log2') 0.15900027540622433
(20, 23, 27, 0.04, 1.0, 'log2') 0.15886444872147384
(20, 19, 20, 0.04, 1.0, 'log2') 0.1588327382587203
(50, 35, 26, 0.04, 1.0, 'log2') 0.15870914583905543
(80, 25, 11, 0.1, 1.0, 'log2') 0.15860974274767406
(40, 34, 39, 0.06, 1.0, 'log2') 0.15859104641582003
(50, 28, 37, 0.06, 0.5, 'log2') 0.1585529573590097
(10, 42, 12, 0.02, 1.0, 'log2') 0.15847397260273988
(70, 10, 15, 0.06, 0.75, 'log2') 0.1582151656173012
(40, 48, 32, 0.1, 1.0, 'log2') 0.1581461137050263
(50, 19, 10, 0.06, 0.75, 'log2') 0.15810192837465584
(50, 40, 20, 0.02, 0.75, 'log2') 0.1579140259024526
(60, 19, 11, 0.04, 1.0, 'log2') 0.1577248968363139
(10, 26, 23, 0.02, 0.75, 'log2') 0.1577024070021884
(90, 34, 26, 0.1, 0.5, 'log2') 0.15762216762216805
(90, 48, 34, 0.08, 0.5, 'log2') 0.15757318741450088
(30, 24, 28, 0.06, 0.5, 'log2') 0.15756801319043723
(60, 43, 38, 0.06, 0.5, 'log2') 0.1572318244170097
(20, 44, 27, 0.04, 1.0, 'log2') 0.1571314850398025
(50, 29, 29, 0.06, 0.5, 'log2') 0.15706011528959665
(90, 41, 25, 0.04, 0.75, 'log2') 0.1570112421168086
(70, 36, 29, 0.02, 1.0, 'log2') 0.15698128783709434
(60, 11, 12, 0.1, 0.75, 'log2') 0.15696820175438603
(40, 13, 30, 0.08, 0.75, 'log2') 0.15695021881838092
(20, 47, 20, 0.02, 0.75, 'log2') 0.15694062671797707
(60, 28, 10, 0.02, 1.0, 'log2') 0.1568553285477638
(30, 41, 26, 0.06, 1.0, 'log2') 0.15679120879120895
(50, 22, 12, 0.06, 0.5, 'log2') 0.15675913210656428
(70, 40, 28, 0.02, 0.5, 'log2') 0.15672466169566432
(50, 47, 40, 0.02, 1.0, 'log2') 0.15666666666666684
(30, 35, 17, 0.04, 1.0, 'log2') 0.15665198237885486
(90, 20, 23, 0.1, 1.0, 'log2') 0.15658016935263636
(90, 12, 35, 0.04, 1.0, 'log2') 0.15654415798134966
(20, 31, 27, 0.06, 0.75, 'log2') 0.1564500137703114
(50, 48, 31, 0.02, 0.75, 'log2') 0.15637138927097677
(80, 33, 31, 0.08, 0.5, 'log2') 0.15636960087479518
(80, 47, 20, 0.08, 0.5, 'log2') 0.15627945205479457
(80, 28, 17, 0.1, 0.75, 'log2') 0.1561887824897401
(60, 27, 40, 0.04, 0.5, 'log2') 0.15608719495475754
(50, 21, 35, 0.1, 0.75, 'log2') 0.15604485776805282
(10, 5, 36, 0.06, 0.75, 'log2') 0.15586813186813203
(60, 8, 28, 0.1, 1.0, 'log2') 0.155864517891287
(70, 45, 18, 0.06, 1.0, 'log2') 0.15574835526315797
(90, 48, 26, 0.1, 0.75, 'log2') 0.1557377497946897
(40, 27, 16, 0.1, 0.75, 'log2') 0.15565789473684227
(80, 4, 14, 0.08, 1.0, 'log2') 0.15531932314410493
(50, 21, 18, 0.04, 0.75, 'log2') 0.15531464688101151
(30, 15, 38, 0.08, 0.75, 'log2') 0.15522347134631218
(80, 33, 13, 0.02, 0.5, 'log2') 0.15500275330396496
(70, 45, 28, 0.04, 0.5, 'log2') 0.1549532453245326
(70, 20, 40, 0.04, 1.0, 'log2') 0.15473380900109784
(50, 35, 10, 0.02, 1.0, 'log2') 0.1546696035242293
(80, 25, 24, 0.02, 0.75, 'log2') 0.1544820005496016
(50, 35, 21, 0.06, 1.0, 'log2') 0.15429313645064277
(60, 25, 15, 0.1, 0.5, 'log2') 0.1542622502053109
(80, 19, 10, 0.08, 1.0, 'log2') 0.15422454021410945
(40, 31, 26, 0.08, 0.75, 'log2') 0.15419567004658835
(30, 44, 10, 0.1, 1.0, 'log2') 0.15418540866703256
(50, 30, 39, 0.1, 0.75, 'log2') 0.15411056376573645
(20, 28, 34, 0.1, 1.0, 'log2') 0.15406575342465784
(60, 12, 30, 0.1, 1.0, 'log2') 0.153959016393443
(20, 3, 25, 0.04, 0.75, 'log2') 0.1539144736842107
(10, 48, 17, 0.02, 0.5, 'log2') 0.15380860981628747
(50, 38, 20, 0.04, 0.75, 'log2') 0.15369086908690885
(70, 18, 22, 0.06, 0.5, 'log2') 0.1536754241926658
(30, 48, 40, 0.1, 0.75, 'log2') 0.1536555891238674
(80, 37, 34, 0.08, 1.0, 'log2') 0.15363462588749346
(20, 17, 22, 0.04, 1.0, 'log2') 0.15360660247592864
(30, 29, 35, 0.04, 0.5, 'log2') 0.15359087159747073
(70, 15, 35, 0.08, 0.5, 'log2') 0.15354935739677364
(20, 40, 39, 0.08, 0.5, 'log2') 0.15313995050866117
(30, 36, 22, 0.04, 1.0, 'log2') 0.15301835113667506
(50, 11, 14, 0.04, 0.75, 'log2') 0.15296398130327213
(30, 28, 32, 0.06, 1.0, 'log2') 0.15284222100054987
(70, 25, 12, 0.1, 0.75, 'log2') 0.15278020776380555
(50, 50, 17, 0.1, 0.5, 'log2') 0.1527573932092005
(20, 40, 23, 0.04, 0.75, 'log2') 0.15274401979653582
(20, 23, None, 0.06, 1.0, 'log2') 0.15272226809799086
(70, 12, 10, 0.06, 0.75, 'log2') 0.1526474622770923
(40, 37, 39, 0.02, 1.0, 'log2') 0.15256805059114675
(50, 44, 25, 0.06, 0.75, 'log2') 0.15256530107231256
(90, 9, 15, 0.08, 1.0, 'log2') 0.1525395958492631
(30, 38, 30, 0.08, 1.0, 'log2') 0.15253362613230875
(70, 12, 12, 0.08, 0.75, 'log2') 0.1524938271604941
(20, 43, 33, 0.1, 0.75, 'log2') 0.15248285322359417
(40, 10, 29, 0.04, 0.75, 'log2') 0.15247261774370224
(90, 44, 29, 0.04, 0.5, 'log2') 0.15233919736118767
(90, 31, 33, 0.04, 0.5, 'log2') 0.152267362064233
(70, 25, 22, 0.04, 0.5, 'log2') 0.15226151315789496
(60, 28, 26, 0.02, 0.75, 'log2') 0.15221703296703315
(50, 14, 39, 0.04, 1.0, 'log2') 0.1521871569703625
(10, 12, 27, 0.02, 0.5, 'log2') 0.1520833333333335
(30, 36, 20, 0.04, 0.75, 'log2') 0.1518762035763413
(80, 21, 20, 0.02, 0.5, 'log2') 0.15185439560439584
(10, 42, 13, 0.06, 0.75, 'log2') 0.1518286973285598
(30, 17, 11, 0.02, 1.0, 'log2') 0.151784050424774
(60, 28, 24, 0.1, 0.5, 'log2') 0.15162332329592126
(90, 37, 37, 0.04, 0.5, 'log2') 0.15157331136738084
(80, 41, 17, 0.02, 1.0, 'log2') 0.15147010422380716
(20, 18, 34, 0.02, 1.0, 'log2') 0.1512778235779062
(50, 26, 40, 0.1, 0.75, 'log2') 0.1512729263618946
(50, 25, 25, 0.02, 1.0, 'log2') 0.15109246009906452
(60, 29, 25, 0.08, 0.75, 'log2') 0.15108248835297367
(30, 28, 14, 0.06, 0.75, 'log2') 0.1510668133076713
(10, 30, 19, 0.1, 1.0, 'log2') 0.15101564644523768
(10, 43, 36, 0.04, 1.0, 'log2') 0.1509672987084365
(20, 27, 30, 0.06, 1.0, 'log2') 0.15095185694635507
(50, 16, 20, 0.02, 0.75, 'log2') 0.15094349972572702
(20, 42, 11, 0.1, 0.75, 'log2') 0.150896873285793
(80, 19, 31, 0.04, 1.0, 'log2') 0.1508849315068497
(50, 42, 26, 0.1, 0.75, 'log2') 0.1508700410396719
(30, 30, 33, 0.1, 0.75, 'log2') 0.15081710995338643
(90, 16, 32, 0.04, 0.75, 'log2') 0.1508059210526317
(40, 13, 16, 0.1, 1.0, 'log2') 0.15079365079365098
(50, 25, 11, 0.08, 0.5, 'log2') 0.1507715540911589
(30, 44, 36, 0.04, 0.5, 'log2') 0.15069050894085295
(70, 45, 29, 0.08, 0.5, 'log2') 0.15052602739726043
(60, 12, 31, 0.02, 0.5, 'log2') 0.1504346629986247
(80, 14, 32, 0.02, 0.5, 'log2') 0.1503591993419251
(30, 21, 22, 0.04, 1.0, 'log2') 0.15023121387283261
(80, 50, None, 0.08, 0.75, 'log2') 0.15022441160372224
(20, 32, 25, 0.08, 0.75, 'log2') 0.15017293439472978
(50, 48, 22, 0.04, 1.0, 'log2') 0.15009358656757532
(60, 38, 13, 0.02, 0.75, 'log2') 0.1500935865675752
(60, 8, 23, 0.02, 0.5, 'log2') 0.14999449339207066
(30, 12, 18, 0.04, 1.0, 'log2') 0.14994230769230776
(60, 27, 11, 0.08, 1.0, 'log2') 0.1499259055982439
(70, 29, 39, 0.08, 0.75, 'log2') 0.14982221006564583
(30, 14, 18, 0.1, 0.75, 'log2') 0.1498030634573307
(10, 19, 35, 0.08, 1.0, 'log2') 0.1496210873146624
(10, 28, 26, 0.02, 0.75, 'log2') 0.1495808219178084
(80, 41, 31, 0.08, 0.5, 'log2') 0.14943607993430083
(90, 31, 19, 0.06, 0.5, 'log2') 0.14932110594032333
(40, 46, 22, 0.04, 1.0, 'log2') 0.1492240197422541
(30, 47, 26, 0.02, 0.75, 'log2') 0.1492003297609235
(20, 40, 34, 0.08, 0.75, 'log2') 0.14919045005488502
(10, 38, 10, 0.08, 1.0, 'log2') 0.1489062929376204
(30, 41, 30, 0.1, 0.75, 'log2') 0.14887914497122515
(20, 35, 17, 0.1, 0.5, 'log2') 0.14884456671251745
(70, 39, 16, 0.08, 0.5, 'log2') 0.14881128457956755
(20, 19, None, 0.04, 1.0, 'log2') 0.14877270225646677
(30, 48, 23, 0.04, 1.0, 'log2') 0.1487500000000002
(50, 13, 18, 0.02, 0.75, 'log2') 0.14856986000549008
(20, 39, 38, 0.04, 0.5, 'log2') 0.14855096418732788
(90, 46, 29, 0.06, 0.5, 'log2') 0.14854670329670344
(20, 17, 19, 0.08, 1.0, 'log2') 0.1484151357279958
(50, 50, 27, 0.1, 0.5, 'log2') 0.14825670498084315
(80, 41, 31, 0.08, 1.0, 'log2') 0.14818455640744818
(10, 44, 27, 0.02, 1.0, 'log2') 0.14810307017543872
(80, 13, 39, 0.06, 0.5, 'log2') 0.1480230010952905
(10, 42, 22, 0.06, 0.5, 'log2') 0.14802197802197822
(50, 15, 20, 0.04, 0.5, 'log2') 0.14790442186212593
(80, 39, 26, 0.06, 0.5, 'log2') 0.1478528281164197
(30, 49, 25, 0.04, 1.0, 'log2') 0.1478348522507597
(60, 32, 31, 0.04, 1.0, 'log2') 0.14783301290854178
(60, 24, 18, 0.08, 0.5, 'log2') 0.1475862068965518
(60, 4, 29, 0.04, 0.75, 'log2') 0.14758223684210553
(60, 42, 24, 0.06, 0.5, 'log2') 0.14757475994513056
(80, 39, 32, 0.08, 0.75, 'log2') 0.1475739320920047
(80, 44, 13, 0.02, 0.5, 'log2') 0.1475626549160013
(10, 19, None, 0.06, 0.5, 'log2') 0.1474869397855376
(20, 20, 40, 0.04, 1.0, 'log2') 0.1474656026417173
(40, 17, 26, 0.08, 0.5, 'log2') 0.14732167258813897
(70, 24, 34, 0.04, 1.0, 'log2') 0.14716950082281974
(60, 11, 28, 0.08, 0.5, 'log2') 0.1471381668946653
(20, 42, 19, 0.04, 0.75, 'log2') 0.1469458939851691
(70, 28, 30, 0.1, 0.5, 'log2') 0.14693001640240586
(50, 12, 24, 0.08, 1.0, 'log2') 0.14690287277701805
(60, 43, 31, 0.06, 0.75, 'log2') 0.1468813373526996
(20, 22, 23, 0.02, 1.0, 'log2') 0.14675735092058265
(40, 20, 24, 0.02, 0.5, 'log2') 0.14672712283594405
(10, 35, 21, 0.04, 0.5, 'log2') 0.14670507544581626
(70, 28, 25, 0.04, 0.75, 'log2') 0.14668591859185934
(10, 39, 27, 0.04, 0.75, 'log2') 0.146662087912088
(60, 47, 17, 0.06, 1.0, 'log2') 0.14657142857142874
(10, 10, 33, 0.06, 0.75, 'log2') 0.14655153508771943
(70, 12, 23, 0.04, 0.75, 'log2') 0.14654840484048431
(20, 35, 13, 0.02, 0.75, 'log2') 0.1465119472672344
(70, 45, 34, 0.08, 0.75, 'log2') 0.14633032540333638
(10, 14, 25, 0.02, 0.75, 'log2') 0.14632098765432106
(80, 32, 24, 0.1, 0.75, 'log2') 0.14612841530054677
(20, 44, 23, 0.1, 0.5, 'log2') 0.1461276127612762
(80, 45, 21, 0.02, 1.0, 'log2') 0.14610743801652912
(70, 25, 40, 0.06, 0.75, 'log2') 0.1460799343005752
(20, 12, 39, 0.06, 1.0, 'log2') 0.1460268714011518
(40, 28, 38, 0.02, 1.0, 'log2') 0.14598843612334805
(10, 40, 35, 0.02, 0.75, 'log2') 0.14595942982456153
(10, 9, 25, 0.06, 0.5, 'log2') 0.145900962861073
(30, 43, 18, 0.02, 0.5, 'log2') 0.14583584957452658
(50, 36, 13, 0.06, 0.75, 'log2') 0.14577356416597984
(10, 10, 29, 0.02, 0.5, 'log2') 0.14575492341356686
(90, 46, 30, 0.08, 0.75, 'log2') 0.14567945205479485
(80, 5, 40, 0.02, 1.0, 'log2') 0.14564264181967693
(90, 45, 29, 0.06, 0.5, 'log2') 0.1453913519430761
(30, 46, None, 0.08, 1.0, 'log2') 0.14532656421514836
(40, 33, 11, 0.06, 0.5, 'log2') 0.1451922020867655
(10, 39, 20, 0.06, 0.5, 'log2') 0.14510550835845437
(10, 25, 17, 0.1, 0.75, 'log2') 0.145085024684586
(90, 29, 14, 0.04, 1.0, 'log2') 0.1450784475639969
(40, 26, 18, 0.08, 0.75, 'log2') 0.14489023051591676
(20, 31, 22, 0.04, 0.5, 'log2') 0.14484065934065954
(10, 37, 34, 0.1, 0.75, 'log2') 0.14473236343672816
(60, 47, None, 0.02, 0.5, 'log2') 0.14466850068775794
(40, 27, 32, 0.02, 1.0, 'log2') 0.14465693028382495
(50, 28, 15, 0.02, 0.75, 'log2') 0.1446069268829028
(70, 31, 39, 0.06, 0.75, 'log2') 0.14451373626373645
(60, 46, 21, 0.06, 0.75, 'log2') 0.14445938529088928
(20, 14, 23, 0.1, 0.75, 'log2') 0.14444353070175475
(30, 39, 26, 0.04, 0.5, 'log2') 0.1444053831365011
(80, 32, 21, 0.04, 0.5, 'log2') 0.14437637362637382
(40, 25, 39, 0.08, 0.5, 'log2') 0.14436627429510013
(30, 4, 12, 0.06, 1.0, 'log2') 0.14434268426842697
(10, 47, 21, 0.08, 0.5, 'log2') 0.14432142857142866
(50, 11, 14, 0.02, 0.5, 'log2') 0.1442931649739227
(10, 13, 14, 0.04, 0.5, 'log2') 0.14424067982456149
(90, 32, 14, 0.04, 0.75, 'log2') 0.14409638554216891
(30, 45, 32, 0.1, 0.5, 'log2') 0.14409377570605983
(30, 23, 26, 0.02, 1.0, 'log2') 0.14378825475599677
(30, 36, 27, 0.1, 0.75, 'log2') 0.1437736366127707
(90, 10, 18, 0.04, 0.75, 'log2') 0.1436598079561045
(50, 48, 14, 0.04, 0.5, 'log2') 0.14364185663279325
(40, 3, 28, 0.06, 1.0, 'log2') 0.14359114512161814
(50, 22, 18, 0.04, 0.5, 'log2') 0.14359087159747042
(10, 21, 21, 0.08, 1.0, 'log2') 0.14357614073666852
(20, 12, 28, 0.04, 0.75, 'log2') 0.14340109890109906
(60, 8, 30, 0.04, 0.75, 'log2') 0.14337537702221023
(40, 33, 24, 0.06, 0.5, 'log2') 0.14334429824561412
(40, 27, 37, 0.04, 1.0, 'log2') 0.14325144907535214
(10, 42, 25, 0.04, 0.5, 'log2') 0.14324835526315807
(70, 37, 12, 0.1, 0.5, 'log2') 0.14317820969066533
(80, 33, 26, 0.02, 0.5, 'log2') 0.1429502337091009
(20, 15, 10, 0.04, 0.75, 'log2') 0.1428194558944765
(20, 3, 25, 0.06, 1.0, 'log2') 0.1427889102388143
(60, 7, 35, 0.08, 1.0, 'log2') 0.14277489768076432
(90, 9, 35, 0.04, 0.75, 'log2') 0.14274171459874038
(50, 39, 21, 0.02, 0.5, 'log2') 0.1426952695269528
(70, 5, 40, 0.04, 0.5, 'log2') 0.1426070252469815
(30, 13, 22, 0.1, 0.5, 'log2') 0.142455516014235
(60, 28, 38, 0.02, 1.0, 'log2') 0.1423454746136866
(10, 15, 29, 0.06, 0.75, 'log2') 0.14226472206934526
(30, 47, 35, 0.04, 0.75, 'log2') 0.14216231086657505
(10, 11, 38, 0.04, 0.5, 'log2') 0.14189263215557388
(80, 33, 40, 0.04, 0.75, 'log2') 0.14180399671502894
(90, 45, 16, 0.04, 0.5, 'log2') 0.1417692307692309
(30, 7, 38, 0.06, 0.75, 'log2') 0.14169403393541352
(90, 16, 19, 0.02, 0.75, 'log2') 0.14161219445207374
(70, 30, 23, 0.02, 0.75, 'log2') 0.141449394939494
(50, 22, 40, 0.1, 0.75, 'log2') 0.14134299781181656
(40, 29, 39, 0.02, 0.5, 'log2') 0.141326558637737
(20, 9, 24, 0.04, 0.75, 'log2') 0.14132493840678897
(80, 16, 37, 0.08, 0.5, 'log2') 0.14131291028446413
(20, 29, 14, 0.04, 0.5, 'log2') 0.14130542550261646
(20, 20, 27, 0.08, 1.0, 'log2') 0.14121844127332617
(30, 28, 32, 0.08, 1.0, 'log2') 0.14115163147792736
(40, 24, 24, 0.04, 0.75, 'log2') 0.14113698630137017
(60, 22, 36, 0.04, 0.5, 'log2') 0.14107553366174058
(50, 43, None, 0.1, 0.5, 'log2') 0.14106633771929833
(50, 33, 28, 0.08, 0.75, 'log2') 0.14104412167717195
(40, 23, 18, 0.08, 0.75, 'log2') 0.1410432639649509
(20, 16, 35, 0.04, 1.0, 'log2') 0.14102937139720023
(30, 12, 37, 0.04, 1.0, 'log2') 0.1409740082079345
(60, 22, 22, 0.06, 0.75, 'log2') 0.1408454570409005
(60, 19, 27, 0.02, 0.5, 'log2') 0.1406767537826686
(10, 41, 25, 0.1, 0.5, 'log2') 0.14054410552349544
(10, 38, 23, 0.06, 1.0, 'log2') 0.14051387743885688
(80, 21, 39, 0.06, 0.75, 'log2') 0.14048647171358317
(90, 15, 36, 0.1, 0.75, 'log2') 0.14048008728859804
(50, 22, 32, 0.06, 0.75, 'log2') 0.1403205479452058
(50, 17, 28, 0.02, 1.0, 'log2') 0.14028060522696012
(50, 43, 21, 0.08, 1.0, 'log2') 0.14025774609267905
(40, 24, 15, 0.1, 0.5, 'log2') 0.14010123119015044
(10, 27, 35, 0.1, 0.5, 'log2') 0.140087791495199
(50, 35, 22, 0.02, 0.75, 'log2') 0.14002477291494633
(80, 41, 14, 0.06, 1.0, 'log2') 0.13992305578455624
(10, 45, 36, 0.04, 0.75, 'log2') 0.1398849315068494
(30, 33, 27, 0.04, 1.0, 'log2') 0.1396678561625034
(50, 29, 21, 0.08, 0.5, 'log2') 0.13942402633022488
(80, 6, 26, 0.1, 0.5, 'log2') 0.13939220496047963
(40, 11, 11, 0.06, 0.75, 'log2') 0.13937946183415725
(90, 9, 10, 0.08, 0.5, 'log2') 0.13935943060498235
(40, 45, 21, 0.04, 0.5, 'log2') 0.1392711771177118
(40, 4, 29, 0.02, 1.0, 'log2') 0.13917763157894741
(80, 9, 25, 0.04, 0.5, 'log2') 0.1391459074733099
(20, 11, 15, 0.06, 1.0, 'log2') 0.13900878638110947
(20, 39, 11, 0.1, 0.5, 'log2') 0.13880198292481405
(20, 49, 30, 0.02, 0.5, 'log2') 0.1385228829816389
(40, 9, 35, 0.1, 0.75, 'log2') 0.13840666848865804
(40, 41, 15, 0.02, 0.5, 'log2') 0.13831222466960355
(10, 48, 34, 0.04, 0.5, 'log2') 0.1383091257878871
(20, 11, 23, 0.08, 0.75, 'log2') 0.13828125000000013
(30, 37, 35, 0.02, 1.0, 'log2') 0.13822704782847722
(10, 34, 15, 0.08, 1.0, 'log2') 0.13820357634112793
(40, 48, 31, 0.02, 1.0, 'log2') 0.13820153761669407
(30, 18, 30, 0.08, 0.5, 'log2') 0.13805312157721805
(40, 29, 13, 0.04, 0.5, 'log2') 0.13797694208070266
(80, 50, None, 0.1, 0.75, 'log2') 0.1379533607681758
(10, 35, 35, 0.06, 0.75, 'log2') 0.13764899752815155
(90, 24, 18, 0.02, 0.5, 'log2') 0.13759427470410132
(40, 8, 32, 0.04, 1.0, 'log2') 0.1375431861804223
(20, 42, 26, 0.02, 0.5, 'log2') 0.13748558880043926
(60, 15, 18, 0.06, 0.5, 'log2') 0.1374389909514671
(30, 31, 23, 0.06, 1.0, 'log2') 0.1374258241758242
(10, 36, None, 0.1, 0.5, 'log2') 0.13718019257221462
(60, 10, 33, 0.1, 0.75, 'log2') 0.13707056892778996
(30, 17, 27, 0.04, 1.0, 'log2') 0.13704801097393693
(50, 6, 33, 0.08, 0.5, 'log2') 0.1370401749111781
(20, 9, 40, 0.1, 1.0, 'log2') 0.1370079604721382
(50, 12, 23, 0.1, 0.75, 'log2') 0.1369674596663934
(10, 19, 26, 0.02, 1.0, 'log2') 0.13673620642327766
(20, 32, 15, 0.02, 0.5, 'log2') 0.1365248421630524
(60, 6, 16, 0.06, 0.5, 'log2') 0.13624622977789966
(60, 31, 11, 0.04, 0.5, 'log2') 0.13620983246360902
(20, 41, 30, 0.08, 0.75, 'log2') 0.1361821173889195
(30, 41, None, 0.04, 0.5, 'log2') 0.136121045392022
(80, 35, 37, 0.02, 1.0, 'log2') 0.13611981313547686
(40, 25, 14, 0.04, 0.5, 'log2') 0.136058353977429
(80, 6, 19, 0.08, 1.0, 'log2') 0.13602620087336256
(10, 34, 29, 0.08, 1.0, 'log2') 0.1360021905805038
(10, 9, 17, 0.06, 0.5, 'log2') 0.13595826468973088
(10, 22, 36, 0.08, 0.5, 'log2') 0.13581529186078378
(90, 44, 27, 0.06, 0.75, 'log2') 0.13562740781507968
(40, 3, 21, 0.02, 0.75, 'log2') 0.13548750343312285
(10, 32, 33, 0.06, 0.5, 'log2') 0.13546077893582015
(70, 29, 24, 0.06, 0.5, 'log2') 0.13546076018594483
(20, 40, 17, 0.06, 0.75, 'log2') 0.13533516483516486
(70, 50, 32, 0.04, 1.0, 'log2') 0.1353239978034048
(60, 23, 28, 0.1, 1.0, 'log2') 0.1352921900600765
(70, 3, 30, 0.02, 0.75, 'log2') 0.13523102310231025
(40, 33, 31, 0.08, 0.5, 'log2') 0.13522072936660304
(10, 27, 40, 0.04, 1.0, 'log2') 0.13513172338090018
(90, 12, 15, 0.08, 0.75, 'log2') 0.1349972647702406
(10, 25, 24, 0.02, 0.5, 'log2') 0.13477091906721536
(10, 41, 28, 0.1, 1.0, 'log2') 0.13467879790460444
(30, 10, 16, 0.02, 0.75, 'log2') 0.13460566089585055
(30, 28, 33, 0.04, 0.75, 'log2') 0.13453116381687805
(40, 29, 29, 0.06, 1.0, 'log2') 0.1344157981349424
(60, 18, 35, 0.08, 1.0, 'log2') 0.13362318840579715
(10, 30, 23, 0.04, 1.0, 'log2') 0.13349149753154146
(20, 24, 23, 0.02, 0.75, 'log2') 0.13345339565576025
(60, 45, 31, 0.1, 0.75, 'log2') 0.13313526834611183
(10, 34, 11, 0.08, 1.0, 'log2') 0.13308539944903583
(80, 26, 27, 0.08, 1.0, 'log2') 0.13301969365426705
(70, 6, 28, 0.08, 1.0, 'log2') 0.13261202185792345
(20, 48, 23, 0.1, 0.5, 'log2') 0.13260642680582269
(80, 37, 16, 0.04, 0.5, 'log2') 0.1323720418271876
(60, 21, 29, 0.02, 0.5, 'log2') 0.13231361760660243
(60, 20, 30, 0.02, 0.5, 'log2') 0.13192127718139268
(50, 31, 29, 0.08, 1.0, 'log2') 0.13184708139216225
(90, 11, 34, 0.04, 1.0, 'log2') 0.1314168490153173
(50, 48, 25, 0.04, 1.0, 'log2') 0.13141131246567814
(80, 12, 31, 0.04, 0.75, 'log2') 0.13126984126984126
(20, 50, 20, 0.08, 0.75, 'log2') 0.13120604395604396
(70, 5, 22, 0.02, 0.5, 'log2') 0.131068281938326
(60, 18, 30, 0.04, 0.75, 'log2') 0.13099562363238504
(40, 34, 12, 0.06, 0.5, 'log2') 0.1308560418387008
(80, 36, 24, 0.1, 0.75, 'log2') 0.13082626538987696
(40, 27, 38, 0.02, 1.0, 'log2') 0.13077134986225894
(20, 19, 40, 0.04, 1.0, 'log2') 0.1307478691229035
(20, 15, 32, 0.02, 0.75, 'log2') 0.1306256890848953
(50, 20, 21, 0.1, 0.75, 'log2') 0.1302815746309459
(10, 14, 40, 0.06, 1.0, 'log2') 0.1300548847420417
(30, 8, 26, 0.08, 1.0, 'log2') 0.12998630887185098
(70, 6, 40, 0.06, 0.5, 'log2') 0.12920087575259986
(90, 23, 12, 0.04, 1.0, 'log2') 0.12905297831457593
(20, 10, 31, 0.04, 1.0, 'log2') 0.12885887541345092
(20, 18, 40, 0.06, 0.75, 'log2') 0.12881770690129232
(20, 20, 40, 0.1, 1.0, 'log2') 0.1287020810514787
(70, 31, None, 0.1, 0.75, 'log2') 0.12863077343536497
(20, 14, 34, 0.1, 0.5, 'log2') 0.12693362589138787
(90, 38, 25, 0.1, 0.5, 'log2') 0.126875341716785
(60, 44, 16, 0.08, 0.5, 'log2') 0.1267757009345795
(40, 24, 29, 0.08, 1.0, 'log2') 0.12662180719582528
(90, 18, 18, 0.08, 0.75, 'log2') 0.12648037077426386
(40, 22, 32, 0.04, 0.5, 'log2') 0.12622001654259715
(30, 8, 29, 0.06, 0.75, 'log2') 0.12621740323908862
(20, 21, 19, 0.1, 0.5, 'log2') 0.12620888157894736
(30, 25, 23, 0.04, 0.5, 'log2') 0.12581888246628126
(10, 31, 37, 0.1, 0.5, 'log2') 0.1257875960482985
(20, 28, 13, 0.1, 0.5, 'log2') 0.12575075487235796
(20, 32, 15, 0.06, 0.5, 'log2') 0.12545629466739963
(40, 5, None, 0.06, 1.0, 'log2') 0.1249822258681979
(90, 38, 32, 0.06, 0.5, 'log2') 0.12495193628124132
(90, 10, 27, 0.04, 0.5, 'log2') 0.12479166666666658
(30, 12, 21, 0.1, 1.0, 'log2') 0.12447065277015905
(80, 37, 28, 0.04, 0.5, 'log2') 0.12423235374897
(10, 16, 35, 0.1, 0.5, 'log2') 0.12319615912208506
(50, 13, 30, 0.02, 0.75, 'log2') 0.12288065843621394
(80, 15, 31, 0.02, 1.0, 'log2') 0.12252608456891811
(40, 11, 30, 0.06, 0.5, 'log2') 0.12246774636288772
(40, 8, 14, 0.1, 0.5, 'log2') 0.12162383816293063
(40, 36, 18, 0.06, 0.75, 'log2') 0.12148544755628778
(10, 38, 30, 0.08, 0.5, 'log2') 0.11991218441273323
(90, 4, 35, 0.08, 0.75, 'log2') 0.11987462523848451
(30, 9, 34, 0.1, 0.5, 'log2') 0.1196471553610502
(50, 10, 30, 0.1, 0.5, 'log2') 0.11840865516296895
(90, 20, 40, 0.06, 0.75, 'log2') 0.11822355834927585
(60, 3, 40, 0.06, 0.75, 'log2') 0.1181512834516657
(50, 9, 24, 0.06, 0.5, 'log2') 0.11705657283410763
(60, 4, 38, 0.1, 0.5, 'log2') 0.11647764449291159
(80, 7, None, 0.1, 0.5, 'log2') 0.116380250954719
(80, 8, 29, 0.02, 0.5, 'log2') 0.11480859267419452
(80, 3, 28, 0.1, 0.5, 'log2') 0.11437125748502995
(70, 23, 23, 0.1, 0.75, 'log2') 0.11178815178815185
(60, 3, 33, 0.1, 0.5, 'log2') 0.11085286103542241
(80, 9, 28, 0.08, 0.75, 'log2') 0.10726304288445773
(50, 4, 37, 0.06, 0.75, 'log2') 0.10448002189381507
(90, 14, 39, 0.1, 0.5, 'log2') 0.10300928454396506