None:

(90, 46, 13, 0.06, 0.75, 'log2') 0.19256787330316769
(50, 38, 33, 0.08, 1.0, 'log2') 0.19086235955056197
(80, 36, 26, 0.1, 1.0, 'log2') 0.18144121715076086
(70, 31, 21, 0.08, 1.0, 'log2') 0.177229485396384
(60, 21, 15, 0.06, 0.75, 'log2') 0.1765042253521127
(50, 35, 32, 0.1, 1.0, 'log2') 0.17581635500976847
(60, 35, 24, 0.1, 0.75, 'log2') 0.17356408117876015
(90, 37, 39, 0.1, 1.0, 'log2') 0.17115754742920009
(90, 12, 16, 0.04, 1.0, 'log2') 0.1711412587412588
(60, 46, 14, 0.1, 1.0, 'log2') 0.16996920492721185
(70, 41, 38, 0.06, 0.75, 'log2') 0.16955936008981196
(80, 22, 26, 0.06, 1.0, 'log2') 0.16942912837649698
(90, 20, 26, 0.04, 0.5, 'log2') 0.16864287721270033
(70, 40, 36, 0.06, 1.0, 'log2') 0.16849426252448924
(70, 29, None, 0.1, 1.0, 'log2') 0.16830068965517245
(40, 40, 21, 0.08, 1.0, 'log2') 0.16817796610169491
(60, 47, 40, 0.08, 0.75, 'log2') 0.16675821064552643
(80, 16, 40, 0.04, 0.75, 'log2') 0.1666918979534624
(80, 39, 21, 0.08, 1.0, 'log2') 0.16615277777777765
(80, 40, 18, 0.04, 1.0, 'log2') 0.16606198464600508
(70, 29, 35, 0.06, 1.0, 'log2') 0.16578269392327066
(60, 35, 19, 0.08, 1.0, 'log2') 0.16561452513966496
(90, 43, 39, 0.06, 0.75, 'log2') 0.1648811853508529
(80, 37, 29, 0.06, 1.0, 'log2') 0.16311397367684113
(50, 13, 12, 0.1, 1.0, 'log2') 0.16302403577417562
(90, 33, 12, 0.08, 0.5, 'log2') 0.16265957446808524
(60, 25, 12, 0.08, 0.5, 'log2') 0.1624415657561251
(70, 32, 30, 0.06, 0.75, 'log2') 0.1618986278353402
(70, 12, 14, 0.04, 0.75, 'log2') 0.16158281514980216
(60, 25, 20, 0.06, 0.75, 'log2') 0.16123699746977807
(60, 20, 36, 0.1, 1.0, 'log2') 0.1605244272702183
(60, 34, 40, 0.1, 1.0, 'log2') 0.16041736227045078
(90, 47, 16, 0.04, 1.0, 'log2') 0.15967259384702226
(60, 26, 15, 0.1, 1.0, 'log2') 0.1587545277235999
(60, 20, 37, 0.08, 0.75, 'log2') 0.1585531796723132
(70, 35, 15, 0.08, 0.5, 'log2') 0.15784572230014035
(70, 38, 25, 0.06, 0.75, 'log2') 0.15696518809657495
(90, 26, 17, 0.06, 0.75, 'log2') 0.15661735975439584
(40, 50, 27, 0.08, 1.0, 'log2') 0.15644369178662154
(30, 36, 11, 0.1, 1.0, 'log2') 0.15643827859569634
(60, 45, 26, 0.1, 0.75, 'log2') 0.15560805143975384
(60, 23, 38, 0.1, 1.0, 'log2') 0.1550041197473222
(90, 29, 35, 0.1, 1.0, 'log2') 0.15453523443926503
(80, 22, 11, 0.08, 1.0, 'log2') 0.15416666666666654
(80, 32, 37, 0.08, 0.75, 'log2') 0.15407664537628418
(60, 28, 18, 0.1, 0.75, 'log2') 0.15405902004454342
(90, 18, None, 0.04, 0.75, 'log2') 0.1540351366424986
(60, 19, 33, 0.08, 0.75, 'log2') 0.15379722222222225
(80, 23, 10, 0.04, 1.0, 'log2') 0.1537438989376973
(70, 25, 16, 0.06, 0.75, 'log2') 0.15358511837655014
(80, 28, 10, 0.08, 0.5, 'log2') 0.15352643419572537
(50, 27, 26, 0.1, 1.0, 'log2') 0.15324279379157443
(80, 28, 12, 0.04, 0.75, 'log2') 0.15321825962910127
(70, 43, 13, 0.06, 1.0, 'log2') 0.15266497461928932
(90, 16, 25, 0.08, 1.0, 'log2') 0.1522341302555648
(70, 29, 36, 0.1, 0.5, 'log2') 0.15193333333333353
(80, 49, 27, 0.06, 0.75, 'log2') 0.1507599211933576
(90, 20, 37, 0.08, 0.75, 'log2') 0.14997797963115883
(60, 34, 22, 0.06, 0.75, 'log2') 0.14968828980623414
(80, 7, 13, 0.1, 1.0, 'log2') 0.1496166574738002
(50, 17, 26, 0.08, 0.75, 'log2') 0.14943127962085298
(70, 21, 37, 0.06, 1.0, 'log2') 0.14904231625835193
(80, 12, 14, 0.08, 1.0, 'log2') 0.1488594310963821
(80, 45, 19, 0.06, 0.5, 'log2') 0.14851560303626637
(70, 50, 38, 0.1, 0.75, 'log2') 0.14819220055710286
(50, 10, 25, 0.06, 1.0, 'log2') 0.14812465219810783
(40, 26, None, 0.08, 1.0, 'log2') 0.14765480526758185
(80, 17, 21, 0.06, 0.75, 'log2') 0.14734191382204803
(30, 33, 16, 0.1, 0.5, 'log2') 0.14668634064080946
(90, 34, None, 0.08, 0.75, 'log2') 0.14633111480865232
(40, 37, 14, 0.1, 1.0, 'log2') 0.1462348634187551
(40, 49, 23, 0.1, 0.5, 'log2') 0.14584788732394346
(50, 26, 34, 0.06, 0.5, 'log2') 0.14544964539007088
(60, 22, 36, 0.1, 1.0, 'log2') 0.14541114790286963
(40, 16, 23, 0.08, 0.5, 'log2') 0.1451874650251817
(80, 26, 20, 0.04, 1.0, 'log2') 0.14487654320987636
(80, 27, 22, 0.08, 0.5, 'log2') 0.144654980523094
(90, 37, 16, 0.04, 1.0, 'log2') 0.14454571106094802
(60, 25, 40, 0.1, 0.75, 'log2') 0.14448419301164708
(90, 37, 27, 0.06, 0.75, 'log2') 0.1441841004184099
(80, 12, 13, 0.04, 0.75, 'log2') 0.14409322033898292
(40, 12, 14, 0.1, 1.0, 'log2') 0.14403562482605045
(90, 25, 34, 0.1, 0.75, 'log2') 0.14377607025246975
(60, 48, 30, 0.08, 0.5, 'log2') 0.1434208298052498
(80, 18, 34, 0.04, 1.0, 'log2') 0.1428162692847124
(50, 24, 28, 0.08, 0.75, 'log2') 0.14268469473097284
(40, 4, 11, 0.08, 0.75, 'log2') 0.14260033917467488
(80, 27, 39, 0.04, 0.75, 'log2') 0.14194647887323947
(40, 21, 15, 0.1, 1.0, 'log2') 0.14186540072605403
(70, 35, 23, 0.1, 0.75, 'log2') 0.14180405217873976
(50, 34, 10, 0.08, 0.5, 'log2') 0.14149444918872747
(60, 31, 14, 0.06, 0.75, 'log2') 0.14120281690140848
(40, 12, 29, 0.1, 0.75, 'log2') 0.14099059214167142
(80, 41, 38, 0.1, 0.5, 'log2') 0.14094681147312704
(70, 20, 13, 0.04, 0.5, 'log2') 0.14086882453151597
(70, 24, 12, 0.04, 0.75, 'log2') 0.14055095632315157
(80, 40, 20, 0.04, 0.75, 'log2') 0.1402465287616889
(50, 17, 24, 0.06, 1.0, 'log2') 0.14019542155220538
(60, 12, 11, 0.04, 1.0, 'log2') 0.14018894932722584
(40, 29, 32, 0.1, 1.0, 'log2') 0.1401087259548368
(70, 36, None, 0.04, 0.5, 'log2') 0.13911899313501136
(40, 12, 35, 0.1, 0.75, 'log2') 0.13878938640132651
(70, 47, 22, 0.04, 1.0, 'log2') 0.1386451796919567
(60, 11, 22, 0.06, 1.0, 'log2') 0.13803278688524584
(40, 32, 33, 0.08, 0.5, 'log2') 0.13743561030235157
(80, 23, 38, 0.04, 0.75, 'log2') 0.13732751337651364
(50, 15, 14, 0.08, 0.75, 'log2') 0.1372223776223776
(60, 28, None, 0.04, 1.0, 'log2') 0.13687535250987037
(70, 5, 17, 0.04, 0.75, 'log2') 0.1364837625979844
(70, 34, 36, 0.1, 0.5, 'log2') 0.1364656849124756
(70, 18, 34, 0.1, 1.0, 'log2') 0.13635413802584548
(90, 21, 16, 0.08, 0.5, 'log2') 0.136010549694614
(60, 24, 10, 0.1, 1.0, 'log2') 0.1358914510686164
(60, 25, 20, 0.1, 0.75, 'log2') 0.13570243362831846
(80, 13, 32, 0.1, 0.75, 'log2') 0.1355053410024649
(70, 33, 37, 0.06, 0.75, 'log2') 0.13544970579994386
(50, 8, 29, 0.08, 0.75, 'log2') 0.13496136865342165
(90, 27, 27, 0.04, 0.5, 'log2') 0.13474308300395252
(60, 25, 11, 0.04, 1.0, 'log2') 0.13471043577981648
(90, 23, 28, 0.04, 0.75, 'log2') 0.13454417952314165
(80, 30, 21, 0.04, 0.5, 'log2') 0.13398694665153232
(50, 44, 18, 0.04, 1.0, 'log2') 0.13392918332381498
(40, 7, 29, 0.08, 0.5, 'log2') 0.1337966289030118
(70, 47, 34, 0.04, 1.0, 'log2') 0.13339839265212403
(70, 10, 32, 0.06, 0.5, 'log2') 0.1333019129470473
(50, 21, 19, 0.1, 1.0, 'log2') 0.13330107824163684
(70, 35, 10, 0.08, 0.75, 'log2') 0.13312959818902095
(80, 25, 18, 0.04, 0.5, 'log2') 0.13294886363636352
(80, 40, 24, 0.1, 0.5, 'log2') 0.13277068295391437
(40, 29, 26, 0.1, 0.5, 'log2') 0.1324580536912751
(90, 33, 14, 0.06, 0.75, 'log2') 0.13218697361033133
(40, 26, 38, 0.1, 0.75, 'log2') 0.13201505016722387
(90, 40, 34, 0.1, 1.0, 'log2') 0.13196143250688697
(50, 45, 16, 0.04, 0.75, 'log2') 0.1318550228310501
(30, 13, 36, 0.08, 0.5, 'log2') 0.1308694428812605
(80, 6, 31, 0.06, 0.75, 'log2') 0.13031903190319022
(90, 17, 32, 0.08, 0.75, 'log2') 0.13031258644536634
(90, 44, 27, 0.04, 0.5, 'log2') 0.1301900709219858
(70, 40, 27, 0.08, 0.5, 'log2') 0.12994135716280364
(90, 31, 30, 0.1, 1.0, 'log2') 0.1297162534435262
(90, 44, 40, 0.08, 0.5, 'log2') 0.12964006696428568
(50, 13, None, 0.06, 1.0, 'log2') 0.12879521424596543
(70, 40, 25, 0.08, 0.75, 'log2') 0.12878246299916213
(70, 19, 26, 0.04, 0.75, 'log2') 0.12821650650084804
(90, 40, 14, 0.06, 1.0, 'log2') 0.1281935483870967
(40, 39, 31, 0.1, 0.75, 'log2') 0.1281897034135421
(60, 9, 35, 0.04, 0.75, 'log2') 0.12785473920358953
(50, 14, 21, 0.1, 0.75, 'log2') 0.1271665285832641
(30, 49, 40, 0.1, 1.0, 'log2') 0.12687887323943656
(50, 34, 33, 0.08, 0.5, 'log2') 0.1268071950534009
(40, 45, 30, 0.08, 0.5, 'log2') 0.12672531214528943
(60, 17, 28, 0.08, 1.0, 'log2') 0.12618337475835395
(70, 38, 19, 0.1, 0.5, 'log2') 0.126168975069252
(60, 37, 33, 0.04, 1.0, 'log2') 0.12593253968253965
(80, 3, 14, 0.04, 0.75, 'log2') 0.12587905935050386
(70, 37, 17, 0.04, 1.0, 'log2') 0.1255042492917847
(50, 27, 29, 0.06, 0.5, 'log2') 0.12490273470538486
(50, 23, 16, 0.08, 0.75, 'log2') 0.12483744394618834
(50, 9, 18, 0.06, 1.0, 'log2') 0.1242086129753915
(40, 50, 15, 0.06, 1.0, 'log2') 0.12417594972864894
(60, 12, 38, 0.04, 0.75, 'log2') 0.12395348837209313
(50, 12, 15, 0.08, 0.5, 'log2') 0.1238022284122563
(50, 15, 34, 0.06, 0.75, 'log2') 0.12339020979020968
(20, 50, 17, 0.1, 1.0, 'log2') 0.12328969834945935
(60, 31, 25, 0.1, 0.75, 'log2') 0.1232564601278132
(90, 17, 26, 0.02, 1.0, 'log2') 0.12293201133144477
(40, 18, 36, 0.08, 0.75, 'log2') 0.12208984374999998
(60, 36, 11, 0.1, 0.5, 'log2') 0.12203646563814861
(80, 48, 28, 0.04, 0.75, 'log2') 0.12185470085470088
(50, 12, 33, 0.08, 0.75, 'log2') 0.12171468144044319
(30, 20, 25, 0.08, 1.0, 'log2') 0.12147323943661979
(80, 18, 21, 0.02, 1.0, 'log2') 0.1212464589235128
(80, 50, None, 0.1, 0.75, 'log2') 0.12095780122154355
(70, 27, 19, 0.06, 0.75, 'log2') 0.12082306830907052
(50, 27, 39, 0.04, 1.0, 'log2') 0.12071448743292869
(70, 34, 22, 0.04, 0.5, 'log2') 0.12048336650554452
(50, 39, 27, 0.04, 1.0, 'log2') 0.12005689900426754
(80, 28, 27, 0.04, 0.5, 'log2') 0.12002554640931025
(60, 39, 39, 0.06, 0.75, 'log2') 0.11884582743988689
(70, 29, 29, 0.06, 0.5, 'log2') 0.11855170470555088
(90, 9, 23, 0.08, 0.75, 'log2') 0.11838488913222008
(80, 8, 25, 0.06, 0.75, 'log2') 0.11806887052341591
(40, 9, 34, 0.06, 1.0, 'log2') 0.1180423870607919
(50, 39, 12, 0.06, 0.5, 'log2') 0.11779886685552418
(50, 5, 10, 0.04, 1.0, 'log2') 0.11759306621199213
(90, 32, 17, 0.02, 0.75, 'log2') 0.11713594994311725
(60, 37, 28, 0.1, 0.5, 'log2') 0.11681742043551077
(40, 8, 28, 0.1, 0.75, 'log2') 0.11664181165423897
(30, 34, 18, 0.08, 1.0, 'log2') 0.11644110985277444
(40, 23, 29, 0.08, 0.5, 'log2') 0.11602250351617441
(50, 47, 22, 0.06, 1.0, 'log2') 0.11565596846846835
(50, 23, 39, 0.06, 0.75, 'log2') 0.11548233314638257
(80, 49, 37, 0.1, 0.5, 'log2') 0.11523385300668151
(90, 41, None, 0.1, 0.75, 'log2') 0.11474674785496813
(50, 14, 29, 0.08, 1.0, 'log2') 0.11416137054434926
(40, 47, 18, 0.1, 0.5, 'log2') 0.11392245012644003
(70, 17, 34, 0.08, 1.0, 'log2') 0.11384509371554555
(40, 28, 40, 0.08, 0.5, 'log2') 0.11339506172839504
(30, 16, 19, 0.08, 0.75, 'log2') 0.1133645124716555
(90, 5, 36, 0.02, 1.0, 'log2') 0.11263751763046558
(80, 45, 21, 0.1, 0.5, 'log2') 0.1125875486381322
(30, 40, 35, 0.1, 0.75, 'log2') 0.11227887323943667
(50, 34, 20, 0.1, 0.5, 'log2') 0.11168852916550376
(80, 15, 21, 0.1, 0.5, 'log2') 0.1115090709180869
(70, 47, 19, 0.06, 0.5, 'log2') 0.11125176603560341
(80, 23, 29, 0.08, 0.5, 'log2') 0.11120976692563819
(80, 27, 33, 0.04, 0.5, 'log2') 0.11074314778185938
(60, 49, 21, 0.04, 0.75, 'log2') 0.11073747152619601
(40, 8, 15, 0.08, 0.5, 'log2') 0.11028555431131022
(70, 29, 21, 0.06, 0.5, 'log2') 0.10995793606281538
(60, 12, 21, 0.08, 0.5, 'log2') 0.10980115990057981
(20, 12, 15, 0.1, 0.75, 'log2') 0.10901671309192215
(70, 30, 17, 0.04, 0.5, 'log2') 0.10893887945670643
(30, 8, 33, 0.06, 0.75, 'log2') 0.10852601969057676
(50, 8, 20, 0.08, 0.5, 'log2') 0.10851564663528115
(80, 16, 18, 0.1, 0.5, 'log2') 0.1083788254755996
(40, 19, 11, 0.06, 0.5, 'log2') 0.1082769405743533
(50, 37, 36, 0.04, 1.0, 'log2') 0.10810550198525261
(80, 15, 21, 0.1, 0.75, 'log2') 0.1079157488986783
(70, 13, 17, 0.06, 1.0, 'log2') 0.10711024498886419
(30, 50, 34, 0.08, 1.0, 'log2') 0.10682580278488212
(70, 26, 16, 0.04, 0.5, 'log2') 0.10666099290780164
(70, 46, 15, 0.04, 0.5, 'log2') 0.10644476327116201
(30, 42, 26, 0.1, 0.5, 'log2') 0.1063264730758388
(30, 6, 20, 0.08, 0.5, 'log2') 0.10589550153674196
(50, 20, 35, 0.1, 0.5, 'log2') 0.10540901502504167
(90, 22, None, 0.02, 0.75, 'log2') 0.10477446808510649
(30, 12, 25, 0.08, 0.5, 'log2') 0.10472635419590247
(90, 28, 22, 0.1, 0.5, 'log2') 0.10453370013755164
(50, 30, 36, 0.04, 0.75, 'log2') 0.10445108077360638
(90, 40, 21, 0.02, 1.0, 'log2') 0.1044403303902023
(60, 6, 24, 0.1, 1.0, 'log2') 0.1039945429740791
(40, 19, 10, 0.06, 0.75, 'log2') 0.1037970353477766
(70, 8, 30, 0.1, 1.0, 'log2') 0.10372848948374747
(70, 42, 38, 0.1, 0.5, 'log2') 0.1036717663421418
(30, 9, 12, 0.08, 1.0, 'log2') 0.10330697543066947
(60, 6, 34, 0.08, 1.0, 'log2') 0.103019489431787
(40, 13, 36, 0.04, 0.5, 'log2') 0.10290632054176085
(80, 20, 27, 0.1, 0.5, 'log2') 0.10268393496831077
(60, 10, 38, 0.08, 0.75, 'log2') 0.10209295929592975
(40, 15, 39, 0.06, 0.75, 'log2') 0.10150507328072157
(60, 18, 38, 0.1, 0.75, 'log2') 0.10130146449295381
(90, 32, 10, 0.02, 1.0, 'log2') 0.10014831717056481
(80, 12, 28, 0.1, 0.5, 'log2') 0.10012908541609439
(50, 7, None, 0.1, 0.5, 'log2') 0.09984301845221702
(40, 41, 23, 0.04, 1.0, 'log2') 0.09959444129325025
(90, 15, 28, 0.02, 1.0, 'log2') 0.09894144144144154
(40, 45, 22, 0.04, 1.0, 'log2') 0.09803399433427763
(30, 48, 23, 0.06, 1.0, 'log2') 0.09794392523364495
(60, 8, 28, 0.08, 0.75, 'log2') 0.09785990071704356
(70, 32, 40, 0.06, 0.5, 'log2') 0.09785350678733046
(70, 19, 23, 0.06, 0.5, 'log2') 0.09675357443229607
(90, 36, 30, 0.02, 0.75, 'log2') 0.09596241457858773
(30, 39, 22, 0.06, 1.0, 'log2') 0.09522379603399443
(70, 15, 36, 0.06, 0.5, 'log2') 0.0948260506540496
(40, 9, 36, 0.1, 1.0, 'log2') 0.09472436604189642
(50, 4, 26, 0.1, 0.75, 'log2') 0.09443712246018665
(90, 6, 35, 0.06, 1.0, 'log2') 0.09404429860541424
(80, 5, 37, 0.1, 0.75, 'log2') 0.09357512953367865
(50, 5, 26, 0.1, 1.0, 'log2') 0.09303800929723813
(90, 7, 32, 0.02, 1.0, 'log2') 0.09291314156796389
(90, 4, 20, 0.04, 0.5, 'log2') 0.09212482662968097
(90, 26, 40, 0.02, 0.5, 'log2') 0.09199543899657922
(80, 3, 30, 0.06, 1.0, 'log2') 0.09148198689956329
(80, 3, 39, 0.04, 0.75, 'log2') 0.09146368406517535
(30, 37, 27, 0.08, 0.5, 'log2') 0.09076266363118962
(30, 44, 17, 0.06, 0.75, 'log2') 0.09070781426953577
(80, 24, 39, 0.02, 0.75, 'log2') 0.09064102564102573
(80, 38, 32, 0.02, 0.75, 'log2') 0.08981513083048917
(50, 3, 16, 0.1, 1.0, 'log2') 0.08965441579813502
(40, 19, 31, 0.06, 0.5, 'log2') 0.08958907965099921
(60, 7, 13, 0.02, 1.0, 'log2') 0.08930417495029823
(50, 12, 39, 0.08, 0.5, 'log2') 0.08872222222222235
(70, 5, 12, 0.04, 0.5, 'log2') 0.08816493104418807
(40, 20, 27, 0.1, 0.5, 'log2') 0.088081314397104
(90, 32, 10, 0.02, 0.75, 'log2') 0.08798677020419904
(50, 18, 31, 0.04, 0.75, 'log2') 0.08731575963718824
(50, 3, 17, 0.1, 0.5, 'log2') 0.08712162905888825
(30, 5, 20, 0.08, 0.75, 'log2') 0.08660000000000002
(80, 18, 18, 0.02, 0.75, 'log2') 0.08657879818594102
(20, 25, 29, 0.1, 0.5, 'log2') 0.08646327683615823
(40, 7, 32, 0.08, 1.0, 'log2') 0.08619021288360525
(40, 31, None, 0.04, 1.0, 'log2') 0.0860175736961451
(70, 23, 22, 0.1, 0.5, 'log2') 0.08440949227373078
(80, 26, 27, 0.02, 0.5, 'log2') 0.0835823863636364
(20, 31, 23, 0.08, 0.75, 'log2') 0.08357122628150666
(50, 3, 37, 0.08, 0.75, 'log2') 0.0832546003845097
(80, 22, 10, 0.02, 0.75, 'log2') 0.0831189527603871
(30, 46, 27, 0.08, 0.75, 'log2') 0.08265855039637598
(40, 20, 11, 0.04, 1.0, 'log2') 0.08243366619115551
(90, 6, 36, 0.1, 0.75, 'log2') 0.08125851266684848
(30, 19, 14, 0.08, 0.5, 'log2') 0.08091423719218797
(40, 10, 28, 0.1, 0.5, 'log2') 0.08036227876106189
(90, 15, 39, 0.02, 0.75, 'log2') 0.08014781125639564
(30, 21, None, 0.06, 0.75, 'log2') 0.08011575381140609
(90, 45, 16, 0.02, 0.5, 'log2') 0.07943633762517882
(20, 12, 38, 0.1, 0.75, 'log2') 0.07917577796467633
(20, 30, 31, 0.1, 0.75, 'log2') 0.07888982574480048
(80, 6, 23, 0.02, 1.0, 'log2') 0.07881174146203782
(80, 4, 26, 0.06, 1.0, 'log2') 0.07831737346101231
(40, 48, 16, 0.04, 1.0, 'log2') 0.07820453892559615
(90, 5, 29, 0.1, 1.0, 'log2') 0.07736111111111092
(90, 22, 33, 0.02, 0.5, 'log2') 0.07706788362806623
(20, 14, 22, 0.1, 0.75, 'log2') 0.07676776186464486
(50, 3, 28, 0.04, 0.75, 'log2') 0.07615170105967653
(40, 8, 17, 0.04, 1.0, 'log2') 0.07598194130925515
(90, 6, 17, 0.02, 0.75, 'log2') 0.0758143507972665
(30, 13, 11, 0.06, 0.5, 'log2') 0.07509116809116813
(30, 43, 11, 0.08, 0.5, 'log2') 0.07500574712643683
(30, 6, 11, 0.06, 0.5, 'log2') 0.07354683972911967
(30, 42, 27, 0.06, 0.75, 'log2') 0.07306925049871768
(20, 32, 27, 0.06, 1.0, 'log2') 0.0729302062729585
(70, 39, 26, 0.02, 1.0, 'log2') 0.07277166243296646
(20, 35, None, 0.08, 0.75, 'log2') 0.07259817871371657
(30, 27, 19, 0.06, 0.75, 'log2') 0.07160451977401137
(50, 6, 22, 0.1, 0.75, 'log2') 0.07085926741944382
(80, 7, 14, 0.02, 0.5, 'log2') 0.07070358858434589
(50, 24, 34, 0.04, 0.5, 'log2') 0.06998867176437278
(30, 4, 37, 0.08, 0.75, 'log2') 0.06972538141470198
(20, 32, 35, 0.1, 0.5, 'log2') 0.06948652482269507
(70, 4, 37, 0.04, 0.5, 'log2') 0.06934203220433104
(20, 40, 12, 0.08, 1.0, 'log2') 0.06897682306387791
(30, 24, 23, 0.06, 0.5, 'log2') 0.06817024886877827
(20, 23, 22, 0.08, 1.0, 'log2') 0.06804384485666104
(30, 16, 31, 0.08, 0.75, 'log2') 0.06799831791421374
(80, 48, 39, 0.02, 0.5, 'log2') 0.06741714285714287
(80, 48, 40, 0.02, 0.5, 'log2') 0.06741714285714287
(70, 48, 10, 0.02, 1.0, 'log2') 0.06712646974476628
(60, 4, 17, 0.02, 1.0, 'log2') 0.06636567582725746
(80, 17, 17, 0.02, 1.0, 'log2') 0.0657575757575758
(80, 46, 36, 0.02, 0.5, 'log2') 0.06503160919540231
(30, 21, 39, 0.06, 0.5, 'log2') 0.06478481012658233
(40, 21, 14, 0.04, 0.5, 'log2') 0.06467562160617323
(70, 9, 36, 0.02, 0.5, 'log2') 0.06283248443689872
(30, 33, 13, 0.06, 0.75, 'log2') 0.06141882286039241
(20, 9, 13, 0.1, 0.5, 'log2') 0.0612650433809125
(40, 37, 32, 0.04, 0.5, 'log2') 0.06077933200114191
(30, 12, 18, 0.04, 0.75, 'log2') 0.05551158846806112
(70, 13, None, 0.02, 0.5, 'log2') 0.05495321803232212
(70, 9, 34, 0.02, 0.5, 'log2') 0.05436528131184621
(70, 44, 33, 0.02, 1.0, 'log2') 0.0541768552743816
(70, 19, 24, 0.02, 0.75, 'log2') 0.051537807986406184
(30, 32, 36, 0.06, 0.5, 'log2') 0.05099886813808717
(20, 29, 14, 0.08, 0.75, 'log2') 0.04978935382863652
(20, 10, 22, 0.06, 0.75, 'log2') 0.04903370786516857
(60, 12, 19, 0.02, 1.0, 'log2') 0.04837860780984725
(50, 15, 23, 0.02, 0.75, 'log2') 0.04825275657336728
(20, 48, 14, 0.06, 1.0, 'log2') 0.04824116305587233
(90, 3, 34, 0.1, 0.75, 'log2') 0.04818479149632073
(30, 47, 26, 0.04, 1.0, 'log2') 0.0480045415838774
(60, 46, 34, 0.02, 1.0, 'log2') 0.047985815602836955
(20, 45, 23, 0.1, 0.5, 'log2') 0.04790386803185442
(10, 26, 32, 0.1, 0.75, 'log2') 0.04784308211473568
(20, 12, 34, 0.06, 0.5, 'log2') 0.047801238738738795
(30, 20, 39, 0.04, 1.0, 'log2') 0.0474722775092409
(20, 16, None, 0.1, 0.5, 'log2') 0.047438616071428595
(20, 22, 25, 0.06, 0.5, 'log2') 0.047408975444538586
(90, 3, 31, 0.1, 0.5, 'log2') 0.042290305010893384
(20, 9, 15, 0.06, 0.5, 'log2') 0.04212538656170935
(70, 49, 22, 0.02, 0.5, 'log2') 0.040215269804822124
(20, 25, 40, 0.06, 0.5, 'log2') 0.038294200848656305
(40, 3, 14, 0.04, 0.5, 'log2') 0.03683898305084748
(70, 13, 30, 0.02, 0.75, 'log2') 0.036620592383638975
(30, 11, 21, 0.06, 0.5, 'log2') 0.035584524810765336
(40, 42, 13, 0.04, 0.5, 'log2') 0.035122646891043954
(20, 23, 39, 0.06, 0.5, 'log2') 0.034948048301039064
(30, 16, 13, 0.04, 0.5, 'log2') 0.034191990911672854
(30, 13, 11, 0.04, 0.75, 'log2') 0.033560779816513786
(20, 22, 29, 0.06, 0.75, 'log2') 0.03280889389248524
(10, 12, 22, 0.1, 0.75, 'log2') 0.03137863534675616
(60, 39, 25, 0.02, 0.75, 'log2') 0.031276656241114593
(60, 25, 20, 0.02, 0.5, 'log2') 0.031258202567760365
(10, 17, 19, 0.08, 0.75, 'log2') 0.030651622002820896
(10, 10, 10, 0.1, 0.5, 'log2') 0.028663268195978527
(20, 4, 25, 0.06, 0.5, 'log2') 0.0274608938547486
(20, 42, 24, 0.06, 0.5, 'log2') 0.02718210138770891
(60, 41, 34, 0.02, 0.5, 'log2') 0.026954532456391213
(50, 30, 12, 0.02, 0.75, 'log2') 0.02671637510754235
(20, 46, 38, 0.08, 0.5, 'log2') 0.026185332575326927
(60, 25, 35, 0.02, 0.5, 'log2') 0.026021689497716934
(50, 42, 34, 0.02, 0.5, 'log2') 0.02479518762532231
(70, 40, 17, 0.02, 0.5, 'log2') 0.023619264747791392
(20, 41, 25, 0.06, 0.5, 'log2') 0.023457838143746496
(10, 14, 33, 0.1, 0.75, 'log2') 0.02335948444942561
(50, 32, 11, 0.02, 0.75, 'log2') 0.02233123569794056
(20, 26, 11, 0.06, 0.5, 'log2') 0.022108416547788903
(30, 50, 32, 0.04, 0.5, 'log2') 0.020701001430615172
(10, 33, 29, 0.1, 0.75, 'log2') 0.020572075899178734
(10, 42, 12, 0.1, 1.0, 'log2') 0.019934659090909107
(60, 45, 14, 0.02, 0.75, 'log2') 0.01922879908935688
(50, 23, 35, 0.02, 0.75, 'log2') 0.01893629124004555
(50, 39, 28, 0.02, 1.0, 'log2') 0.01814814814814816
(10, 44, 23, 0.1, 0.75, 'log2') 0.01726602382302897
(50, 18, 28, 0.02, 0.75, 'log2') 0.015977272727272788
(10, 38, 39, 0.1, 1.0, 'log2') 0.015052304212609561
(50, 42, 37, 0.02, 0.75, 'log2') 0.013515825491873393
(30, 33, 26, 0.04, 0.75, 'log2') 0.012767475035663367
(10, 32, 17, 0.08, 0.75, 'log2') 0.012390505792596656
(10, 18, 22, 0.1, 0.75, 'log2') 0.01220658598367578
(40, 7, 30, 0.02, 0.75, 'log2') 0.012007371703997764
(10, 20, 27, 0.1, 0.5, 'log2') 0.01155375139977606
(20, 40, 31, 0.04, 0.75, 'log2') 0.011444412851862415
(10, 7, 10, 0.1, 0.75, 'log2') 0.009581554227156239
(40, 38, 40, 0.02, 0.75, 'log2') 0.00890847072200117
(10, 32, 21, 0.08, 1.0, 'log2') 0.008898257448004565
(20, 4, 40, 0.04, 0.75, 'log2') 0.007372714486638564
(40, 15, 39, 0.02, 0.5, 'log2') 0.0054994324631101625
(40, 39, 27, 0.02, 0.75, 'log2') 0.005279274170683352
(40, 24, 25, 0.02, 1.0, 'log2') 0.004500564334085649
(60, 50, 29, 0.02, 0.5, 'log2') 0.0034958416977344683
(10, 19, 20, 0.08, 0.75, 'log2') 0.0026269751693002784
(60, 45, 12, 0.02, 0.75, 'log2') 0.002472779369627448
(40, 8, 18, 0.02, 0.75, 'log2') 0.001986455981941147
(10, 29, 17, 0.08, 1.0, 'log2') 0.00043074324324331485
(10, 14, 26, 0.06, 1.0, 'log2') -0.0004662921348314355
(20, 28, 12, 0.06, 1.0, 'log2') -0.0012431967917501609
(40, 29, 25, 0.02, 1.0, 'log2') -0.0015660592255127034
(30, 49, 15, 0.04, 0.5, 'log2') -0.0018249641319942834
(30, 39, 26, 0.04, 0.75, 'log2') -0.0022435530085961734
(10, 6, 18, 0.1, 0.75, 'log2') -0.00273233166388425
(20, 32, 40, 0.04, 0.75, 'log2') -0.00500566251415621
(20, 8, 24, 0.04, 0.5, 'log2') -0.005392184425077259
(20, 40, 18, 0.04, 0.75, 'log2') -0.007086320619443716
(30, 7, 20, 0.02, 1.0, 'log2') -0.007261669024045488
(40, 9, 31, 0.02, 1.0, 'log2') -0.008246552209400623
(20, 8, 28, 0.04, 0.75, 'log2') -0.00969407802413697
(10, 28, 36, 0.08, 0.75, 'log2') -0.011708074534161617
(10, 12, 32, 0.06, 1.0, 'log2') -0.01343211967259402
(10, 3, 26, 0.1, 0.75, 'log2') -0.013777901785714319
(20, 12, 17, 0.04, 0.5, 'log2') -0.014579677328050036
(40, 15, 20, 0.02, 0.5, 'log2') -0.014830028328611914
(40, 9, 21, 0.02, 0.5, 'log2') -0.015479762241721056
(40, 6, 10, 0.02, 0.5, 'log2') -0.015578524260694804
(10, 13, 37, 0.1, 0.5, 'log2') -0.016048794167134006
(10, 9, None, 0.08, 0.75, 'log2') -0.017432243643475783
(40, 36, 16, 0.02, 0.75, 'log2') -0.018019434124035612
(10, 10, 38, 0.06, 0.5, 'log2') -0.018063429694078214
(20, 35, 12, 0.04, 0.75, 'log2') -0.018801144492131758
(10, 19, 23, 0.06, 1.0, 'log2') -0.02050310910118724
(10, 9, 28, 0.06, 1.0, 'log2') -0.02154795288839038
(40, 39, 16, 0.02, 0.5, 'log2') -0.022047917855105473
(10, 24, 18, 0.06, 0.75, 'log2') -0.022177739920499963
(10, 39, None, 0.08, 0.5, 'log2') -0.02336177474402747
(40, 44, 21, 0.02, 0.75, 'log2') -0.02751566951566963
(10, 44, 21, 0.08, 0.5, 'log2') -0.028071570576540937
(30, 12, 17, 0.02, 1.0, 'log2') -0.028412517780938975
(30, 26, 39, 0.02, 1.0, 'log2') -0.029323437053953932
(10, 48, 23, 0.08, 0.5, 'log2') -0.030105173393974043
(10, 28, 26, 0.06, 0.5, 'log2') -0.03087993187624202
(10, 24, 27, 0.06, 1.0, 'log2') -0.03149422046800133
(40, 50, 20, 0.02, 0.75, 'log2') -0.03356733524355319
(10, 20, 38, 0.06, 0.5, 'log2') -0.03368022440392725
(20, 41, 33, 0.04, 0.5, 'log2') -0.033895547945205655
(10, 22, 31, 0.06, 0.5, 'log2') -0.03489506522972218
(30, 4, 30, 0.02, 1.0, 'log2') -0.0349394536750213
(30, 29, 38, 0.02, 1.0, 'log2') -0.0355844891027457
(10, 17, 19, 0.06, 0.75, 'log2') -0.03752117447769634
(10, 18, 23, 0.06, 0.5, 'log2') -0.04137249364586292
(10, 39, 31, 0.06, 1.0, 'log2') -0.04172208013640252
(10, 19, 22, 0.06, 0.5, 'log2') -0.04381971830985934
(10, 8, None, 0.04, 0.75, 'log2') -0.045129358830146384
(10, 32, 11, 0.06, 0.5, 'log2') -0.04570983281382844
(10, 40, 33, 0.06, 0.5, 'log2') -0.050808740068104534
(10, 34, 12, 0.06, 1.0, 'log2') -0.05146202170188484
(10, 5, 32, 0.06, 0.75, 'log2') -0.055575319622012426
(10, 13, 25, 0.04, 1.0, 'log2') -0.05594908062234806
(10, 50, 17, 0.06, 1.0, 'log2') -0.057043971631205864
(30, 34, 38, 0.02, 0.5, 'log2') -0.05754000000000021
(10, 8, 32, 0.04, 1.0, 'log2') -0.05841676040494962
(30, 27, 32, 0.02, 0.5, 'log2') -0.06308940774487488
(30, 21, 26, 0.02, 0.5, 'log2') -0.06401075573167304
(30, 50, 33, 0.02, 0.5, 'log2') -0.06845425867507897
(10, 50, 12, 0.06, 0.75, 'log2') -0.06966408268733855
(10, 43, 26, 0.04, 0.5, 'log2') -0.0702333523050656
(10, 29, 34, 0.04, 0.75, 'log2') -0.07056437889960303
(10, 19, 19, 0.04, 0.75, 'log2') -0.0708032926483112
(10, 39, 25, 0.04, 1.0, 'log2') -0.07114913031080712
(10, 20, 18, 0.04, 1.0, 'log2') -0.07188155284783242
(20, 22, 38, 0.02, 0.75, 'log2') -0.07237784090909108
(10, 35, 25, 0.04, 1.0, 'log2') -0.07341595441595458
(10, 17, 36, 0.04, 0.5, 'log2') -0.07412531896796157
(20, 11, 22, 0.02, 1.0, 'log2') -0.07640545144804091
(20, 38, 23, 0.02, 0.75, 'log2') -0.07779675491033325
(20, 35, 25, 0.02, 0.75, 'log2') -0.07919805936073065
(20, 42, 27, 0.02, 1.0, 'log2') -0.08035499570569724
(10, 35, 30, 0.04, 1.0, 'log2') -0.08126772546795247
(10, 8, 26, 0.04, 0.75, 'log2') -0.08337716843872427
(10, 47, 18, 0.04, 0.5, 'log2') -0.0840820980615736
(20, 50, 21, 0.02, 0.75, 'log2') -0.08626647564469928
(20, 14, 12, 0.02, 1.0, 'log2') -0.08854810996563582
(10, 19, 10, 0.04, 1.0, 'log2') -0.08867579908675814
(20, 35, 34, 0.02, 0.5, 'log2') -0.09105278174037099
(10, 3, 40, 0.02, 0.75, 'log2') -0.09428208744710874
(10, 44, 13, 0.04, 0.5, 'log2') -0.09608138873079117
(10, 50, 30, 0.04, 0.75, 'log2') -0.09851057747284174
(20, 49, 21, 0.02, 0.75, 'log2') -0.0987746922416262
(10, 35, 30, 0.02, 0.75, 'log2') -0.10297842135150483
(20, 50, 14, 0.02, 0.5, 'log2') -0.10488425264361251
(10, 35, 15, 0.02, 0.75, 'log2') -0.10541090087545893
(10, 25, 21, 0.02, 0.5, 'log2') -0.10944224235560587


'zero':
(50, 41, None, 0.1, 1.0, 'log2') 0.20798715801228398
(80, 38, 16, 0.1, 1.0, 'log2') 0.2036811352253759
(70, 24, 23, 0.08, 1.0, 'log2') 0.1962322867463187
(80, 50, 36, 0.06, 0.75, 'log2') 0.19007896221094203
(80, 25, 30, 0.08, 1.0, 'log2') 0.18986740331491744
(70, 24, 19, 0.06, 1.0, 'log2') 0.1832042648709315
(80, 33, 37, 0.06, 1.0, 'log2') 0.18164337618781434
(80, 19, 32, 0.08, 1.0, 'log2') 0.1772537149146949
(80, 19, 19, 0.1, 0.75, 'log2') 0.17663543675943819
(80, 15, 24, 0.06, 1.0, 'log2') 0.17641217150760752
(60, 43, 11, 0.08, 1.0, 'log2') 0.17581592320722772
(40, 41, 11, 0.08, 1.0, 'log2') 0.17567121729237778
(60, 32, 32, 0.06, 0.75, 'log2') 0.17550042289258522
(80, 27, 34, 0.06, 0.75, 'log2') 0.173687587168759
(80, 33, 13, 0.08, 1.0, 'log2') 0.17258452081587047
(90, 41, 32, 0.04, 0.75, 'log2') 0.17245599091425332
(60, 50, 32, 0.1, 1.0, 'log2') 0.1718057493720348
(50, 31, 20, 0.1, 0.75, 'log2') 0.1712908633696566
(90, 16, 17, 0.06, 0.75, 'log2') 0.1710063942174034
(80, 22, 13, 0.08, 1.0, 'log2') 0.17044896820970468
(50, 27, 34, 0.1, 0.75, 'log2') 0.17000555555555558
(90, 40, 25, 0.04, 0.75, 'log2') 0.16865510378163193
(70, 31, 13, 0.04, 1.0, 'log2') 0.16720137496419354
(70, 48, 16, 0.06, 1.0, 'log2') 0.16679639029892845
(40, 10, 38, 0.08, 0.75, 'log2') 0.16673055555555552
(90, 25, 21, 0.08, 1.0, 'log2') 0.16630688124306336
(80, 25, 19, 0.1, 0.75, 'log2') 0.16619034482758635
(90, 16, 37, 0.08, 1.0, 'log2') 0.16585112205801888
(90, 44, 35, 0.06, 0.75, 'log2') 0.165125979843225
(90, 33, 35, 0.08, 0.75, 'log2') 0.16500417478430288
(90, 27, 32, 0.04, 1.0, 'log2') 0.16495932678821865
(80, 32, 37, 0.1, 1.0, 'log2') 0.16466961570362204
(60, 50, 11, 0.08, 0.75, 'log2') 0.16428932584269668
(40, 20, 26, 0.1, 1.0, 'log2') 0.16278505715082237
(80, 37, 18, 0.06, 1.0, 'log2') 0.16254499437570316
(60, 37, 19, 0.1, 0.75, 'log2') 0.16247691015952972
(50, 38, 31, 0.08, 1.0, 'log2') 0.16246906636670416
(60, 34, 35, 0.08, 1.0, 'log2') 0.1622283967768823
(80, 20, 22, 0.08, 1.0, 'log2') 0.1620475269411443
(70, 27, 35, 0.1, 1.0, 'log2') 0.16146847345132728
(70, 22, 33, 0.1, 1.0, 'log2') 0.16109366391184557
(80, 39, 34, 0.1, 1.0, 'log2') 0.1608992805755397
(80, 10, 24, 0.04, 1.0, 'log2') 0.15998040862020715
(80, 47, 30, 0.1, 0.75, 'log2') 0.15971175166297127
(90, 39, 21, 0.06, 0.75, 'log2') 0.1592452300785634
(90, 26, 40, 0.1, 1.0, 'log2') 0.15860509728692823
(60, 41, 29, 0.08, 1.0, 'log2') 0.15823512985199664
(80, 34, 24, 0.04, 1.0, 'log2') 0.15803329571106095
(90, 49, 31, 0.04, 0.75, 'log2') 0.15736886872696318
(70, 31, 15, 0.1, 0.75, 'log2') 0.15734405322983078
(90, 17, 11, 0.06, 0.75, 'log2') 0.15662260967379088
(80, 21, 11, 0.08, 0.75, 'log2') 0.15644096250699513
(70, 50, 19, 0.1, 0.75, 'log2') 0.15587597330367053
(80, 30, 23, 0.06, 1.0, 'log2') 0.15554005023723122
(80, 50, 24, 0.06, 0.5, 'log2') 0.1549577702702703
(30, 43, 29, 0.1, 1.0, 'log2') 0.15488424618859414
(60, 49, 33, 0.1, 0.75, 'log2') 0.15485921382771095
(50, 24, 28, 0.08, 0.75, 'log2') 0.15460383653044202
(90, 29, 35, 0.1, 1.0, 'log2') 0.15446094609460928
(60, 40, 13, 0.06, 0.75, 'log2') 0.15436965202509995
(80, 44, 11, 0.08, 0.75, 'log2') 0.154231418918919
(70, 30, 34, 0.06, 0.75, 'log2') 0.15402524544179527
(40, 11, 17, 0.1, 0.75, 'log2') 0.1538324519899805
(60, 43, 19, 0.1, 0.75, 'log2') 0.1533844438249234
(90, 34, 29, 0.04, 0.75, 'log2') 0.15329010431350434
(80, 16, None, 0.04, 0.75, 'log2') 0.15320404721753786
(80, 36, 37, 0.06, 0.5, 'log2') 0.15306001690617077
(90, 50, 37, 0.08, 0.5, 'log2') 0.15295068264140418
(80, 50, 19, 0.08, 0.75, 'log2') 0.1527323471950878
(90, 46, 18, 0.04, 0.5, 'log2') 0.15254067941764182
(60, 17, 24, 0.06, 1.0, 'log2') 0.15231540819169676
(50, 19, 38, 0.1, 0.75, 'log2') 0.15065133037694
(60, 17, 11, 0.08, 0.5, 'log2') 0.15064225352112665
(90, 42, 30, 0.06, 1.0, 'log2') 0.15059381098410907
(80, 31, 30, 0.1, 1.0, 'log2') 0.1505383765875207
(80, 18, 35, 0.08, 0.5, 'log2') 0.15031811894882455
(80, 9, 32, 0.04, 1.0, 'log2') 0.1500918708240535
(40, 40, 34, 0.1, 0.75, 'log2') 0.1490661805945035
(90, 23, 35, 0.06, 1.0, 'log2') 0.14872747435541983
(90, 35, 34, 0.04, 0.75, 'log2') 0.1486162988115449
(30, 17, 29, 0.06, 1.0, 'log2') 0.14859999999999998
(40, 29, 36, 0.06, 1.0, 'log2') 0.1481050550691894
(50, 7, 31, 0.08, 1.0, 'log2') 0.1476916735366858
(80, 35, 15, 0.06, 0.5, 'log2') 0.14768453550378888
(80, 30, 16, 0.08, 0.75, 'log2') 0.1475641025641026
(90, 35, 12, 0.04, 0.75, 'log2') 0.14636027319294242
(50, 47, None, 0.08, 1.0, 'log2') 0.14597019122609653
(30, 50, 38, 0.1, 1.0, 'log2') 0.14559422750424442
(40, 41, 14, 0.08, 1.0, 'log2') 0.14552243043725144
(80, 37, 24, 0.04, 0.75, 'log2') 0.14530646992054483
(50, 41, 30, 0.06, 0.75, 'log2') 0.14510025416548974
(80, 13, 10, 0.06, 0.75, 'log2') 0.1450593220338984
(50, 42, 33, 0.06, 1.0, 'log2') 0.14484016973125877
(70, 44, 13, 0.1, 0.5, 'log2') 0.1446259456430373
(70, 31, 34, 0.04, 1.0, 'log2') 0.14459611595834507
(80, 10, 19, 0.06, 1.0, 'log2') 0.1442147391664366
(80, 39, None, 0.1, 0.5, 'log2') 0.14340437309714907
(50, 23, 40, 0.1, 0.5, 'log2') 0.14327409053040807
(90, 24, 14, 0.06, 1.0, 'log2') 0.14267811883976336
(90, 33, 25, 0.06, 0.75, 'log2') 0.14232707924950988
(70, 36, 22, 0.1, 1.0, 'log2') 0.14228935698447873
(50, 15, 26, 0.08, 1.0, 'log2') 0.14226415094339614
(70, 15, 23, 0.08, 1.0, 'log2') 0.14219579646017688
(70, 16, 40, 0.08, 1.0, 'log2') 0.14218397135775276
(80, 34, 14, 0.08, 0.5, 'log2') 0.14208345001400163
(70, 7, 10, 0.06, 0.5, 'log2') 0.1418166383701188
(50, 34, 38, 0.06, 1.0, 'log2') 0.14152628603730924
(80, 38, 17, 0.04, 1.0, 'log2') 0.1410865874363327
(80, 44, 21, 0.04, 0.5, 'log2') 0.14099145299145296
(90, 19, 35, 0.06, 0.5, 'log2') 0.1408569838619922
(40, 12, 30, 0.1, 0.5, 'log2') 0.14065446478092059
(90, 19, 13, 0.1, 0.75, 'log2') 0.14045227524972237
(60, 11, 24, 0.08, 1.0, 'log2') 0.13970863111599782
(50, 46, 39, 0.06, 0.75, 'log2') 0.13927573424579415
(80, 21, None, 0.04, 0.5, 'log2') 0.1387775268210051
(70, 50, 12, 0.04, 0.5, 'log2') 0.1384375892602113
(50, 28, 16, 0.08, 0.5, 'log2') 0.13809564233163554
(70, 30, 12, 0.04, 1.0, 'log2') 0.13771575049843354
(60, 45, 37, 0.08, 1.0, 'log2') 0.13757938718662943
(30, 47, 15, 0.1, 1.0, 'log2') 0.13733086981239329
(80, 27, 26, 0.08, 0.75, 'log2') 0.13723280861640424
(80, 29, 40, 0.04, 1.0, 'log2') 0.1371315863623555
(60, 10, 16, 0.06, 0.5, 'log2') 0.13632051641874823
(50, 22, 12, 0.06, 0.75, 'log2') 0.13583333333333333
(30, 49, 30, 0.08, 1.0, 'log2') 0.13572722127900397
(60, 20, 33, 0.04, 1.0, 'log2') 0.13504799548277818
(90, 43, 32, 0.04, 0.75, 'log2') 0.13491472427515633
(50, 48, 23, 0.06, 0.75, 'log2') 0.13483053261179137
(30, 47, 22, 0.1, 1.0, 'log2') 0.13475077442973812
(50, 33, 13, 0.1, 0.5, 'log2') 0.13438076600503204
(60, 15, 13, 0.1, 0.75, 'log2') 0.1343635352973874
(80, 25, 24, 0.04, 0.5, 'log2') 0.13365352112676052
(60, 32, 39, 0.08, 0.5, 'log2') 0.13357641799385297
(70, 21, 18, 0.04, 0.75, 'log2') 0.1335653409090908
(50, 34, 28, 0.06, 0.5, 'log2') 0.1334581560283687
(60, 20, 14, 0.08, 0.5, 'log2') 0.1331899441340783
(40, 35, 38, 0.08, 0.5, 'log2') 0.13299123551031963
(70, 43, 29, 0.08, 0.75, 'log2') 0.13228163493840986
(90, 41, 13, 0.04, 0.5, 'log2') 0.13217616580310879
(40, 17, 16, 0.06, 1.0, 'log2') 0.13206672321176138
(20, 41, 35, 0.1, 1.0, 'log2') 0.13166854884246174
(40, 35, 27, 0.08, 0.5, 'log2') 0.13107940096072324
(60, 28, None, 0.04, 0.5, 'log2') 0.1310514350667803
(90, 42, 13, 0.04, 1.0, 'log2') 0.130810112036771
(70, 35, 15, 0.06, 0.5, 'log2') 0.1305064715813168
(40, 46, 14, 0.06, 1.0, 'log2') 0.1303391279566827
(50, 17, 21, 0.08, 0.75, 'log2') 0.12983812447669552
(40, 7, 39, 0.06, 0.75, 'log2') 0.12969857661177786
(60, 40, None, 0.08, 0.75, 'log2') 0.1296268237934905
(60, 33, 27, 0.06, 0.5, 'log2') 0.12928994082840234
(70, 28, 17, 0.04, 0.5, 'log2') 0.12808680753854948
(80, 25, 32, 0.08, 0.5, 'log2') 0.12793848711554448
(30, 36, 12, 0.1, 0.75, 'log2') 0.12766278077907298
(80, 36, 38, 0.04, 0.5, 'log2') 0.127661336379212
(70, 19, 16, 0.04, 0.5, 'log2') 0.12760543447495049
(40, 10, 34, 0.1, 1.0, 'log2') 0.1274737423991155
(90, 8, None, 0.06, 0.75, 'log2') 0.12746293245469512
(50, 7, 14, 0.1, 1.0, 'log2') 0.12725131615405916
(50, 33, 29, 0.1, 0.5, 'log2') 0.12661083193746495
(50, 21, 39, 0.08, 0.75, 'log2') 0.12602453303596325
(60, 9, 31, 0.1, 0.75, 'log2') 0.1259318306761957
(40, 35, 40, 0.08, 1.0, 'log2') 0.1252519596864502
(90, 36, 11, 0.04, 0.5, 'log2') 0.12496445834518043
(50, 48, None, 0.08, 0.75, 'log2') 0.12432272599267813
(30, 28, 18, 0.1, 0.5, 'log2') 0.12415672913117551
(50, 46, 33, 0.1, 0.75, 'log2') 0.1239680761691403
(90, 24, 10, 0.06, 0.5, 'log2') 0.1238624189455878
(60, 35, 30, 0.08, 0.5, 'log2') 0.12374017957351285
(40, 44, 25, 0.06, 0.5, 'log2') 0.12336093660765265
(30, 27, 39, 0.08, 0.75, 'log2') 0.12331265858471949
(40, 33, 37, 0.06, 0.75, 'log2') 0.1231898016997167
(90, 39, 30, 0.04, 0.75, 'log2') 0.12315849163595113
(40, 40, 20, 0.08, 1.0, 'log2') 0.12298364354201928
(40, 26, 24, 0.08, 1.0, 'log2') 0.12285191441441438
(90, 43, 14, 0.06, 0.5, 'log2') 0.12182820005651318
(80, 5, 28, 0.06, 0.5, 'log2') 0.12181039248203407
(60, 30, None, 0.06, 0.5, 'log2') 0.12178902953586503
(60, 12, 20, 0.06, 0.75, 'log2') 0.12158584169453733
(70, 45, 24, 0.1, 0.5, 'log2') 0.12156441717791396
(90, 17, 17, 0.08, 0.5, 'log2') 0.12156432342317308
(70, 36, 21, 0.06, 1.0, 'log2') 0.12134496342149703
(90, 40, 32, 0.1, 0.5, 'log2') 0.12113359201773835
(30, 10, 26, 0.1, 0.75, 'log2') 0.12112037809285509
(70, 38, 37, 0.08, 0.5, 'log2') 0.12062202297562351
(70, 30, 28, 0.06, 0.5, 'log2') 0.12011001410437235
(50, 7, 22, 0.08, 1.0, 'log2') 0.12001381215469605
(50, 35, 23, 0.04, 0.75, 'log2') 0.11983737517831677
(50, 10, 21, 0.1, 0.5, 'log2') 0.11966978536048424
(80, 29, 35, 0.04, 0.75, 'log2') 0.11962942008486556
(20, 31, 33, 0.1, 1.0, 'log2') 0.11910014104372371
(80, 44, 27, 0.06, 0.75, 'log2') 0.11867770915216178
(60, 13, 17, 0.1, 0.75, 'log2') 0.11840287372202243
(50, 5, 26, 0.04, 0.75, 'log2') 0.1182236656311777
(70, 13, 18, 0.1, 0.5, 'log2') 0.11821842250413692
(80, 10, 30, 0.06, 0.5, 'log2') 0.11812048861743461
(80, 30, 30, 0.1, 0.75, 'log2') 0.11808393152954165
(80, 28, 38, 0.06, 0.5, 'log2') 0.11710157126823789
(50, 22, 33, 0.04, 0.75, 'log2') 0.11691477272727284
(40, 22, 40, 0.06, 0.75, 'log2') 0.11691027088036131
(90, 34, 29, 0.04, 0.5, 'log2') 0.11678722803051714
(90, 21, 23, 0.04, 0.75, 'log2') 0.11662886305642192
(80, 31, 27, 0.04, 0.5, 'log2') 0.11660714285714303
(40, 50, 23, 0.08, 0.5, 'log2') 0.11650978168415077
(20, 26, 29, 0.1, 1.0, 'log2') 0.11644481887110361
(90, 42, 11, 0.1, 0.75, 'log2') 0.11584357541899436
(50, 38, 13, 0.08, 0.5, 'log2') 0.11560687130385816
(90, 6, 10, 0.08, 0.5, 'log2') 0.11504727474972197
(50, 21, 17, 0.1, 0.75, 'log2') 0.11499721913236928
(30, 22, 33, 0.1, 0.75, 'log2') 0.1145766974015088
(40, 37, 13, 0.06, 1.0, 'log2') 0.11455645161290319
(80, 14, 12, 0.02, 0.75, 'log2') 0.11316975748930112
(30, 20, 25, 0.1, 0.75, 'log2') 0.11193385650224223
(90, 16, 27, 0.04, 0.75, 'log2') 0.111035254616676
(60, 9, 27, 0.06, 0.75, 'log2') 0.11092971776425017
(90, 6, 34, 0.1, 1.0, 'log2') 0.11036794766966466
(60, 10, 20, 0.04, 0.5, 'log2') 0.10979407616361075
(30, 21, 12, 0.1, 0.75, 'log2') 0.10978309859154926
(90, 22, 32, 0.04, 0.5, 'log2') 0.10943785310734477
(90, 6, 32, 0.1, 1.0, 'log2') 0.10931588988825283
(60, 23, 20, 0.08, 0.5, 'log2') 0.10927932960893867
(30, 11, 17, 0.08, 0.75, 'log2') 0.10864387783692919
(20, 44, 36, 0.1, 0.75, 'log2') 0.10862539051405867
(40, 39, 29, 0.04, 1.0, 'log2') 0.10789190718732322
(70, 36, 15, 0.1, 0.5, 'log2') 0.1077737632017788
(50, 19, 25, 0.04, 1.0, 'log2') 0.10770491803278699
(40, 38, 10, 0.06, 0.75, 'log2') 0.1068946765884374
(60, 39, 16, 0.1, 0.5, 'log2') 0.10609701700585437
(90, 30, 31, 0.06, 0.5, 'log2') 0.10564791491743647
(20, 26, 19, 0.1, 1.0, 'log2') 0.1052992659514399
(70, 32, 22, 0.08, 0.5, 'log2') 0.10517937219730947
(30, 11, 31, 0.06, 1.0, 'log2') 0.10509370629370632
(60, 29, 37, 0.06, 0.5, 'log2') 0.10456065759637193
(80, 36, 35, 0.1, 0.5, 'log2') 0.10444815123714203
(40, 9, 37, 0.08, 0.5, 'log2') 0.10440715883668904
(80, 11, 23, 0.06, 0.5, 'log2') 0.10432898027229782
(50, 31, 12, 0.06, 0.75, 'log2') 0.10367027334851948
(50, 18, 16, 0.08, 0.5, 'log2') 0.1035341928251122
(90, 29, 35, 0.02, 0.75, 'log2') 0.10349674128648355
(30, 7, 11, 0.06, 1.0, 'log2') 0.10323915525114166
(70, 22, 15, 0.04, 0.75, 'log2') 0.10285714285714294
(60, 7, 33, 0.08, 0.75, 'log2') 0.10264576457645753
(40, 45, 17, 0.06, 0.5, 'log2') 0.10249287749287761
(80, 4, 12, 0.02, 0.75, 'log2') 0.10187677455990922
(30, 23, 29, 0.1, 0.75, 'log2') 0.1013604488078541
(50, 33, 34, 0.04, 0.75, 'log2') 0.10061784897025178
(30, 36, 18, 0.08, 0.5, 'log2') 0.10039249146757687
(40, 20, 40, 0.08, 0.5, 'log2') 0.10033361368096452
(30, 33, None, 0.08, 0.5, 'log2') 0.10012585812356987
(50, 18, 27, 0.1, 0.75, 'log2') 0.0998447893569845
(50, 37, 13, 0.04, 0.75, 'log2') 0.09937714285714297
(70, 3, None, 0.04, 0.5, 'log2') 0.09910888331940966
(40, 45, 27, 0.1, 0.75, 'log2') 0.09874824978997482
(30, 42, 31, 0.06, 0.75, 'log2') 0.09837215909090925
(40, 40, None, 0.08, 1.0, 'log2') 0.09826050183253462
(40, 35, 12, 0.04, 1.0, 'log2') 0.09801645856980715
(80, 48, 24, 0.06, 0.5, 'log2') 0.09789577464788744
(40, 27, 21, 0.06, 0.75, 'log2') 0.09785472018089332
(30, 49, 15, 0.06, 1.0, 'log2') 0.0977596566523606
(90, 47, 35, 0.02, 0.5, 'log2') 0.09698280802292274
(40, 12, 18, 0.04, 0.75, 'log2') 0.09650838783053757
(50, 15, 39, 0.08, 0.5, 'log2') 0.09635626398210304
(40, 35, 25, 0.04, 0.75, 'log2') 0.09535592255125293
(20, 7, 37, 0.1, 0.75, 'log2') 0.09494966442953033
(80, 26, 11, 0.08, 0.5, 'log2') 0.09486456297123709
(40, 37, 22, 0.06, 0.75, 'log2') 0.09442771939789849
(40, 9, 37, 0.06, 1.0, 'log2') 0.0938108640585422
(20, 17, 12, 0.1, 0.5, 'log2') 0.09366053748231963
(90, 42, 13, 0.02, 0.75, 'log2') 0.09323639504750951
(40, 4, 16, 0.06, 1.0, 'log2') 0.09320595672941849
(20, 10, 26, 0.1, 0.75, 'log2') 0.09314907872696833
(70, 29, 37, 0.08, 0.5, 'log2') 0.09293366638912022
(50, 5, 18, 0.1, 1.0, 'log2') 0.09279735682819386
(20, 15, 24, 0.08, 1.0, 'log2') 0.09274316323653806
(40, 26, 26, 0.04, 1.0, 'log2') 0.09254385964912294
(90, 47, 39, 0.02, 1.0, 'log2') 0.09246285714285729
(30, 42, 38, 0.08, 0.5, 'log2') 0.09220180893159986
(60, 30, 20, 0.06, 0.5, 'log2') 0.0920771850170261
(80, 7, 24, 0.08, 0.75, 'log2') 0.09178953137845987
(60, 16, 21, 0.06, 0.5, 'log2') 0.09151371012870733
(30, 34, 26, 0.04, 1.0, 'log2') 0.09086088939566712
(30, 37, 17, 0.1, 1.0, 'log2') 0.09075945793337106
(70, 43, 11, 0.02, 1.0, 'log2') 0.0903419540229886
(90, 32, None, 0.02, 0.75, 'log2') 0.09025692263773907
(60, 10, 15, 0.02, 1.0, 'log2') 0.0898259629101285
(80, 50, 13, 0.02, 1.0, 'log2') 0.08947519357613999
(20, 39, 24, 0.08, 1.0, 'log2') 0.08922858763471356
(40, 45, 31, 0.1, 0.75, 'log2') 0.08884033613445393
(90, 3, 17, 0.02, 0.5, 'log2') 0.08863247863247863
(20, 16, 20, 0.08, 1.0, 'log2') 0.08862282181000565
(80, 44, 34, 0.02, 1.0, 'log2') 0.08858536585365856
(40, 25, 29, 0.08, 0.5, 'log2') 0.08784632641615263
(40, 19, None, 0.04, 0.5, 'log2') 0.08726294933484299
(60, 17, 32, 0.06, 0.5, 'log2') 0.08697504906083565
(40, 9, 19, 0.04, 0.75, 'log2') 0.08678631995477672
(50, 6, 39, 0.08, 0.5, 'log2') 0.08668142817603107
(80, 44, None, 0.02, 0.75, 'log2') 0.08657962697274034
(90, 5, 32, 0.1, 0.5, 'log2') 0.08586564718732927
(30, 23, 32, 0.06, 0.75, 'log2') 0.0855773049645391
(40, 4, 24, 0.08, 1.0, 'log2') 0.08530093870789615
(70, 37, 29, 0.02, 1.0, 'log2') 0.0838236139040506
(70, 47, 22, 0.02, 0.5, 'log2') 0.08363427257044283
(40, 7, 27, 0.04, 0.75, 'log2') 0.0832926829268294
(30, 20, 10, 0.06, 1.0, 'log2') 0.08300285714285717
(30, 7, None, 0.08, 0.75, 'log2') 0.0828440111420613
(70, 19, 29, 0.02, 1.0, 'log2') 0.0827585227272728
(70, 46, 11, 0.04, 0.5, 'log2') 0.08266493805819655
(80, 8, 34, 0.02, 0.5, 'log2') 0.08206515580736558
(80, 7, 37, 0.02, 1.0, 'log2') 0.08141880341880356
(40, 3, 29, 0.1, 0.5, 'log2') 0.08070976616231097
(90, 38, None, 0.02, 1.0, 'log2') 0.0805848787446505
(50, 24, 29, 0.1, 0.75, 'log2') 0.08054308672762538
(20, 27, 16, 0.1, 0.75, 'log2') 0.0800112707805016
(90, 45, 29, 0.02, 0.5, 'log2') 0.07971404060623397
(30, 4, None, 0.08, 0.5, 'log2') 0.07969815539407497
(50, 46, 22, 0.04, 1.0, 'log2') 0.07955706984667808
(30, 11, 17, 0.06, 1.0, 'log2') 0.0794739803094234
(30, 28, 24, 0.04, 0.75, 'log2') 0.07925049871758338
(70, 34, 28, 0.02, 0.75, 'log2') 0.079163802978236
(30, 20, 33, 0.06, 0.5, 'log2') 0.07905845980888146
(30, 39, 27, 0.06, 0.75, 'log2') 0.07872649572649588
(40, 48, 32, 0.04, 0.75, 'log2') 0.07799827932320048
(20, 49, 37, 0.1, 0.75, 'log2') 0.07780425531914899
(80, 44, 21, 0.02, 0.75, 'log2') 0.07736661911554922
(80, 28, 40, 0.02, 0.5, 'log2') 0.07673770957658434
(50, 3, 35, 0.04, 0.5, 'log2') 0.07643558798765085
(40, 15, 33, 0.1, 0.5, 'log2') 0.07630978865406012
(30, 42, 22, 0.04, 0.75, 'log2') 0.0761630901287554
(70, 21, 13, 0.02, 1.0, 'log2') 0.0725864532723636
(60, 14, 22, 0.02, 1.0, 'log2') 0.07162514156285393
(70, 7, 12, 0.02, 0.75, 'log2') 0.07127106540988293
(90, 5, 13, 0.02, 0.5, 'log2') 0.07077316657191592
(80, 9, 15, 0.02, 0.75, 'log2') 0.07028221208665912
(80, 29, 14, 0.02, 0.5, 'log2') 0.07024404249210452
(80, 44, 10, 0.02, 0.5, 'log2') 0.07022543352601159
(60, 6, 36, 0.1, 1.0, 'log2') 0.06912817709756772
(20, 11, 22, 0.1, 0.5, 'log2') 0.06863636363636369
(70, 4, 33, 0.02, 0.75, 'log2') 0.06786568013659655
(30, 17, 40, 0.04, 1.0, 'log2') 0.06779565340107264
(30, 18, 34, 0.04, 0.5, 'log2') 0.06759411265213701
(70, 15, 21, 0.02, 0.75, 'log2') 0.06755246738513897
(20, 46, 38, 0.08, 0.75, 'log2') 0.06749858035207273
(30, 26, 17, 0.08, 0.75, 'log2') 0.06720293536550948
(40, 33, 32, 0.04, 0.75, 'log2') 0.06672149744753263
(70, 22, 19, 0.02, 0.5, 'log2') 0.06585595884538444
(40, 35, 20, 0.04, 0.5, 'log2') 0.06424302788844624
(30, 46, 27, 0.04, 1.0, 'log2') 0.06383045080805218
(20, 11, 14, 0.08, 0.5, 'log2') 0.06381086405854211
(20, 42, 37, 0.06, 0.75, 'log2') 0.0637862421830586
(30, 6, 12, 0.04, 0.75, 'log2') 0.06358361774744029
(20, 8, 10, 0.08, 1.0, 'log2') 0.06332856325128797
(70, 20, 23, 0.02, 0.5, 'log2') 0.06314066059225518
(20, 15, 29, 0.08, 1.0, 'log2') 0.06201064127695334
(60, 5, 28, 0.02, 0.75, 'log2') 0.06053284465745702
(30, 7, 27, 0.08, 0.5, 'log2') 0.06003914988814321
(60, 27, 20, 0.02, 1.0, 'log2') 0.058720930232558165
(20, 33, 13, 0.08, 0.5, 'log2') 0.05853083262290426
(30, 28, 29, 0.04, 1.0, 'log2') 0.05792200398519788
(50, 28, 32, 0.02, 1.0, 'log2') 0.05673585442138188
(60, 14, 15, 0.02, 0.75, 'log2') 0.05634097989238179
(20, 40, 25, 0.08, 0.75, 'log2') 0.05616864742501415
(30, 15, 40, 0.04, 1.0, 'log2') 0.05585007072135784
(30, 42, 32, 0.04, 1.0, 'log2') 0.05548735436203468
(60, 47, 29, 0.02, 0.75, 'log2') 0.0542296759522456
(60, 45, None, 0.02, 1.0, 'log2') 0.05356226845255057
(20, 46, 23, 0.06, 1.0, 'log2') 0.05343011670936527
(60, 24, 29, 0.02, 0.5, 'log2') 0.05209589434395638
(30, 42, 24, 0.04, 0.75, 'log2') 0.05183888414460578
(20, 45, 40, 0.1, 0.5, 'log2') 0.05177954094644379
(30, 39, 18, 0.04, 1.0, 'log2') 0.05177442324124184
(10, 47, 39, 0.1, 1.0, 'log2') 0.051510076639227985
(20, 28, 21, 0.1, 0.5, 'log2') 0.04981961668545663
(30, 29, 38, 0.06, 0.5, 'log2') 0.04955075348308217
(70, 41, 18, 0.02, 0.5, 'log2') 0.04905649555491832
(10, 10, 26, 0.1, 0.5, 'log2') 0.048629868310451164
(60, 23, 31, 0.02, 0.75, 'log2') 0.04815214305989217
(70, 48, 39, 0.02, 0.75, 'log2') 0.04776507573592456
(30, 48, 33, 0.04, 0.75, 'log2') 0.0465654540246348
(20, 22, 28, 0.04, 0.75, 'log2') 0.04651280607936958
(10, 43, 24, 0.1, 1.0, 'log2') 0.046447963800905004
(20, 48, 10, 0.08, 0.5, 'log2') 0.04641157924906855
(20, 16, 39, 0.06, 1.0, 'log2') 0.04451539983046061
(20, 28, 33, 0.1, 0.5, 'log2') 0.04405252753459478
(20, 11, 38, 0.04, 1.0, 'log2') 0.04363892806770104
(30, 9, 11, 0.04, 1.0, 'log2') 0.039417282546901675
(80, 3, 23, 0.06, 1.0, 'log2') 0.03826896740619008
(20, 5, 29, 0.06, 1.0, 'log2') 0.03418533034714447
(40, 40, 18, 0.02, 1.0, 'log2') 0.030984397163120552
(50, 37, 30, 0.02, 0.75, 'log2') 0.030554444126893406
(20, 31, 30, 0.08, 0.5, 'log2') 0.02991716652385035
(20, 45, 38, 0.06, 0.5, 'log2') 0.029649472784269045
(20, 13, 11, 0.06, 0.75, 'log2') 0.029629735118199923
(30, 41, 14, 0.04, 0.5, 'log2') 0.0280663615560641
(50, 11, 37, 0.02, 0.75, 'log2') 0.02751698754246884
(60, 35, 31, 0.02, 0.75, 'log2') 0.02714529428490191
(20, 8, 37, 0.06, 0.75, 'log2') 0.026693797361773783
(40, 30, 27, 0.02, 0.75, 'log2') 0.026381168462847413
(50, 34, 31, 0.02, 0.5, 'log2') 0.025086919350242237
(40, 13, 11, 0.02, 0.5, 'log2') 0.024672576494137843
(40, 42, 29, 0.02, 0.75, 'log2') 0.02345268542199486
(10, 4, 13, 0.1, 0.75, 'log2') 0.0233576847429053
(40, 30, 28, 0.02, 0.5, 'log2') 0.02295473953885568
(60, 38, 34, 0.02, 0.5, 'log2') 0.02294100801832761
(10, 22, 21, 0.1, 0.5, 'log2') 0.02274184476940385
(10, 16, 20, 0.08, 1.0, 'log2') 0.02232773109243691
(50, 47, 39, 0.02, 1.0, 'log2') 0.022249360976995185
(50, 46, 37, 0.02, 0.75, 'log2') 0.02199315654405474
(10, 15, 39, 0.08, 1.0, 'log2') 0.02195835678109172
(40, 8, 18, 0.02, 0.75, 'log2') 0.02182541939152687
(30, 46, 39, 0.04, 0.5, 'log2') 0.02146445903511277
(10, 36, 37, 0.08, 1.0, 'log2') 0.020293868324385424
(10, 25, 25, 0.08, 1.0, 'log2') 0.02023413258110014
(30, 5, 32, 0.08, 0.75, 'log2') 0.019874826147426968
(10, 30, 34, 0.08, 1.0, 'log2') 0.019591549295774634
(10, 50, 21, 0.1, 1.0, 'log2') 0.017279661016949166
(50, 26, 14, 0.02, 0.5, 'log2') 0.01601136363636364
(30, 13, 37, 0.02, 1.0, 'log2') 0.01429583451402664
(50, 29, 14, 0.02, 0.5, 'log2') 0.012063446699056892
(10, 12, 13, 0.1, 0.5, 'log2') 0.010952782462057341
(10, 48, 34, 0.1, 0.75, 'log2') 0.01046610169491523
(10, 41, 34, 0.08, 0.75, 'log2') 0.008806689342403633
(40, 37, 13, 0.02, 0.75, 'log2') 0.006762857142857126
(10, 5, 13, 0.08, 0.75, 'log2') 0.0052966101694915365
(40, 23, 30, 0.02, 0.5, 'log2') 0.004935952177625995
(10, 25, 40, 0.1, 0.5, 'log2') 0.004390175042348968
(10, 21, 37, 0.06, 0.75, 'log2') 0.003005356639413613
(20, 32, 29, 0.04, 0.75, 'log2') 0.001489482660602623
(20, 45, 25, 0.04, 1.0, 'log2') 0.0014726908778953367
(10, 15, 38, 0.04, 1.0, 'log2') 0.0005018120992472732
(30, 30, 30, 0.02, 1.0, 'log2') 7.635746606335231e-05
(30, 22, 39, 0.02, 1.0, 'log2') -0.000441926345609095
(50, 5, 11, 0.02, 0.75, 'log2') -0.00045207439198853653
(30, 12, 33, 0.02, 1.0, 'log2') -0.0014479638009049726
(20, 8, 35, 0.04, 0.5, 'log2') -0.0026454877705932066
(10, 43, 29, 0.06, 1.0, 'log2') -0.0035422575155984516
(30, 16, 22, 0.02, 1.0, 'log2') -0.003547105561861528
(10, 9, 35, 0.06, 0.5, 'log2') -0.0038006143535325556
(10, 37, 27, 0.1, 0.75, 'log2') -0.006297763939994361
(10, 37, 26, 0.08, 0.5, 'log2') -0.006849587716804119
(10, 36, 28, 0.06, 0.75, 'log2') -0.007809765735252599
(20, 38, 30, 0.04, 0.5, 'log2') -0.008181558664002473
(10, 16, 15, 0.08, 0.75, 'log2') -0.009242893329580733
(10, 42, 16, 0.1, 0.5, 'log2') -0.011406338426712109
(30, 35, 15, 0.02, 0.5, 'log2') -0.01228587634713569
(10, 17, 26, 0.06, 0.5, 'log2') -0.012415349887133383
(40, 41, 12, 0.02, 1.0, 'log2') -0.01292093287827075
(30, 23, 23, 0.02, 0.75, 'log2') -0.01485544217687082
(10, 18, 39, 0.06, 0.75, 'log2') -0.015698622434636045
(30, 40, 26, 0.02, 0.75, 'log2') -0.016832104367555372
(40, 32, 13, 0.02, 0.5, 'log2') -0.01841365461847389
(30, 47, 32, 0.02, 0.75, 'log2') -0.01855884025014213
(10, 7, 13, 0.06, 0.5, 'log2') -0.019193002257336327
(10, 47, 40, 0.08, 0.5, 'log2') -0.019903409090909253
(10, 45, 25, 0.1, 0.5, 'log2') -0.019940476190476366
(10, 9, 29, 0.04, 0.75, 'log2') -0.021631225517627504
(10, 14, 25, 0.06, 0.75, 'log2') -0.02229301150715705
(10, 45, 16, 0.04, 0.75, 'log2') -0.022814337720526486
(30, 23, 10, 0.02, 1.0, 'log2') -0.023546826074580297
(20, 16, 30, 0.02, 0.75, 'log2') -0.024340258281864223
(10, 31, None, 0.06, 0.5, 'log2') -0.024341807909604694
(10, 8, 31, 0.08, 0.5, 'log2') -0.024748181309457353
(10, 35, 29, 0.04, 1.0, 'log2') -0.024771003090755875
(10, 16, None, 0.06, 0.75, 'log2') -0.025610440639910328
(20, 39, 30, 0.04, 0.75, 'log2') -0.02747362418021119
(30, 21, 10, 0.02, 0.75, 'log2') -0.02858686380437882
(30, 6, 29, 0.02, 0.5, 'log2') -0.03002812148481458
(20, 16, 19, 0.02, 0.5, 'log2') -0.030350336322870035
(10, 50, 25, 0.06, 0.5, 'log2') -0.03048332391181471
(30, 43, 16, 0.02, 0.75, 'log2') -0.030553977272727444
(10, 42, 13, 0.08, 0.5, 'log2') -0.031737528344671376
(30, 47, None, 0.02, 1.0, 'log2') -0.03282369534555728
(10, 8, 29, 0.04, 0.5, 'log2') -0.03422316384180805
(20, 26, 28, 0.02, 1.0, 'log2') -0.03580917534477921
(20, 23, 16, 0.02, 0.75, 'log2') -0.03678309859154943
(20, 43, 28, 0.02, 0.75, 'log2') -0.036876051598429715
(20, 46, 33, 0.02, 0.5, 'log2') -0.0373911822521765
(20, 49, 11, 0.02, 0.5, 'log2') -0.037696850393700895
(20, 43, 40, 0.02, 0.5, 'log2') -0.03819175777964687
(10, 37, 31, 0.04, 0.75, 'log2') -0.03872931276297347
(10, 31, 20, 0.04, 1.0, 'log2') -0.04013191131069331
(10, 4, 40, 0.04, 1.0, 'log2') -0.04044871794871811
(20, 5, 31, 0.02, 1.0, 'log2') -0.04066629495400065
(10, 38, 20, 0.04, 0.5, 'log2') -0.042984278495227506
(20, 11, 38, 0.02, 1.0, 'log2') -0.0446939921392478
(20, 41, 37, 0.02, 0.5, 'log2') -0.04498873873873881
(20, 41, 39, 0.02, 0.5, 'log2') -0.04498873873873881
(20, 34, 22, 0.02, 0.5, 'log2') -0.046179932735426074
(20, 15, 32, 0.02, 0.75, 'log2') -0.04752180028129409
(10, 15, 32, 0.02, 1.0, 'log2') -0.04975421154377249
(10, 6, 16, 0.02, 1.0, 'log2') -0.052093344380005666
(10, 34, 24, 0.02, 1.0, 'log2') -0.052261542714957226
(10, 32, 23, 0.06, 0.5, 'log2') -0.058529079616036234
(20, 32, 35, 0.02, 0.5, 'log2') -0.058847667228780313
(10, 16, 22, 0.02, 0.75, 'log2') -0.05905733186328557
(10, 4, 40, 0.02, 0.75, 'log2') -0.06254505128916009
(10, 29, 26, 0.02, 0.75, 'log2') -0.06451630735212831
(10, 37, 25, 0.02, 0.5, 'log2') -0.06756124415083962
(10, 11, 27, 0.04, 0.5, 'log2') -0.06909977703455969
(10, 49, 10, 0.04, 0.75, 'log2') -0.07037286234931325
(10, 17, 14, 0.02, 0.75, 'log2') -0.07831951354339425
(10, 48, 34, 0.02, 0.5, 'log2') -0.08149323764835781
(10, 15, None, 0.02, 0.75, 'log2') -0.08557522123893811
(10, 34, 11, 0.02, 0.5, 'log2') -0.08830803201766503

best tree:

(40, 12, 14, 0.1, 1.0, 'log2') 0.14730024543223338
(10, 22, 11, 0.08, 0.75, 'log2') 0.1453055100927441
(20, 18, 29, 0.02, 0.75, 'log2') 0.14405405405405394
(50, 17, 27, 0.1, 1.0, 'log2') 0.14286572052401753
(80, 39, 26, 0.08, 1.0, 'log2') 0.14212742685261134
(80, 33, 26, 0.04, 1.0, 'log2') 0.14200764818355627
(20, 44, 30, 0.02, 1.0, 'log2') 0.14185761047463172
(20, 33, 38, 0.1, 0.5, 'log2') 0.14147662018047577
(30, 44, 40, 0.08, 0.75, 'log2') 0.14125068268705615
(90, 14, 17, 0.02, 0.75, 'log2') 0.14094952251023182
(20, 48, 22, 0.08, 1.0, 'log2') 0.14091008472260172
(20, 45, 37, 0.06, 0.5, 'log2') 0.13999453999453987
(80, 8, 27, 0.1, 0.75, 'log2') 0.13991275899672853
(30, 14, 14, 0.02, 0.75, 'log2') 0.13989907255864686
(10, 10, 33, 0.02, 0.5, 'log2') 0.13979781420765017
(20, 36, 26, 0.02, 0.75, 'log2') 0.13956581103222274
(10, 37, 37, 0.06, 0.75, 'log2') 0.13953043953043948
(10, 47, 36, 0.02, 1.0, 'log2') 0.13942459776383956
(80, 45, 32, 0.04, 1.0, 'log2') 0.1392545057345711
(60, 30, 39, 0.08, 1.0, 'log2') 0.13924064463261399
(70, 30, 28, 0.02, 1.0, 'log2') 0.13890343698854318
(20, 26, 17, 0.02, 0.5, 'log2') 0.138900409276944
(30, 34, 13, 0.02, 0.5, 'log2') 0.13877589967284612
(50, 11, 13, 0.06, 0.5, 'log2') 0.13873566357181863
(90, 32, 16, 0.08, 1.0, 'log2') 0.13873531821906573
(90, 47, 10, 0.06, 0.75, 'log2') 0.13860465116279055
(10, 36, 15, 0.04, 1.0, 'log2') 0.13845293315143242
(10, 41, 15, 0.02, 0.75, 'log2') 0.13840480742966388
(10, 20, 23, 0.02, 0.75, 'log2') 0.13817239498090556
(50, 47, 17, 0.08, 1.0, 'log2') 0.13798307860262005
(10, 18, 10, 0.02, 1.0, 'log2') 0.13779989094874578
(90, 37, 33, 0.06, 1.0, 'log2') 0.137301066447908
(10, 37, 38, 0.02, 0.5, 'log2') 0.13718263718263707
(10, 48, 40, 0.08, 0.75, 'log2') 0.13705641864268184
(40, 21, 38, 0.06, 1.0, 'log2') 0.13702488378452277
(10, 14, 28, 0.02, 0.75, 'log2') 0.1368168168168167
(10, 33, 22, 0.02, 1.0, 'log2') 0.13656667575674927
(50, 6, 13, 0.02, 1.0, 'log2') 0.1363847203274215
(70, 37, 25, 0.08, 0.5, 'log2') 0.1362752594210813
(20, 29, 12, 0.02, 1.0, 'log2') 0.13622955288985816
(40, 10, 34, 0.04, 1.0, 'log2') 0.1361403987981425
(30, 13, 21, 0.1, 0.5, 'log2') 0.13609915554344848
(10, 48, 37, 0.02, 1.0, 'log2') 0.13599836333878879
(20, 40, 24, 0.02, 1.0, 'log2') 0.13597544338335593
(20, 35, 17, 0.02, 0.5, 'log2') 0.1359384363933532
(10, 24, 22, 0.06, 0.75, 'log2') 0.135900655021834
(60, 44, 11, 0.08, 0.75, 'log2') 0.13574945295404806
(40, 17, 39, 0.02, 1.0, 'log2') 0.1356297709923663
(30, 45, 10, 0.08, 0.75, 'log2') 0.1352540983606557
(20, 50, 19, 0.06, 1.0, 'log2') 0.13520622780661018
(10, 30, 23, 0.02, 1.0, 'log2') 0.13518579234972666
(10, 29, None, 0.1, 1.0, 'log2') 0.135038188761593
(60, 42, 14, 0.06, 1.0, 'log2') 0.13491127491127483
(30, 19, 23, 0.02, 1.0, 'log2') 0.13466048541041717
(80, 43, 11, 0.1, 1.0, 'log2') 0.134547690625854
(50, 6, 10, 0.06, 1.0, 'log2') 0.13425723648279617
(30, 19, None, 0.1, 0.75, 'log2') 0.13402895383774918
(10, 8, 18, 0.02, 0.5, 'log2') 0.13393724420190986
(80, 9, 30, 0.02, 1.0, 'log2') 0.13391862370289448
(70, 38, 12, 0.1, 0.5, 'log2') 0.13385854724194418
(30, 11, 19, 0.02, 1.0, 'log2') 0.13378275109170296
(30, 47, 33, 0.08, 0.75, 'log2') 0.13358001092299282
(10, 23, 34, 0.02, 0.75, 'log2') 0.13350245499181662
(20, 7, 32, 0.02, 0.5, 'log2') 0.1334672131147541
(10, 24, 26, 0.02, 1.0, 'log2') 0.13325061358058346
(20, 32, 20, 0.02, 0.5, 'log2') 0.1331277292576418
(20, 25, 39, 0.1, 0.75, 'log2') 0.13300790837196605
(20, 25, 24, 0.02, 0.5, 'log2') 0.13292769440654836
(10, 43, 26, 0.04, 0.75, 'log2') 0.13267175572519072
(20, 40, 26, 0.02, 0.5, 'log2') 0.13266848567530684
(20, 32, 35, 0.02, 0.75, 'log2') 0.13249999999999992
(30, 32, None, 0.04, 0.75, 'log2') 0.13248565965583162
(20, 27, 12, 0.06, 1.0, 'log2') 0.13232469304229189
(30, 28, 27, 0.02, 1.0, 'log2') 0.13229929000546134
(90, 46, 34, 0.02, 1.0, 'log2') 0.13221161712571577
(20, 42, 22, 0.08, 1.0, 'log2') 0.13213700873362433
(50, 41, 35, 0.02, 0.5, 'log2') 0.13210267613326046
(30, 23, 22, 0.02, 0.5, 'log2') 0.13207253886010348
(60, 29, 16, 0.02, 1.0, 'log2') 0.1320393120393119
(20, 14, 16, 0.02, 0.5, 'log2') 0.13180278612400972
(80, 44, 27, 0.06, 1.0, 'log2') 0.13176839237057208
(10, 23, 30, 0.04, 1.0, 'log2') 0.13174269325320942
(30, 4, 23, 0.02, 0.75, 'log2') 0.1317199017199016
(20, 50, 36, 0.02, 0.75, 'log2') 0.13171755725190828
(60, 36, 28, 0.08, 0.5, 'log2') 0.13167257844474756
(30, 20, None, 0.02, 1.0, 'log2') 0.13153677878042103
(80, 36, 28, 0.04, 1.0, 'log2') 0.1315220949263501
(40, 42, 38, 0.04, 0.75, 'log2') 0.13138062755798077
(10, 43, 13, 0.02, 0.75, 'log2') 0.13134751773049633
(50, 50, 26, 0.06, 1.0, 'log2') 0.13117791746378776
(40, 6, 30, 0.04, 0.5, 'log2') 0.13104473540643743
(10, 21, 35, 0.04, 1.0, 'log2') 0.13099563557010355
(20, 28, 37, 0.02, 1.0, 'log2') 0.1307994542974078
(20, 3, 25, 0.02, 1.0, 'log2') 0.1306280720917531
(20, 43, 16, 0.1, 0.5, 'log2') 0.1305819672131146
(40, 35, 28, 0.02, 0.5, 'log2') 0.1304560349535772
(10, 44, 11, 0.04, 0.5, 'log2') 0.1304065484311049
(70, 22, 28, 0.02, 0.5, 'log2') 0.13040437158469934
(10, 13, 10, 0.04, 0.5, 'log2') 0.1303221403221402
(20, 33, 23, 0.02, 0.75, 'log2') 0.1301910480349344
(50, 14, 11, 0.1, 0.5, 'log2') 0.13012845039628299
(10, 44, 38, 0.06, 1.0, 'log2') 0.13007094133697128
(20, 7, 30, 0.1, 1.0, 'log2') 0.12998907402349077
(60, 34, 24, 0.04, 0.75, 'log2') 0.12998363338788854
(60, 38, 11, 0.02, 1.0, 'log2') 0.12991543917075823
(20, 26, 31, 0.02, 0.75, 'log2') 0.12981967213114745
(40, 44, 34, 0.04, 0.75, 'log2') 0.12978932968536244
(40, 19, 12, 0.08, 0.75, 'log2') 0.1297701149425286
(20, 16, 26, 0.06, 0.5, 'log2') 0.12965884279475962
(90, 28, 20, 0.04, 1.0, 'log2') 0.1295473138805563
(50, 30, 31, 0.06, 0.75, 'log2') 0.1295135282864169
(20, 17, 34, 0.06, 0.5, 'log2') 0.12947842708902227
(30, 28, 22, 0.02, 0.75, 'log2') 0.12937772925764182
(20, 12, 18, 0.04, 0.75, 'log2') 0.12908196721311468
(40, 11, 25, 0.02, 1.0, 'log2') 0.1287858900738309
(20, 49, 40, 0.04, 0.5, 'log2') 0.12877250409165297
(60, 7, 29, 0.1, 1.0, 'log2') 0.12866866321807793
(60, 20, 22, 0.04, 1.0, 'log2') 0.1286661211129295
(20, 13, 15, 0.02, 0.5, 'log2') 0.12863611565739216
(70, 22, 10, 0.02, 1.0, 'log2') 0.12850382932166296
(50, 8, 34, 0.02, 0.75, 'log2') 0.1284025122883669
(90, 40, 15, 0.02, 1.0, 'log2') 0.12835017754711822
(20, 7, 40, 0.06, 0.5, 'log2') 0.12833469833469818
(80, 23, 22, 0.1, 1.0, 'log2') 0.12821379874556843
(20, 29, 32, 0.02, 0.5, 'log2') 0.128190502183406
(10, 28, 14, 0.04, 1.0, 'log2') 0.12813369713506123
(60, 27, 20, 0.02, 0.75, 'log2') 0.12766230223677025
(80, 5, 25, 0.08, 0.75, 'log2') 0.12759607522485691
(40, 37, 23, 0.08, 0.75, 'log2') 0.12759345156889487
(60, 10, 10, 0.06, 0.75, 'log2') 0.12758055707263782
(60, 41, 10, 0.04, 1.0, 'log2') 0.1275552523874488
(10, 16, 30, 0.1, 0.5, 'log2') 0.12751091703056752
(40, 22, 17, 0.04, 1.0, 'log2') 0.1273879781420764
(80, 36, None, 0.08, 0.5, 'log2') 0.12736338797814192
(80, 25, 36, 0.1, 0.75, 'log2') 0.12726404800872876
(20, 21, 31, 0.08, 1.0, 'log2') 0.1271794871794871
(50, 37, 33, 0.04, 0.75, 'log2') 0.12710971615720507
(80, 38, 32, 0.02, 1.0, 'log2') 0.12709809264305166
(30, 44, 38, 0.02, 1.0, 'log2') 0.1269623362445414
(30, 44, 26, 0.02, 0.5, 'log2') 0.1269480874316939
(10, 35, 20, 0.04, 1.0, 'log2') 0.12690229257641908
(30, 5, 27, 0.06, 1.0, 'log2') 0.12687960687960678
(30, 38, 17, 0.02, 0.75, 'log2') 0.1268104860731839
(90, 7, 26, 0.02, 1.0, 'log2') 0.1267923497267759
(10, 16, 15, 0.04, 0.75, 'log2') 0.12647203274215546
(50, 21, 33, 0.02, 1.0, 'log2') 0.12646641179683224
(60, 46, 30, 0.1, 0.75, 'log2') 0.12643521049753959
(30, 47, 22, 0.02, 0.75, 'log2') 0.12626979792463125
(30, 37, 30, 0.1, 0.75, 'log2') 0.12621104428649524
(20, 16, 38, 0.02, 0.75, 'log2') 0.12618930714675383
(70, 7, 16, 0.08, 1.0, 'log2') 0.1261358058358331
(60, 33, 21, 0.08, 0.75, 'log2') 0.1261229508196721
(60, 49, 17, 0.02, 0.5, 'log2') 0.1261205016357687
(20, 40, 36, 0.04, 0.75, 'log2') 0.12610928961748627
(90, 50, 23, 0.08, 1.0, 'log2') 0.12609989082969428
(90, 48, 14, 0.02, 1.0, 'log2') 0.12608399236433052
(10, 27, 37, 0.04, 1.0, 'log2') 0.12602732240437153
(20, 7, 36, 0.04, 1.0, 'log2') 0.12598799126637544
(10, 41, 15, 0.04, 1.0, 'log2') 0.12595199127114007
(30, 11, 21, 0.08, 0.75, 'log2') 0.1258499317871759
(20, 16, 20, 0.04, 1.0, 'log2') 0.12584632212195776
(90, 23, 15, 0.08, 1.0, 'log2') 0.12577468630660107
(10, 6, 15, 0.04, 1.0, 'log2') 0.1256340332697026
(60, 41, 20, 0.02, 1.0, 'log2') 0.12559683146681228
(20, 12, 26, 0.08, 0.75, 'log2') 0.12557949277338407
(40, 30, 22, 0.1, 1.0, 'log2') 0.12557681793329684
(30, 42, 20, 0.06, 0.75, 'log2') 0.12557041484716153
(70, 26, 23, 0.02, 0.5, 'log2') 0.1255610155610154
(60, 42, 18, 0.04, 0.5, 'log2') 0.12555646481178387
(50, 19, 15, 0.1, 0.75, 'log2') 0.1254964539007092
(50, 5, 23, 0.06, 0.75, 'log2') 0.12549261083743843
(50, 18, 14, 0.1, 1.0, 'log2') 0.12540688148552695
(50, 50, 13, 0.06, 1.0, 'log2') 0.12534445051940946
(50, 17, 10, 0.02, 1.0, 'log2') 0.12523367040174904
(30, 14, 16, 0.04, 0.5, 'log2') 0.12501227161167158
(60, 27, 13, 0.02, 0.5, 'log2') 0.12488251366120212
(30, 46, 31, 0.04, 0.75, 'log2') 0.12480196667577155
(70, 46, 34, 0.04, 0.75, 'log2') 0.12465427712489746
(60, 14, 39, 0.04, 1.0, 'log2') 0.1245499181669394
(80, 4, 17, 0.04, 0.5, 'log2') 0.1244541484716156
(30, 10, 22, 0.06, 1.0, 'log2') 0.12438591703056766
(60, 16, 20, 0.1, 1.0, 'log2') 0.12419776627621895
(50, 50, 21, 0.02, 0.5, 'log2') 0.12416712179137075
(50, 27, 24, 0.08, 0.75, 'log2') 0.12411828836195148
(40, 24, 24, 0.1, 0.5, 'log2') 0.12407478165938866
(50, 13, 14, 0.04, 0.75, 'log2') 0.12404911323328771
(40, 41, 12, 0.04, 1.0, 'log2') 0.12403825136612019
(80, 36, 31, 0.1, 0.5, 'log2') 0.12400710188473082
(30, 30, 40, 0.08, 0.75, 'log2') 0.12385581649371921
(10, 36, 20, 0.06, 0.5, 'log2') 0.12381510771748014
(60, 33, 40, 0.02, 1.0, 'log2') 0.12376467376467368
(40, 44, 14, 0.02, 1.0, 'log2') 0.1236376059032522
(70, 34, 34, 0.06, 1.0, 'log2') 0.12360633360633348
(70, 49, 39, 0.08, 0.75, 'log2') 0.12354451119606771
(10, 33, 15, 0.06, 0.75, 'log2') 0.1234643734643733
(50, 48, 13, 0.04, 0.5, 'log2') 0.12344338335607088
(70, 20, 16, 0.02, 0.5, 'log2') 0.1234135009565455
(90, 47, 32, 0.08, 0.75, 'log2') 0.12336333878887064
(40, 48, 28, 0.02, 0.75, 'log2') 0.12327868852459008
(10, 37, 19, 0.08, 0.5, 'log2') 0.12326781326781319
(90, 33, 35, 0.08, 0.75, 'log2') 0.12323505323505318
(70, 20, 30, 0.06, 0.75, 'log2') 0.12320141921397366
(70, 29, 27, 0.1, 0.75, 'log2') 0.12317598908594811
(30, 31, 27, 0.04, 0.75, 'log2') 0.12312124522119053
(10, 22, 37, 0.08, 0.5, 'log2') 0.12308365226899935
(90, 13, 18, 0.1, 0.75, 'log2') 0.12304881374420498
(70, 50, 22, 0.06, 1.0, 'log2') 0.12303220524017464
(60, 37, 20, 0.08, 0.75, 'log2') 0.12302103250478003
(40, 29, 14, 0.06, 1.0, 'log2') 0.12296751296751286
(40, 13, 16, 0.08, 0.75, 'log2') 0.12290938864628817
(90, 24, 25, 0.06, 0.75, 'log2') 0.12287271736167875
(50, 9, 16, 0.06, 1.0, 'log2') 0.12286885245901634
(30, 46, 20, 0.06, 0.5, 'log2') 0.12278733278733268
(30, 47, 23, 0.02, 0.5, 'log2') 0.122764272056815
(10, 13, 10, 0.1, 0.75, 'log2') 0.12276247613853274
(90, 36, 26, 0.1, 1.0, 'log2') 0.12274386920980923
(50, 8, 28, 0.02, 1.0, 'log2') 0.12269776322967803
(40, 5, 32, 0.04, 1.0, 'log2') 0.12258178844056704
(30, 33, 17, 0.06, 0.75, 'log2') 0.12255115961800804
(10, 31, 13, 0.08, 0.5, 'log2') 0.12243989071038246
(30, 11, 20, 0.04, 0.5, 'log2') 0.12234379263301491
(20, 16, 11, 0.06, 1.0, 'log2') 0.12230264954930332
(80, 26, 40, 0.04, 0.75, 'log2') 0.1222831423895253
(80, 16, 13, 0.04, 1.0, 'log2') 0.12224411603721941
(60, 39, 28, 0.02, 0.5, 'log2') 0.12222191855698274
(30, 24, 33, 0.08, 0.75, 'log2') 0.12214519650655015
(10, 50, 12, 0.08, 0.5, 'log2') 0.12213700873362443
(50, 11, 17, 0.02, 1.0, 'log2') 0.12212824010914042
(30, 26, 22, 0.08, 0.75, 'log2') 0.1220120284308365
(90, 16, None, 0.02, 0.5, 'log2') 0.12196779475982522
(10, 33, 32, 0.1, 1.0, 'log2') 0.12194528043775647
(20, 45, 26, 0.04, 0.75, 'log2') 0.1219427012278308
(90, 3, 15, 0.02, 0.5, 'log2') 0.12188710117262053
(50, 19, 14, 0.06, 0.5, 'log2') 0.12188612099644122
(20, 38, 38, 0.08, 1.0, 'log2') 0.12180900409276932
(40, 20, 29, 0.02, 0.5, 'log2') 0.121781718963165
(60, 34, 30, 0.08, 0.75, 'log2') 0.12153153153153147
(90, 42, 34, 0.1, 1.0, 'log2') 0.12151581243184292
(90, 32, 40, 0.04, 1.0, 'log2') 0.1214500273074822
(20, 30, 17, 0.06, 0.5, 'log2') 0.1214461118690313
(40, 31, 31, 0.04, 0.5, 'log2') 0.12140437158469945
(20, 22, 11, 0.1, 0.5, 'log2') 0.12139465065502167
(60, 34, 29, 0.04, 1.0, 'log2') 0.12135260430869914
(30, 6, 36, 0.04, 1.0, 'log2') 0.12131514324693031
(80, 22, 38, 0.1, 1.0, 'log2') 0.12131098391932395
(80, 26, 32, 0.1, 0.75, 'log2') 0.1212949836423118
(40, 8, 18, 0.1, 0.75, 'log2') 0.12129067541700839
(10, 20, 18, 0.08, 0.75, 'log2') 0.12125545851528376
(90, 36, 19, 0.04, 0.75, 'log2') 0.12123567921440255
(70, 39, 33, 0.04, 0.75, 'log2') 0.12104673408034973
(70, 44, 35, 0.08, 1.0, 'log2') 0.12101745771958523
(80, 8, 11, 0.08, 0.5, 'log2') 0.12100899918189248
(10, 39, 32, 0.06, 0.75, 'log2') 0.12095796943231428
(70, 20, 39, 0.02, 0.5, 'log2') 0.12095004095004085
(10, 16, 20, 0.06, 0.75, 'log2') 0.12089641978682696
(40, 29, 11, 0.02, 0.5, 'log2') 0.12071993455140435
(30, 38, 16, 0.06, 0.5, 'log2') 0.12068579234972669
(40, 39, 39, 0.08, 0.75, 'log2') 0.12065555859054898
(80, 30, 30, 0.02, 0.5, 'log2') 0.1205046372067648
(50, 28, 11, 0.04, 1.0, 'log2') 0.12043727794479353
(80, 36, 18, 0.06, 0.5, 'log2') 0.1204343075662387
(80, 27, 31, 0.04, 0.75, 'log2') 0.1203961748633879
(60, 32, 23, 0.04, 1.0, 'log2') 0.12038482532751087
(80, 39, 19, 0.06, 0.75, 'log2') 0.12037411250682677
(20, 31, 19, 0.1, 1.0, 'log2') 0.12025375170532052
(80, 46, 35, 0.02, 1.0, 'log2') 0.12024836244541476
(30, 41, 24, 0.08, 0.75, 'log2') 0.12020475020475017
(80, 31, 30, 0.02, 0.75, 'log2') 0.11984443231441046
(40, 27, 21, 0.06, 0.75, 'log2') 0.11978717598908589
(40, 45, 35, 0.04, 0.75, 'log2') 0.11969978165938858
(40, 6, None, 0.04, 0.5, 'log2') 0.11966975982532752
(30, 29, 31, 0.04, 1.0, 'log2') 0.1196562073669849
(90, 30, 37, 0.02, 0.5, 'log2') 0.11959584926269785
(60, 44, 26, 0.06, 0.75, 'log2') 0.11957092101667122
(40, 20, 16, 0.04, 0.5, 'log2') 0.11952796725784441
(70, 38, 26, 0.02, 0.5, 'log2') 0.11950573457127246
(30, 12, 16, 0.04, 1.0, 'log2') 0.11945643266866972
(50, 35, 37, 0.04, 1.0, 'log2') 0.11936065573770481
(40, 23, 20, 0.02, 0.75, 'log2') 0.11930752453653205
(50, 22, 10, 0.06, 0.75, 'log2') 0.11927615405626861
(50, 6, 19, 0.02, 0.5, 'log2') 0.11926663031624857
(90, 49, 24, 0.1, 0.5, 'log2') 0.11925552222525215
(20, 30, 32, 0.06, 0.5, 'log2') 0.11919324066503126
(90, 7, 24, 0.08, 1.0, 'log2') 0.11909264305177107
(20, 45, 10, 0.04, 0.5, 'log2') 0.11908346972176753
(60, 31, 10, 0.1, 1.0, 'log2') 0.11907650273224037
(50, 32, 18, 0.08, 1.0, 'log2') 0.11906463048813733
(90, 26, None, 0.06, 1.0, 'log2') 0.11894650655021824
(80, 49, 29, 0.1, 0.75, 'log2') 0.11878514878514874
(70, 24, 33, 0.02, 1.0, 'log2') 0.11874863387978138
(60, 6, 18, 0.02, 0.5, 'log2') 0.11850314121824634
(90, 16, 28, 0.04, 0.75, 'log2') 0.11843485386506412
(50, 12, 33, 0.04, 0.75, 'log2') 0.11839149400218098
(20, 5, 23, 0.1, 0.75, 'log2') 0.11837571780147657
(50, 37, 29, 0.02, 0.75, 'log2') 0.11835926835926831
(30, 4, 38, 0.06, 1.0, 'log2') 0.11832742155525239
(90, 3, 21, 0.04, 1.0, 'log2') 0.11831877729257631
(60, 38, 23, 0.04, 1.0, 'log2') 0.11824379601854368
(50, 24, 19, 0.1, 0.75, 'log2') 0.11821107172075257
(80, 22, 24, 0.08, 0.5, 'log2') 0.11791916985253946
(30, 3, 27, 0.1, 0.5, 'log2') 0.11791280653950943
(40, 42, 33, 0.08, 0.5, 'log2') 0.11784623773173394
(90, 39, 25, 0.04, 0.75, 'log2') 0.11773012838022391
(90, 43, 35, 0.04, 0.5, 'log2') 0.11767257844474761
(90, 27, 33, 0.08, 0.5, 'log2') 0.11762684124386247
(40, 18, 13, 0.04, 1.0, 'log2') 0.11762360010925973
(80, 22, 40, 0.04, 0.5, 'log2') 0.11762203436051262
(70, 40, 30, 0.04, 1.0, 'log2') 0.11755258126195023
(90, 45, 12, 0.02, 1.0, 'log2') 0.1173267866884888
(20, 33, 39, 0.06, 0.5, 'log2') 0.11710504774897675
(70, 19, 34, 0.06, 1.0, 'log2') 0.1169994544462629
(10, 28, 38, 0.1, 0.75, 'log2') 0.11678884026258206
(40, 48, 31, 0.06, 0.5, 'log2') 0.11675860185690874
(30, 29, 10, 0.06, 1.0, 'log2') 0.116735807860262
(50, 10, 39, 0.06, 0.75, 'log2') 0.11666575790621583
(60, 28, 30, 0.06, 1.0, 'log2') 0.11661021578803599
(80, 13, 10, 0.04, 1.0, 'log2') 0.11643540016388962
(70, 21, 29, 0.02, 1.0, 'log2') 0.11642662302236761
(80, 6, 29, 0.08, 1.0, 'log2') 0.1163968383755791
(90, 39, 35, 0.04, 0.5, 'log2') 0.11628688524590158
(40, 42, 25, 0.02, 0.5, 'log2') 0.11624419557497954
(90, 26, 13, 0.02, 0.75, 'log2') 0.11618201694452032
(80, 18, 27, 0.06, 0.75, 'log2') 0.11611292962356783
(70, 4, 32, 0.04, 0.5, 'log2') 0.11608174386920966
(20, 33, 20, 0.06, 1.0, 'log2') 0.1159317871759891
(40, 7, 19, 0.1, 0.75, 'log2') 0.11592370572207074
(20, 30, None, 0.08, 0.5, 'log2') 0.11591914777383219
(80, 46, 29, 0.02, 1.0, 'log2') 0.11590177353342422
(90, 47, 37, 0.08, 0.5, 'log2') 0.11586583037905634
(80, 13, 17, 0.06, 0.5, 'log2') 0.11583333333333327
(70, 30, 37, 0.06, 0.5, 'log2') 0.11582309582309579
(50, 43, 26, 0.04, 0.75, 'log2') 0.11579062159214833
(70, 34, 27, 0.06, 0.5, 'log2') 0.11558863698443037
(40, 22, 15, 0.1, 1.0, 'log2') 0.11557949277338414
(20, 21, 32, 0.1, 0.5, 'log2') 0.11550970210439997
(20, 17, 19, 0.08, 0.75, 'log2') 0.11545901639344255
(10, 18, 32, 0.08, 1.0, 'log2') 0.11540141998907694
(80, 50, None, 0.06, 1.0, 'log2') 0.11518973518973508
(70, 38, 13, 0.02, 0.5, 'log2') 0.11518831877729258
(10, 17, 28, 0.08, 1.0, 'log2') 0.11504774897680761
(90, 50, 38, 0.04, 0.5, 'log2') 0.11498907700709991
(20, 50, 17, 0.08, 0.5, 'log2') 0.11469493844049239
(20, 39, 10, 0.1, 0.75, 'log2') 0.11465775838560122
(60, 34, 11, 0.08, 0.5, 'log2') 0.11458788209606978
(10, 40, 37, 0.08, 0.75, 'log2') 0.11456159519257028
(90, 3, 22, 0.08, 0.75, 'log2') 0.11454817637452361
(90, 32, 31, 0.06, 0.75, 'log2') 0.11447476125511585
(90, 8, 25, 0.1, 0.75, 'log2') 0.11436442989634465
(50, 6, 33, 0.06, 1.0, 'log2') 0.11415393013100424
(80, 26, 34, 0.02, 0.5, 'log2') 0.11405781292609762
(50, 5, 21, 0.04, 0.75, 'log2') 0.1140568616730453
(10, 11, 23, 0.08, 0.75, 'log2') 0.11397376332331229
(20, 46, 19, 0.08, 0.5, 'log2') 0.11385792349726767
(60, 19, 17, 0.04, 1.0, 'log2') 0.11380913316926432
(90, 38, 16, 0.04, 0.5, 'log2') 0.11379027853631887
(40, 3, 18, 0.08, 0.75, 'log2') 0.11343724364232959
(40, 45, 26, 0.04, 1.0, 'log2') 0.11333879333879335
(70, 18, 15, 0.06, 0.5, 'log2') 0.11329058663028638
(80, 18, 23, 0.1, 0.5, 'log2') 0.11316348773841949
(50, 22, 34, 0.06, 1.0, 'log2') 0.11296367112810696
(30, 34, 16, 0.06, 1.0, 'log2') 0.11294728216334324
(80, 25, 25, 0.08, 0.75, 'log2') 0.112934604904632
(80, 49, 23, 0.1, 0.5, 'log2') 0.11293056314926171
(80, 24, 30, 0.06, 0.75, 'log2') 0.11280763983628916
(30, 38, 40, 0.1, 1.0, 'log2') 0.11270270270270263
(40, 5, 38, 0.06, 0.75, 'log2') 0.1125477880939376
(10, 11, 19, 0.08, 0.75, 'log2') 0.1124590611353711
(50, 49, None, 0.06, 0.75, 'log2') 0.11242424242424233
(60, 12, 20, 0.1, 1.0, 'log2') 0.11237731733914932
(50, 5, 27, 0.1, 1.0, 'log2') 0.1122579765475866
(60, 24, 20, 0.1, 0.75, 'log2') 0.11225402016898323
(90, 4, 10, 0.04, 0.5, 'log2') 0.11206670311645704
(30, 29, 19, 0.1, 0.75, 'log2') 0.1119677947598252
(20, 44, 34, 0.06, 1.0, 'log2') 0.11188694702348434
(30, 38, 18, 0.04, 1.0, 'log2') 0.11186542669584233
(80, 37, 39, 0.1, 1.0, 'log2') 0.11181743645804854
(50, 40, 26, 0.04, 0.5, 'log2') 0.11180054644808736
(60, 34, 34, 0.08, 1.0, 'log2') 0.1117394866193336
(60, 30, 13, 0.1, 0.75, 'log2') 0.11172809172809164
(50, 37, 18, 0.08, 0.5, 'log2') 0.11126537305274661
(90, 47, 31, 0.06, 0.5, 'log2') 0.1112131147540983
(70, 43, 31, 0.08, 0.75, 'log2') 0.11104759299781174
(60, 28, 27, 0.02, 1.0, 'log2') 0.1109470524017466
(80, 19, 39, 0.02, 0.75, 'log2') 0.11085495766184099
(90, 24, 16, 0.1, 0.5, 'log2') 0.11079607415485276
(90, 32, 21, 0.06, 0.75, 'log2') 0.11064595257563362
(80, 23, 40, 0.06, 0.75, 'log2') 0.11059224890829693
(60, 10, 11, 0.1, 1.0, 'log2') 0.11051422319474834
(90, 47, 21, 0.06, 0.5, 'log2') 0.11043122270742353
(70, 31, 22, 0.1, 0.5, 'log2') 0.11024536532170115
(10, 4, 24, 0.1, 1.0, 'log2') 0.11021270793564206
(30, 44, 34, 0.08, 0.5, 'log2') 0.10985800109229911
(30, 13, 35, 0.04, 0.5, 'log2') 0.10983324220885726
(30, 41, 33, 0.1, 0.75, 'log2') 0.10980869089915268
(90, 36, 14, 0.02, 0.5, 'log2') 0.1098006009287079
(50, 31, 23, 0.04, 1.0, 'log2') 0.10929039301310034
(70, 3, 23, 0.08, 1.0, 'log2') 0.10926623022367687
(50, 41, 23, 0.1, 0.5, 'log2') 0.10898637602179828
(70, 33, 29, 0.06, 0.5, 'log2') 0.10896448087431689
(90, 14, 31, 0.08, 0.5, 'log2') 0.10895367847411436
(10, 20, None, 0.1, 0.5, 'log2') 0.10850301039956203
(30, 44, 19, 0.1, 1.0, 'log2') 0.10849726775956274
(70, 32, 32, 0.1, 0.5, 'log2') 0.1084581738655002
(60, 43, 27, 0.04, 0.75, 'log2') 0.10837926330150062
(10, 50, 35, 0.08, 0.75, 'log2') 0.1083324220885729
(80, 14, 12, 0.1, 1.0, 'log2') 0.10825565549195953
(60, 31, 39, 0.1, 0.5, 'log2') 0.10817859093391582
(30, 11, 14, 0.08, 0.75, 'log2') 0.10817263042884452
(50, 49, 29, 0.1, 0.75, 'log2') 0.10809432933478728
(90, 26, 30, 0.06, 0.5, 'log2') 0.10808795411089867
(70, 41, 32, 0.1, 0.75, 'log2') 0.10805669119651125
(40, 29, 18, 0.06, 0.5, 'log2') 0.10791473080076515
(50, 45, 38, 0.1, 0.75, 'log2') 0.10786513786513771
(80, 35, 26, 0.1, 0.75, 'log2') 0.10777353342428372
(50, 23, 38, 0.08, 0.5, 'log2') 0.1077553249590387
(40, 26, 34, 0.1, 1.0, 'log2') 0.10774114441416882
(90, 31, 18, 0.1, 1.0, 'log2') 0.10761059530311301
(50, 21, 11, 0.1, 0.5, 'log2') 0.10760970291632588
(70, 10, 38, 0.02, 0.5, 'log2') 0.10724269724269718
(40, 3, None, 0.1, 1.0, 'log2') 0.10717906786590338
(20, 27, 26, 0.08, 0.5, 'log2') 0.10706139154160982
(30, 40, 29, 0.1, 0.5, 'log2') 0.10704967248908291
(60, 25, 18, 0.1, 0.75, 'log2') 0.10698607698607689
(30, 28, 24, 0.1, 0.5, 'log2') 0.10674037674037665
(30, 10, 14, 0.1, 0.75, 'log2') 0.10622847772615458
(50, 17, 35, 0.1, 0.5, 'log2') 0.10620877623330593
(10, 29, 39, 0.06, 1.0, 'log2') 0.10617253617253603
(20, 12, 32, 0.08, 0.5, 'log2') 0.10616329874385569
(50, 42, 38, 0.06, 0.5, 'log2') 0.10612339612339607
(10, 27, 12, 0.1, 0.75, 'log2') 0.10611915823995628
(30, 45, 22, 0.08, 1.0, 'log2') 0.10587383943200432
(40, 9, 27, 0.1, 0.75, 'log2') 0.10585538881309679
(70, 11, 27, 0.1, 0.75, 'log2') 0.10561322043157599
(90, 43, 14, 0.08, 0.5, 'log2') 0.10556132204315752
(30, 19, 36, 0.06, 0.5, 'log2') 0.10546050833561073
(80, 28, 27, 0.04, 0.75, 'log2') 0.10497678229991797
(80, 9, 21, 0.02, 0.5, 'log2') 0.10492223738062752
(20, 42, 32, 0.1, 0.75, 'log2') 0.10490308490308484
(30, 29, 35, 0.06, 0.5, 'log2') 0.10470668485675304
(90, 43, 27, 0.1, 0.5, 'log2') 0.10452614379084957
(60, 10, 26, 0.04, 0.75, 'log2') 0.10432476763258602
(50, 22, 10, 0.08, 0.5, 'log2') 0.10429390876809604
(60, 28, 32, 0.08, 0.75, 'log2') 0.10414527580557065
(40, 38, 33, 0.1, 0.5, 'log2') 0.10403269754768377
(30, 5, 12, 0.06, 0.75, 'log2') 0.1040305426779383
(40, 25, 25, 0.1, 0.75, 'log2') 0.10388039322774437
(60, 13, 27, 0.08, 0.75, 'log2') 0.10378820960698683
(80, 6, 38, 0.1, 0.75, 'log2') 0.10376839237057203
(20, 38, 22, 0.1, 1.0, 'log2') 0.10362397820163487
(70, 35, 36, 0.08, 0.75, 'log2') 0.103483237939493
(90, 3, 34, 0.04, 0.5, 'log2') 0.10335154329418188
(30, 10, 40, 0.1, 0.5, 'log2') 0.10310862445414841
(70, 34, 34, 0.06, 0.5, 'log2') 0.1030920513520895
(60, 14, 32, 0.04, 0.75, 'log2') 0.10263517203713805
(90, 5, 23, 0.08, 0.75, 'log2') 0.10238419618528596
(20, 21, 37, 0.08, 0.5, 'log2') 0.10227495908346972
(60, 21, 10, 0.04, 0.5, 'log2') 0.10215241737230257
(70, 20, 27, 0.06, 1.0, 'log2') 0.10152944383860403
(30, 19, 24, 0.08, 0.5, 'log2') 0.10150150150150143
(60, 14, 16, 0.1, 0.75, 'log2') 0.1013743169398905
(70, 15, 23, 0.08, 0.75, 'log2') 0.10081699346405222
(60, 41, 20, 0.06, 0.75, 'log2') 0.10042257360959636
(80, 9, 40, 0.04, 0.75, 'log2') 0.10030874316939885
(70, 20, 13, 0.08, 0.5, 'log2') 0.10021572910977598
(40, 19, 34, 0.1, 1.0, 'log2') 0.09953304205352258
(80, 49, 20, 0.08, 0.5, 'log2') 0.09876226826608497
(70, 11, 19, 0.08, 0.5, 'log2') 0.09856714791609902
(80, 13, 23, 0.1, 1.0, 'log2') 0.09844832287973812
(80, 47, 40, 0.1, 0.75, 'log2') 0.09834787350054525
(70, 4, 29, 0.06, 0.75, 'log2') 0.09799672935404731
(30, 14, 34, 0.06, 0.75, 'log2') 0.09734097734097734
(30, 48, 20, 0.08, 0.5, 'log2') 0.09729781420765016
(70, 18, 26, 0.1, 0.5, 'log2') 0.09704886704886696
(60, 14, 28, 0.1, 0.5, 'log2') 0.09686290542382114
(40, 47, 27, 0.1, 0.75, 'log2') 0.09682526661197699
(50, 40, 25, 0.08, 0.5, 'log2') 0.09660480349344963
(10, 5, 21, 0.1, 0.5, 'log2') 0.09641158786553695
(40, 43, 17, 0.1, 0.75, 'log2') 0.09604536758677215
(40, 45, 13, 0.1, 0.5, 'log2') 0.09599453551912565
(90, 19, 28, 0.08, 0.75, 'log2') 0.09545380212591979
(50, 30, 28, 0.06, 0.5, 'log2') 0.0952021857923497
(70, 7, 29, 0.06, 0.5, 'log2') 0.09464266230223674
(60, 32, None, 0.08, 0.5, 'log2') 0.09293136450642593
(40, 13, 32, 0.08, 0.5, 'log2') 0.09250818777292574
(20, 15, 17, 0.1, 0.5, 'log2') 0.09248225013653733
(50, 6, 13, 0.06, 0.5, 'log2') 0.09183483729833194
(90, 5, 37, 0.1, 0.75, 'log2') 0.09166166439290574
(90, 13, 35, 0.08, 0.5, 'log2') 0.09152126499454745
(70, 7, 26, 0.08, 0.75, 'log2') 0.0910190735694821
(70, 9, 18, 0.04, 0.75, 'log2') 0.08981425839934438
(40, 7, 28, 0.08, 0.5, 'log2') 0.08971077762619366
(50, 4, 16, 0.08, 0.75, 'log2') 0.08941673480512398
(80, 15, 18, 0.06, 0.5, 'log2') 0.08844662844662839
(60, 27, 34, 0.08, 0.5, 'log2') 0.08628376534788533
(30, 11, 28, 0.08, 0.5, 'log2') 0.08623940967477448
(90, 3, 27, 0.1, 0.75, 'log2') 0.08558430945246506
(70, 5, 25, 0.08, 0.5, 'log2') 0.08486243530373186
(50, 23, 29, 0.1, 0.5, 'log2') 0.08364975450081831
(50, 11, 23, 0.1, 0.5, 'log2') 0.08245843554101932
(70, 35, 28, 0.1, 0.5, 'log2') 0.08119989091900741
