exe: 0.077
var: 0.005

(90, 46, 13, 0.06, 0.75, 'log2') 0.19256787330316769
(50, 38, 33, 0.08, 1.0, 'log2') 0.19086235955056197
(80, 36, 26, 0.1, 1.0, 'log2') 0.18144121715076086
(70, 31, 21, 0.08, 1.0, 'log2') 0.177229485396384
(60, 21, 15, 0.06, 0.75, 'log2') 0.1765042253521127
(50, 35, 32, 0.1, 1.0, 'log2') 0.17581635500976847
(60, 35, 24, 0.1, 0.75, 'log2') 0.17356408117876015
(90, 37, 39, 0.1, 1.0, 'log2') 0.17115754742920009
(90, 12, 16, 0.04, 1.0, 'log2') 0.1711412587412588
(60, 46, 14, 0.1, 1.0, 'log2') 0.16996920492721185
(70, 41, 38, 0.06, 0.75, 'log2') 0.16955936008981196
(80, 22, 26, 0.06, 1.0, 'log2') 0.16942912837649698
(90, 20, 26, 0.04, 0.5, 'log2') 0.16864287721270033
(70, 40, 36, 0.06, 1.0, 'log2') 0.16849426252448924
(70, 29, None, 0.1, 1.0, 'log2') 0.16830068965517245
(40, 40, 21, 0.08, 1.0, 'log2') 0.16817796610169491
(60, 47, 40, 0.08, 0.75, 'log2') 0.16675821064552643
(80, 16, 40, 0.04, 0.75, 'log2') 0.1666918979534624
(80, 39, 21, 0.08, 1.0, 'log2') 0.16615277777777765
(80, 40, 18, 0.04, 1.0, 'log2') 0.16606198464600508
(70, 29, 35, 0.06, 1.0, 'log2') 0.16578269392327066
(60, 35, 19, 0.08, 1.0, 'log2') 0.16561452513966496
(90, 43, 39, 0.06, 0.75, 'log2') 0.1648811853508529
(80, 37, 29, 0.06, 1.0, 'log2') 0.16311397367684113
(50, 13, 12, 0.1, 1.0, 'log2') 0.16302403577417562
(90, 33, 12, 0.08, 0.5, 'log2') 0.16265957446808524
(60, 25, 12, 0.08, 0.5, 'log2') 0.1624415657561251
(70, 32, 30, 0.06, 0.75, 'log2') 0.1618986278353402
(70, 12, 14, 0.04, 0.75, 'log2') 0.16158281514980216
(60, 25, 20, 0.06, 0.75, 'log2') 0.16123699746977807
(60, 20, 36, 0.1, 1.0, 'log2') 0.1605244272702183
(60, 34, 40, 0.1, 1.0, 'log2') 0.16041736227045078
(90, 47, 16, 0.04, 1.0, 'log2') 0.15967259384702226
(60, 26, 15, 0.1, 1.0, 'log2') 0.1587545277235999
(60, 20, 37, 0.08, 0.75, 'log2') 0.1585531796723132
(70, 35, 15, 0.08, 0.5, 'log2') 0.15784572230014035
(70, 38, 25, 0.06, 0.75, 'log2') 0.15696518809657495
(90, 26, 17, 0.06, 0.75, 'log2') 0.15661735975439584
(40, 50, 27, 0.08, 1.0, 'log2') 0.15644369178662154
(30, 36, 11, 0.1, 1.0, 'log2') 0.15643827859569634
(60, 45, 26, 0.1, 0.75, 'log2') 0.15560805143975384
(60, 23, 38, 0.1, 1.0, 'log2') 0.1550041197473222
(90, 29, 35, 0.1, 1.0, 'log2') 0.15453523443926503
(80, 22, 11, 0.08, 1.0, 'log2') 0.15416666666666654
(80, 32, 37, 0.08, 0.75, 'log2') 0.15407664537628418
(60, 28, 18, 0.1, 0.75, 'log2') 0.15405902004454342
(90, 18, None, 0.04, 0.75, 'log2') 0.1540351366424986
(60, 19, 33, 0.08, 0.75, 'log2') 0.15379722222222225
(80, 23, 10, 0.04, 1.0, 'log2') 0.1537438989376973
(70, 25, 16, 0.06, 0.75, 'log2') 0.15358511837655014
(80, 28, 10, 0.08, 0.5, 'log2') 0.15352643419572537
(50, 27, 26, 0.1, 1.0, 'log2') 0.15324279379157443
(80, 28, 12, 0.04, 0.75, 'log2') 0.15321825962910127
(70, 43, 13, 0.06, 1.0, 'log2') 0.15266497461928932
(90, 16, 25, 0.08, 1.0, 'log2') 0.1522341302555648
(70, 29, 36, 0.1, 0.5, 'log2') 0.15193333333333353
(80, 49, 27, 0.06, 0.75, 'log2') 0.1507599211933576
(90, 20, 37, 0.08, 0.75, 'log2') 0.14997797963115883
(60, 34, 22, 0.06, 0.75, 'log2') 0.14968828980623414
(80, 7, 13, 0.1, 1.0, 'log2') 0.1496166574738002
(50, 17, 26, 0.08, 0.75, 'log2') 0.14943127962085298
(70, 21, 37, 0.06, 1.0, 'log2') 0.14904231625835193
(80, 12, 14, 0.08, 1.0, 'log2') 0.1488594310963821
(80, 45, 19, 0.06, 0.5, 'log2') 0.14851560303626637
(70, 50, 38, 0.1, 0.75, 'log2') 0.14819220055710286
(50, 10, 25, 0.06, 1.0, 'log2') 0.14812465219810783
(40, 26, None, 0.08, 1.0, 'log2') 0.14765480526758185
(80, 17, 21, 0.06, 0.75, 'log2') 0.14734191382204803
(30, 33, 16, 0.1, 0.5, 'log2') 0.14668634064080946
(90, 34, None, 0.08, 0.75, 'log2') 0.14633111480865232
(40, 37, 14, 0.1, 1.0, 'log2') 0.1462348634187551
(40, 49, 23, 0.1, 0.5, 'log2') 0.14584788732394346
(50, 26, 34, 0.06, 0.5, 'log2') 0.14544964539007088
(60, 22, 36, 0.1, 1.0, 'log2') 0.14541114790286963
(40, 16, 23, 0.08, 0.5, 'log2') 0.1451874650251817
(80, 26, 20, 0.04, 1.0, 'log2') 0.14487654320987636
(80, 27, 22, 0.08, 0.5, 'log2') 0.144654980523094
(90, 37, 16, 0.04, 1.0, 'log2') 0.14454571106094802
(60, 25, 40, 0.1, 0.75, 'log2') 0.14448419301164708
(90, 37, 27, 0.06, 0.75, 'log2') 0.1441841004184099
(80, 12, 13, 0.04, 0.75, 'log2') 0.14409322033898292
(40, 12, 14, 0.1, 1.0, 'log2') 0.14403562482605045
(90, 25, 34, 0.1, 0.75, 'log2') 0.14377607025246975
(60, 48, 30, 0.08, 0.5, 'log2') 0.1434208298052498
(80, 18, 34, 0.04, 1.0, 'log2') 0.1428162692847124
(50, 24, 28, 0.08, 0.75, 'log2') 0.14268469473097284
(40, 4, 11, 0.08, 0.75, 'log2') 0.14260033917467488
(80, 27, 39, 0.04, 0.75, 'log2') 0.14194647887323947
(40, 21, 15, 0.1, 1.0, 'log2') 0.14186540072605403
(70, 35, 23, 0.1, 0.75, 'log2') 0.14180405217873976
(50, 34, 10, 0.08, 0.5, 'log2') 0.14149444918872747
(60, 31, 14, 0.06, 0.75, 'log2') 0.14120281690140848
(40, 12, 29, 0.1, 0.75, 'log2') 0.14099059214167142
(80, 41, 38, 0.1, 0.5, 'log2') 0.14094681147312704
(70, 20, 13, 0.04, 0.5, 'log2') 0.14086882453151597
(70, 24, 12, 0.04, 0.75, 'log2') 0.14055095632315157
(80, 40, 20, 0.04, 0.75, 'log2') 0.1402465287616889
(50, 17, 24, 0.06, 1.0, 'log2') 0.14019542155220538
(60, 12, 11, 0.04, 1.0, 'log2') 0.14018894932722584
(40, 29, 32, 0.1, 1.0, 'log2') 0.1401087259548368
(70, 36, None, 0.04, 0.5, 'log2') 0.13911899313501136
(40, 12, 35, 0.1, 0.75, 'log2') 0.13878938640132651
(70, 47, 22, 0.04, 1.0, 'log2') 0.1386451796919567
(60, 11, 22, 0.06, 1.0, 'log2') 0.13803278688524584
(40, 32, 33, 0.08, 0.5, 'log2') 0.13743561030235157
(80, 23, 38, 0.04, 0.75, 'log2') 0.13732751337651364
(50, 15, 14, 0.08, 0.75, 'log2') 0.1372223776223776
(60, 28, None, 0.04, 1.0, 'log2') 0.13687535250987037
(70, 5, 17, 0.04, 0.75, 'log2') 0.1364837625979844
(70, 34, 36, 0.1, 0.5, 'log2') 0.1364656849124756
(70, 18, 34, 0.1, 1.0, 'log2') 0.13635413802584548
(90, 21, 16, 0.08, 0.5, 'log2') 0.136010549694614
(60, 24, 10, 0.1, 1.0, 'log2') 0.1358914510686164
(60, 25, 20, 0.1, 0.75, 'log2') 0.13570243362831846
(80, 13, 32, 0.1, 0.75, 'log2') 0.1355053410024649
(70, 33, 37, 0.06, 0.75, 'log2') 0.13544970579994386
(50, 8, 29, 0.08, 0.75, 'log2') 0.13496136865342165
(90, 27, 27, 0.04, 0.5, 'log2') 0.13474308300395252
(60, 25, 11, 0.04, 1.0, 'log2') 0.13471043577981648
(90, 23, 28, 0.04, 0.75, 'log2') 0.13454417952314165
(80, 30, 21, 0.04, 0.5, 'log2') 0.13398694665153232
(50, 44, 18, 0.04, 1.0, 'log2') 0.13392918332381498
(40, 7, 29, 0.08, 0.5, 'log2') 0.1337966289030118
(70, 47, 34, 0.04, 1.0, 'log2') 0.13339839265212403
(70, 10, 32, 0.06, 0.5, 'log2') 0.1333019129470473
(50, 21, 19, 0.1, 1.0, 'log2') 0.13330107824163684
(70, 35, 10, 0.08, 0.75, 'log2') 0.13312959818902095
(80, 25, 18, 0.04, 0.5, 'log2') 0.13294886363636352
(80, 40, 24, 0.1, 0.5, 'log2') 0.13277068295391437
(40, 29, 26, 0.1, 0.5, 'log2') 0.1324580536912751
(90, 33, 14, 0.06, 0.75, 'log2') 0.13218697361033133
(40, 26, 38, 0.1, 0.75, 'log2') 0.13201505016722387
(90, 40, 34, 0.1, 1.0, 'log2') 0.13196143250688697
(50, 45, 16, 0.04, 0.75, 'log2') 0.1318550228310501
(30, 13, 36, 0.08, 0.5, 'log2') 0.1308694428812605
(80, 6, 31, 0.06, 0.75, 'log2') 0.13031903190319022
(90, 17, 32, 0.08, 0.75, 'log2') 0.13031258644536634
(90, 44, 27, 0.04, 0.5, 'log2') 0.1301900709219858
(70, 40, 27, 0.08, 0.5, 'log2') 0.12994135716280364
(90, 31, 30, 0.1, 1.0, 'log2') 0.1297162534435262
(90, 44, 40, 0.08, 0.5, 'log2') 0.12964006696428568
(50, 13, None, 0.06, 1.0, 'log2') 0.12879521424596543
(70, 40, 25, 0.08, 0.75, 'log2') 0.12878246299916213
(70, 19, 26, 0.04, 0.75, 'log2') 0.12821650650084804
(90, 40, 14, 0.06, 1.0, 'log2') 0.1281935483870967
(40, 39, 31, 0.1, 0.75, 'log2') 0.1281897034135421
(60, 9, 35, 0.04, 0.75, 'log2') 0.12785473920358953
(50, 14, 21, 0.1, 0.75, 'log2') 0.1271665285832641
(30, 49, 40, 0.1, 1.0, 'log2') 0.12687887323943656
(50, 34, 33, 0.08, 0.5, 'log2') 0.1268071950534009
(40, 45, 30, 0.08, 0.5, 'log2') 0.12672531214528943
(60, 17, 28, 0.08, 1.0, 'log2') 0.12618337475835395
(70, 38, 19, 0.1, 0.5, 'log2') 0.126168975069252
(60, 37, 33, 0.04, 1.0, 'log2') 0.12593253968253965
(80, 3, 14, 0.04, 0.75, 'log2') 0.12587905935050386
(70, 37, 17, 0.04, 1.0, 'log2') 0.1255042492917847
(50, 27, 29, 0.06, 0.5, 'log2') 0.12490273470538486
(50, 23, 16, 0.08, 0.75, 'log2') 0.12483744394618834
(50, 9, 18, 0.06, 1.0, 'log2') 0.1242086129753915
(40, 50, 15, 0.06, 1.0, 'log2') 0.12417594972864894
(60, 12, 38, 0.04, 0.75, 'log2') 0.12395348837209313
(50, 12, 15, 0.08, 0.5, 'log2') 0.1238022284122563
(50, 15, 34, 0.06, 0.75, 'log2') 0.12339020979020968
(20, 50, 17, 0.1, 1.0, 'log2') 0.12328969834945935
(60, 31, 25, 0.1, 0.75, 'log2') 0.1232564601278132
(90, 17, 26, 0.02, 1.0, 'log2') 0.12293201133144477
(40, 18, 36, 0.08, 0.75, 'log2') 0.12208984374999998
(60, 36, 11, 0.1, 0.5, 'log2') 0.12203646563814861
(80, 48, 28, 0.04, 0.75, 'log2') 0.12185470085470088
(50, 12, 33, 0.08, 0.75, 'log2') 0.12171468144044319
(30, 20, 25, 0.08, 1.0, 'log2') 0.12147323943661979
(80, 18, 21, 0.02, 1.0, 'log2') 0.1212464589235128
(80, 50, None, 0.1, 0.75, 'log2') 0.12095780122154355
(70, 27, 19, 0.06, 0.75, 'log2') 0.12082306830907052
(50, 27, 39, 0.04, 1.0, 'log2') 0.12071448743292869
(70, 34, 22, 0.04, 0.5, 'log2') 0.12048336650554452
(50, 39, 27, 0.04, 1.0, 'log2') 0.12005689900426754
(80, 28, 27, 0.04, 0.5, 'log2') 0.12002554640931025
(60, 39, 39, 0.06, 0.75, 'log2') 0.11884582743988689
(70, 29, 29, 0.06, 0.5, 'log2') 0.11855170470555088
(90, 9, 23, 0.08, 0.75, 'log2') 0.11838488913222008
(80, 8, 25, 0.06, 0.75, 'log2') 0.11806887052341591
(40, 9, 34, 0.06, 1.0, 'log2') 0.1180423870607919
(50, 39, 12, 0.06, 0.5, 'log2') 0.11779886685552418
(50, 5, 10, 0.04, 1.0, 'log2') 0.11759306621199213
(90, 32, 17, 0.02, 0.75, 'log2') 0.11713594994311725
(60, 37, 28, 0.1, 0.5, 'log2') 0.11681742043551077
(40, 8, 28, 0.1, 0.75, 'log2') 0.11664181165423897
(30, 34, 18, 0.08, 1.0, 'log2') 0.11644110985277444
(40, 23, 29, 0.08, 0.5, 'log2') 0.11602250351617441
(50, 47, 22, 0.06, 1.0, 'log2') 0.11565596846846835
(50, 23, 39, 0.06, 0.75, 'log2') 0.11548233314638257
(80, 49, 37, 0.1, 0.5, 'log2') 0.11523385300668151
(90, 41, None, 0.1, 0.75, 'log2') 0.11474674785496813
(50, 14, 29, 0.08, 1.0, 'log2') 0.11416137054434926
(40, 47, 18, 0.1, 0.5, 'log2') 0.11392245012644003
(70, 17, 34, 0.08, 1.0, 'log2') 0.11384509371554555
(40, 28, 40, 0.08, 0.5, 'log2') 0.11339506172839504
(30, 16, 19, 0.08, 0.75, 'log2') 0.1133645124716555
(90, 5, 36, 0.02, 1.0, 'log2') 0.11263751763046558
(80, 45, 21, 0.1, 0.5, 'log2') 0.1125875486381322
(30, 40, 35, 0.1, 0.75, 'log2') 0.11227887323943667
(50, 34, 20, 0.1, 0.5, 'log2') 0.11168852916550376
(80, 15, 21, 0.1, 0.5, 'log2') 0.1115090709180869
(70, 47, 19, 0.06, 0.5, 'log2') 0.11125176603560341
(80, 23, 29, 0.08, 0.5, 'log2') 0.11120976692563819
(80, 27, 33, 0.04, 0.5, 'log2') 0.11074314778185938
(60, 49, 21, 0.04, 0.75, 'log2') 0.11073747152619601
(40, 8, 15, 0.08, 0.5, 'log2') 0.11028555431131022
(70, 29, 21, 0.06, 0.5, 'log2') 0.10995793606281538
(60, 12, 21, 0.08, 0.5, 'log2') 0.10980115990057981
(20, 12, 15, 0.1, 0.75, 'log2') 0.10901671309192215
(70, 30, 17, 0.04, 0.5, 'log2') 0.10893887945670643
(30, 8, 33, 0.06, 0.75, 'log2') 0.10852601969057676
(50, 8, 20, 0.08, 0.5, 'log2') 0.10851564663528115
(80, 16, 18, 0.1, 0.5, 'log2') 0.1083788254755996
(40, 19, 11, 0.06, 0.5, 'log2') 0.1082769405743533
(50, 37, 36, 0.04, 1.0, 'log2') 0.10810550198525261
(80, 15, 21, 0.1, 0.75, 'log2') 0.1079157488986783
(70, 13, 17, 0.06, 1.0, 'log2') 0.10711024498886419
(30, 50, 34, 0.08, 1.0, 'log2') 0.10682580278488212
(70, 26, 16, 0.04, 0.5, 'log2') 0.10666099290780164
(70, 46, 15, 0.04, 0.5, 'log2') 0.10644476327116201
(30, 42, 26, 0.1, 0.5, 'log2') 0.1063264730758388
(30, 6, 20, 0.08, 0.5, 'log2') 0.10589550153674196
(50, 20, 35, 0.1, 0.5, 'log2') 0.10540901502504167
(90, 22, None, 0.02, 0.75, 'log2') 0.10477446808510649
(30, 12, 25, 0.08, 0.5, 'log2') 0.10472635419590247
(90, 28, 22, 0.1, 0.5, 'log2') 0.10453370013755164
(50, 30, 36, 0.04, 0.75, 'log2') 0.10445108077360638
(90, 40, 21, 0.02, 1.0, 'log2') 0.1044403303902023
(60, 6, 24, 0.1, 1.0, 'log2') 0.1039945429740791
(40, 19, 10, 0.06, 0.75, 'log2') 0.1037970353477766
(70, 8, 30, 0.1, 1.0, 'log2') 0.10372848948374747
(70, 42, 38, 0.1, 0.5, 'log2') 0.1036717663421418
(30, 9, 12, 0.08, 1.0, 'log2') 0.10330697543066947
(60, 6, 34, 0.08, 1.0, 'log2') 0.103019489431787
(40, 13, 36, 0.04, 0.5, 'log2') 0.10290632054176085
(80, 20, 27, 0.1, 0.5, 'log2') 0.10268393496831077
(60, 10, 38, 0.08, 0.75, 'log2') 0.10209295929592975
(40, 15, 39, 0.06, 0.75, 'log2') 0.10150507328072157
(60, 18, 38, 0.1, 0.75, 'log2') 0.10130146449295381
(90, 32, 10, 0.02, 1.0, 'log2') 0.10014831717056481
(80, 12, 28, 0.1, 0.5, 'log2') 0.10012908541609439
(50, 7, None, 0.1, 0.5, 'log2') 0.09984301845221702
(40, 41, 23, 0.04, 1.0, 'log2') 0.09959444129325025
(90, 15, 28, 0.02, 1.0, 'log2') 0.09894144144144154
(40, 45, 22, 0.04, 1.0, 'log2') 0.09803399433427763
(30, 48, 23, 0.06, 1.0, 'log2') 0.09794392523364495
(60, 8, 28, 0.08, 0.75, 'log2') 0.09785990071704356
(70, 32, 40, 0.06, 0.5, 'log2') 0.09785350678733046
(70, 19, 23, 0.06, 0.5, 'log2') 0.09675357443229607
(90, 36, 30, 0.02, 0.75, 'log2') 0.09596241457858773
(30, 39, 22, 0.06, 1.0, 'log2') 0.09522379603399443
(70, 15, 36, 0.06, 0.5, 'log2') 0.0948260506540496
(40, 9, 36, 0.1, 1.0, 'log2') 0.09472436604189642
(50, 4, 26, 0.1, 0.75, 'log2') 0.09443712246018665
(90, 6, 35, 0.06, 1.0, 'log2') 0.09404429860541424
(80, 5, 37, 0.1, 0.75, 'log2') 0.09357512953367865
(50, 5, 26, 0.1, 1.0, 'log2') 0.09303800929723813
(90, 7, 32, 0.02, 1.0, 'log2') 0.09291314156796389
(90, 4, 20, 0.04, 0.5, 'log2') 0.09212482662968097
(90, 26, 40, 0.02, 0.5, 'log2') 0.09199543899657922
(80, 3, 30, 0.06, 1.0, 'log2') 0.09148198689956329
(80, 3, 39, 0.04, 0.75, 'log2') 0.09146368406517535
(30, 37, 27, 0.08, 0.5, 'log2') 0.09076266363118962
(30, 44, 17, 0.06, 0.75, 'log2') 0.09070781426953577
(80, 24, 39, 0.02, 0.75, 'log2') 0.09064102564102573
(80, 38, 32, 0.02, 0.75, 'log2') 0.08981513083048917
(50, 3, 16, 0.1, 1.0, 'log2') 0.08965441579813502
(40, 19, 31, 0.06, 0.5, 'log2') 0.08958907965099921
(60, 7, 13, 0.02, 1.0, 'log2') 0.08930417495029823
(50, 12, 39, 0.08, 0.5, 'log2') 0.08872222222222235
(70, 5, 12, 0.04, 0.5, 'log2') 0.08816493104418807
(40, 20, 27, 0.1, 0.5, 'log2') 0.088081314397104
(90, 32, 10, 0.02, 0.75, 'log2') 0.08798677020419904
(50, 18, 31, 0.04, 0.75, 'log2') 0.08731575963718824
(50, 3, 17, 0.1, 0.5, 'log2') 0.08712162905888825
(30, 5, 20, 0.08, 0.75, 'log2') 0.08660000000000002
(80, 18, 18, 0.02, 0.75, 'log2') 0.08657879818594102
(20, 25, 29, 0.1, 0.5, 'log2') 0.08646327683615823
(40, 7, 32, 0.08, 1.0, 'log2') 0.08619021288360525
(40, 31, None, 0.04, 1.0, 'log2') 0.0860175736961451
(70, 23, 22, 0.1, 0.5, 'log2') 0.08440949227373078
(80, 26, 27, 0.02, 0.5, 'log2') 0.0835823863636364
(20, 31, 23, 0.08, 0.75, 'log2') 0.08357122628150666
(50, 3, 37, 0.08, 0.75, 'log2') 0.0832546003845097
(80, 22, 10, 0.02, 0.75, 'log2') 0.0831189527603871
(30, 46, 27, 0.08, 0.75, 'log2') 0.08265855039637598
(40, 20, 11, 0.04, 1.0, 'log2') 0.08243366619115551
(90, 6, 36, 0.1, 0.75, 'log2') 0.08125851266684848
(30, 19, 14, 0.08, 0.5, 'log2') 0.08091423719218797
(40, 10, 28, 0.1, 0.5, 'log2') 0.08036227876106189
(90, 15, 39, 0.02, 0.75, 'log2') 0.08014781125639564
(30, 21, None, 0.06, 0.75, 'log2') 0.08011575381140609
(90, 45, 16, 0.02, 0.5, 'log2') 0.07943633762517882
(20, 12, 38, 0.1, 0.75, 'log2') 0.07917577796467633
(20, 30, 31, 0.1, 0.75, 'log2') 0.07888982574480048
(80, 6, 23, 0.02, 1.0, 'log2') 0.07881174146203782
(80, 4, 26, 0.06, 1.0, 'log2') 0.07831737346101231
(40, 48, 16, 0.04, 1.0, 'log2') 0.07820453892559615
(90, 5, 29, 0.1, 1.0, 'log2') 0.07736111111111092
(90, 22, 33, 0.02, 0.5, 'log2') 0.07706788362806623
(20, 14, 22, 0.1, 0.75, 'log2') 0.07676776186464486
(50, 3, 28, 0.04, 0.75, 'log2') 0.07615170105967653
(40, 8, 17, 0.04, 1.0, 'log2') 0.07598194130925515
(90, 6, 17, 0.02, 0.75, 'log2') 0.0758143507972665
(30, 13, 11, 0.06, 0.5, 'log2') 0.07509116809116813
(30, 43, 11, 0.08, 0.5, 'log2') 0.07500574712643683
(30, 6, 11, 0.06, 0.5, 'log2') 0.07354683972911967
(30, 42, 27, 0.06, 0.75, 'log2') 0.07306925049871768
(20, 32, 27, 0.06, 1.0, 'log2') 0.0729302062729585
(70, 39, 26, 0.02, 1.0, 'log2') 0.07277166243296646
(20, 35, None, 0.08, 0.75, 'log2') 0.07259817871371657
(30, 27, 19, 0.06, 0.75, 'log2') 0.07160451977401137
(50, 6, 22, 0.1, 0.75, 'log2') 0.07085926741944382
(80, 7, 14, 0.02, 0.5, 'log2') 0.07070358858434589
(50, 24, 34, 0.04, 0.5, 'log2') 0.06998867176437278
(30, 4, 37, 0.08, 0.75, 'log2') 0.06972538141470198
(20, 32, 35, 0.1, 0.5, 'log2') 0.06948652482269507
(70, 4, 37, 0.04, 0.5, 'log2') 0.06934203220433104
(20, 40, 12, 0.08, 1.0, 'log2') 0.06897682306387791
(30, 24, 23, 0.06, 0.5, 'log2') 0.06817024886877827
(20, 23, 22, 0.08, 1.0, 'log2') 0.06804384485666104
(30, 16, 31, 0.08, 0.75, 'log2') 0.06799831791421374
(80, 48, 39, 0.02, 0.5, 'log2') 0.06741714285714287
(80, 48, 40, 0.02, 0.5, 'log2') 0.06741714285714287
(70, 48, 10, 0.02, 1.0, 'log2') 0.06712646974476628
(60, 4, 17, 0.02, 1.0, 'log2') 0.06636567582725746
(80, 17, 17, 0.02, 1.0, 'log2') 0.0657575757575758
(80, 46, 36, 0.02, 0.5, 'log2') 0.06503160919540231
(30, 21, 39, 0.06, 0.5, 'log2') 0.06478481012658233
(40, 21, 14, 0.04, 0.5, 'log2') 0.06467562160617323
(70, 9, 36, 0.02, 0.5, 'log2') 0.06283248443689872
(30, 33, 13, 0.06, 0.75, 'log2') 0.06141882286039241
(20, 9, 13, 0.1, 0.5, 'log2') 0.0612650433809125
(40, 37, 32, 0.04, 0.5, 'log2') 0.06077933200114191
(30, 12, 18, 0.04, 0.75, 'log2') 0.05551158846806112
(70, 13, None, 0.02, 0.5, 'log2') 0.05495321803232212
(70, 9, 34, 0.02, 0.5, 'log2') 0.05436528131184621
(70, 44, 33, 0.02, 1.0, 'log2') 0.0541768552743816
(70, 19, 24, 0.02, 0.75, 'log2') 0.051537807986406184
(30, 32, 36, 0.06, 0.5, 'log2') 0.05099886813808717
(20, 29, 14, 0.08, 0.75, 'log2') 0.04978935382863652
(20, 10, 22, 0.06, 0.75, 'log2') 0.04903370786516857
(60, 12, 19, 0.02, 1.0, 'log2') 0.04837860780984725
(50, 15, 23, 0.02, 0.75, 'log2') 0.04825275657336728
(20, 48, 14, 0.06, 1.0, 'log2') 0.04824116305587233
(90, 3, 34, 0.1, 0.75, 'log2') 0.04818479149632073
(30, 47, 26, 0.04, 1.0, 'log2') 0.0480045415838774
(60, 46, 34, 0.02, 1.0, 'log2') 0.047985815602836955
(20, 45, 23, 0.1, 0.5, 'log2') 0.04790386803185442
(10, 26, 32, 0.1, 0.75, 'log2') 0.04784308211473568
(20, 12, 34, 0.06, 0.5, 'log2') 0.047801238738738795
(30, 20, 39, 0.04, 1.0, 'log2') 0.0474722775092409
(20, 16, None, 0.1, 0.5, 'log2') 0.047438616071428595
(20, 22, 25, 0.06, 0.5, 'log2') 0.047408975444538586
(90, 3, 31, 0.1, 0.5, 'log2') 0.042290305010893384
(20, 9, 15, 0.06, 0.5, 'log2') 0.04212538656170935
(70, 49, 22, 0.02, 0.5, 'log2') 0.040215269804822124
(20, 25, 40, 0.06, 0.5, 'log2') 0.038294200848656305
(40, 3, 14, 0.04, 0.5, 'log2') 0.03683898305084748
(70, 13, 30, 0.02, 0.75, 'log2') 0.036620592383638975
(30, 11, 21, 0.06, 0.5, 'log2') 0.035584524810765336
(40, 42, 13, 0.04, 0.5, 'log2') 0.035122646891043954
(20, 23, 39, 0.06, 0.5, 'log2') 0.034948048301039064
(30, 16, 13, 0.04, 0.5, 'log2') 0.034191990911672854
(30, 13, 11, 0.04, 0.75, 'log2') 0.033560779816513786
(20, 22, 29, 0.06, 0.75, 'log2') 0.03280889389248524
(10, 12, 22, 0.1, 0.75, 'log2') 0.03137863534675616
(60, 39, 25, 0.02, 0.75, 'log2') 0.031276656241114593
(60, 25, 20, 0.02, 0.5, 'log2') 0.031258202567760365
(10, 17, 19, 0.08, 0.75, 'log2') 0.030651622002820896
(10, 10, 10, 0.1, 0.5, 'log2') 0.028663268195978527
(20, 4, 25, 0.06, 0.5, 'log2') 0.0274608938547486
(20, 42, 24, 0.06, 0.5, 'log2') 0.02718210138770891
(60, 41, 34, 0.02, 0.5, 'log2') 0.026954532456391213
(50, 30, 12, 0.02, 0.75, 'log2') 0.02671637510754235
(20, 46, 38, 0.08, 0.5, 'log2') 0.026185332575326927
(60, 25, 35, 0.02, 0.5, 'log2') 0.026021689497716934
(50, 42, 34, 0.02, 0.5, 'log2') 0.02479518762532231
(70, 40, 17, 0.02, 0.5, 'log2') 0.023619264747791392
(20, 41, 25, 0.06, 0.5, 'log2') 0.023457838143746496
(10, 14, 33, 0.1, 0.75, 'log2') 0.02335948444942561
(50, 32, 11, 0.02, 0.75, 'log2') 0.02233123569794056
(20, 26, 11, 0.06, 0.5, 'log2') 0.022108416547788903
(30, 50, 32, 0.04, 0.5, 'log2') 0.020701001430615172
(10, 33, 29, 0.1, 0.75, 'log2') 0.020572075899178734
(10, 42, 12, 0.1, 1.0, 'log2') 0.019934659090909107
(60, 45, 14, 0.02, 0.75, 'log2') 0.01922879908935688
(50, 23, 35, 0.02, 0.75, 'log2') 0.01893629124004555
(50, 39, 28, 0.02, 1.0, 'log2') 0.01814814814814816
(10, 44, 23, 0.1, 0.75, 'log2') 0.01726602382302897
(50, 18, 28, 0.02, 0.75, 'log2') 0.015977272727272788
(10, 38, 39, 0.1, 1.0, 'log2') 0.015052304212609561
(50, 42, 37, 0.02, 0.75, 'log2') 0.013515825491873393
(30, 33, 26, 0.04, 0.75, 'log2') 0.012767475035663367
(10, 32, 17, 0.08, 0.75, 'log2') 0.012390505792596656
(10, 18, 22, 0.1, 0.75, 'log2') 0.01220658598367578
(40, 7, 30, 0.02, 0.75, 'log2') 0.012007371703997764
(10, 20, 27, 0.1, 0.5, 'log2') 0.01155375139977606
(20, 40, 31, 0.04, 0.75, 'log2') 0.011444412851862415
(10, 7, 10, 0.1, 0.75, 'log2') 0.009581554227156239
(40, 38, 40, 0.02, 0.75, 'log2') 0.00890847072200117
(10, 32, 21, 0.08, 1.0, 'log2') 0.008898257448004565
(20, 4, 40, 0.04, 0.75, 'log2') 0.007372714486638564
(40, 15, 39, 0.02, 0.5, 'log2') 0.0054994324631101625
(40, 39, 27, 0.02, 0.75, 'log2') 0.005279274170683352
(40, 24, 25, 0.02, 1.0, 'log2') 0.004500564334085649
(60, 50, 29, 0.02, 0.5, 'log2') 0.0034958416977344683
(10, 19, 20, 0.08, 0.75, 'log2') 0.0026269751693002784
(60, 45, 12, 0.02, 0.75, 'log2') 0.002472779369627448
(40, 8, 18, 0.02, 0.75, 'log2') 0.001986455981941147
(10, 29, 17, 0.08, 1.0, 'log2') 0.00043074324324331485
(10, 14, 26, 0.06, 1.0, 'log2') -0.0004662921348314355
(20, 28, 12, 0.06, 1.0, 'log2') -0.0012431967917501609
(40, 29, 25, 0.02, 1.0, 'log2') -0.0015660592255127034
(30, 49, 15, 0.04, 0.5, 'log2') -0.0018249641319942834
(30, 39, 26, 0.04, 0.75, 'log2') -0.0022435530085961734
(10, 6, 18, 0.1, 0.75, 'log2') -0.00273233166388425
(20, 32, 40, 0.04, 0.75, 'log2') -0.00500566251415621
(20, 8, 24, 0.04, 0.5, 'log2') -0.005392184425077259
(20, 40, 18, 0.04, 0.75, 'log2') -0.007086320619443716
(30, 7, 20, 0.02, 1.0, 'log2') -0.007261669024045488
(40, 9, 31, 0.02, 1.0, 'log2') -0.008246552209400623
(20, 8, 28, 0.04, 0.75, 'log2') -0.00969407802413697
(10, 28, 36, 0.08, 0.75, 'log2') -0.011708074534161617
(10, 12, 32, 0.06, 1.0, 'log2') -0.01343211967259402
(10, 3, 26, 0.1, 0.75, 'log2') -0.013777901785714319
(20, 12, 17, 0.04, 0.5, 'log2') -0.014579677328050036
(40, 15, 20, 0.02, 0.5, 'log2') -0.014830028328611914
(40, 9, 21, 0.02, 0.5, 'log2') -0.015479762241721056
(40, 6, 10, 0.02, 0.5, 'log2') -0.015578524260694804
(10, 13, 37, 0.1, 0.5, 'log2') -0.016048794167134006
(10, 9, None, 0.08, 0.75, 'log2') -0.017432243643475783
(40, 36, 16, 0.02, 0.75, 'log2') -0.018019434124035612
(10, 10, 38, 0.06, 0.5, 'log2') -0.018063429694078214
(20, 35, 12, 0.04, 0.75, 'log2') -0.018801144492131758
(10, 19, 23, 0.06, 1.0, 'log2') -0.02050310910118724
(10, 9, 28, 0.06, 1.0, 'log2') -0.02154795288839038
(40, 39, 16, 0.02, 0.5, 'log2') -0.022047917855105473
(10, 24, 18, 0.06, 0.75, 'log2') -0.022177739920499963
(10, 39, None, 0.08, 0.5, 'log2') -0.02336177474402747
(40, 44, 21, 0.02, 0.75, 'log2') -0.02751566951566963
(10, 44, 21, 0.08, 0.5, 'log2') -0.028071570576540937
(30, 12, 17, 0.02, 1.0, 'log2') -0.028412517780938975
(30, 26, 39, 0.02, 1.0, 'log2') -0.029323437053953932
(10, 48, 23, 0.08, 0.5, 'log2') -0.030105173393974043
(10, 28, 26, 0.06, 0.5, 'log2') -0.03087993187624202
(10, 24, 27, 0.06, 1.0, 'log2') -0.03149422046800133
(40, 50, 20, 0.02, 0.75, 'log2') -0.03356733524355319
(10, 20, 38, 0.06, 0.5, 'log2') -0.03368022440392725
(20, 41, 33, 0.04, 0.5, 'log2') -0.033895547945205655
(10, 22, 31, 0.06, 0.5, 'log2') -0.03489506522972218
(30, 4, 30, 0.02, 1.0, 'log2') -0.0349394536750213
(30, 29, 38, 0.02, 1.0, 'log2') -0.0355844891027457
(10, 17, 19, 0.06, 0.75, 'log2') -0.03752117447769634
(10, 18, 23, 0.06, 0.5, 'log2') -0.04137249364586292
(10, 39, 31, 0.06, 1.0, 'log2') -0.04172208013640252
(10, 19, 22, 0.06, 0.5, 'log2') -0.04381971830985934
(10, 8, None, 0.04, 0.75, 'log2') -0.045129358830146384
(10, 32, 11, 0.06, 0.5, 'log2') -0.04570983281382844
(10, 40, 33, 0.06, 0.5, 'log2') -0.050808740068104534
(10, 34, 12, 0.06, 1.0, 'log2') -0.05146202170188484
(10, 5, 32, 0.06, 0.75, 'log2') -0.055575319622012426
(10, 13, 25, 0.04, 1.0, 'log2') -0.05594908062234806
(10, 50, 17, 0.06, 1.0, 'log2') -0.057043971631205864
(30, 34, 38, 0.02, 0.5, 'log2') -0.05754000000000021
(10, 8, 32, 0.04, 1.0, 'log2') -0.05841676040494962
(30, 27, 32, 0.02, 0.5, 'log2') -0.06308940774487488
(30, 21, 26, 0.02, 0.5, 'log2') -0.06401075573167304
(30, 50, 33, 0.02, 0.5, 'log2') -0.06845425867507897
(10, 50, 12, 0.06, 0.75, 'log2') -0.06966408268733855
(10, 43, 26, 0.04, 0.5, 'log2') -0.0702333523050656
(10, 29, 34, 0.04, 0.75, 'log2') -0.07056437889960303
(10, 19, 19, 0.04, 0.75, 'log2') -0.0708032926483112
(10, 39, 25, 0.04, 1.0, 'log2') -0.07114913031080712
(10, 20, 18, 0.04, 1.0, 'log2') -0.07188155284783242
(20, 22, 38, 0.02, 0.75, 'log2') -0.07237784090909108
(10, 35, 25, 0.04, 1.0, 'log2') -0.07341595441595458
(10, 17, 36, 0.04, 0.5, 'log2') -0.07412531896796157
(20, 11, 22, 0.02, 1.0, 'log2') -0.07640545144804091
(20, 38, 23, 0.02, 0.75, 'log2') -0.07779675491033325
(20, 35, 25, 0.02, 0.75, 'log2') -0.07919805936073065
(20, 42, 27, 0.02, 1.0, 'log2') -0.08035499570569724
(10, 35, 30, 0.04, 1.0, 'log2') -0.08126772546795247
(10, 8, 26, 0.04, 0.75, 'log2') -0.08337716843872427
(10, 47, 18, 0.04, 0.5, 'log2') -0.0840820980615736
(20, 50, 21, 0.02, 0.75, 'log2') -0.08626647564469928
(20, 14, 12, 0.02, 1.0, 'log2') -0.08854810996563582
(10, 19, 10, 0.04, 1.0, 'log2') -0.08867579908675814
(20, 35, 34, 0.02, 0.5, 'log2') -0.09105278174037099
(10, 3, 40, 0.02, 0.75, 'log2') -0.09428208744710874
(10, 44, 13, 0.04, 0.5, 'log2') -0.09608138873079117
(10, 50, 30, 0.04, 0.75, 'log2') -0.09851057747284174
(20, 49, 21, 0.02, 0.75, 'log2') -0.0987746922416262
(10, 35, 30, 0.02, 0.75, 'log2') -0.10297842135150483
(20, 50, 14, 0.02, 0.5, 'log2') -0.10488425264361251
(10, 35, 15, 0.02, 0.75, 'log2') -0.10541090087545893
(10, 25, 21, 0.02, 0.5, 'log2') -0.10944224235560587