exe: 0.119
var: 0.00015

(40, 12, 14, 0.1, 1.0, 'log2') 0.14730024543223338
(10, 22, 11, 0.08, 0.75, 'log2') 0.1453055100927441
(20, 18, 29, 0.02, 0.75, 'log2') 0.14405405405405394
(50, 17, 27, 0.1, 1.0, 'log2') 0.14286572052401753
(80, 39, 26, 0.08, 1.0, 'log2') 0.14212742685261134
(80, 33, 26, 0.04, 1.0, 'log2') 0.14200764818355627
(20, 44, 30, 0.02, 1.0, 'log2') 0.14185761047463172
(20, 33, 38, 0.1, 0.5, 'log2') 0.14147662018047577
(30, 44, 40, 0.08, 0.75, 'log2') 0.14125068268705615
(90, 14, 17, 0.02, 0.75, 'log2') 0.14094952251023182
(20, 48, 22, 0.08, 1.0, 'log2') 0.14091008472260172
(20, 45, 37, 0.06, 0.5, 'log2') 0.13999453999453987
(80, 8, 27, 0.1, 0.75, 'log2') 0.13991275899672853
(30, 14, 14, 0.02, 0.75, 'log2') 0.13989907255864686
(10, 10, 33, 0.02, 0.5, 'log2') 0.13979781420765017
(20, 36, 26, 0.02, 0.75, 'log2') 0.13956581103222274
(10, 37, 37, 0.06, 0.75, 'log2') 0.13953043953043948
(10, 47, 36, 0.02, 1.0, 'log2') 0.13942459776383956
(80, 45, 32, 0.04, 1.0, 'log2') 0.1392545057345711
(60, 30, 39, 0.08, 1.0, 'log2') 0.13924064463261399
(70, 30, 28, 0.02, 1.0, 'log2') 0.13890343698854318
(20, 26, 17, 0.02, 0.5, 'log2') 0.138900409276944
(30, 34, 13, 0.02, 0.5, 'log2') 0.13877589967284612
(50, 11, 13, 0.06, 0.5, 'log2') 0.13873566357181863
(90, 32, 16, 0.08, 1.0, 'log2') 0.13873531821906573
(90, 47, 10, 0.06, 0.75, 'log2') 0.13860465116279055
(10, 36, 15, 0.04, 1.0, 'log2') 0.13845293315143242
(10, 41, 15, 0.02, 0.75, 'log2') 0.13840480742966388
(10, 20, 23, 0.02, 0.75, 'log2') 0.13817239498090556
(50, 47, 17, 0.08, 1.0, 'log2') 0.13798307860262005
(10, 18, 10, 0.02, 1.0, 'log2') 0.13779989094874578
(90, 37, 33, 0.06, 1.0, 'log2') 0.137301066447908
(10, 37, 38, 0.02, 0.5, 'log2') 0.13718263718263707
(10, 48, 40, 0.08, 0.75, 'log2') 0.13705641864268184
(40, 21, 38, 0.06, 1.0, 'log2') 0.13702488378452277
(10, 14, 28, 0.02, 0.75, 'log2') 0.1368168168168167
(10, 33, 22, 0.02, 1.0, 'log2') 0.13656667575674927
(50, 6, 13, 0.02, 1.0, 'log2') 0.1363847203274215
(70, 37, 25, 0.08, 0.5, 'log2') 0.1362752594210813
(20, 29, 12, 0.02, 1.0, 'log2') 0.13622955288985816
(40, 10, 34, 0.04, 1.0, 'log2') 0.1361403987981425
(30, 13, 21, 0.1, 0.5, 'log2') 0.13609915554344848
(10, 48, 37, 0.02, 1.0, 'log2') 0.13599836333878879
(20, 40, 24, 0.02, 1.0, 'log2') 0.13597544338335593
(20, 35, 17, 0.02, 0.5, 'log2') 0.1359384363933532
(10, 24, 22, 0.06, 0.75, 'log2') 0.135900655021834
(60, 44, 11, 0.08, 0.75, 'log2') 0.13574945295404806
(40, 17, 39, 0.02, 1.0, 'log2') 0.1356297709923663
(30, 45, 10, 0.08, 0.75, 'log2') 0.1352540983606557
(20, 50, 19, 0.06, 1.0, 'log2') 0.13520622780661018
(10, 30, 23, 0.02, 1.0, 'log2') 0.13518579234972666
(10, 29, None, 0.1, 1.0, 'log2') 0.135038188761593
(60, 42, 14, 0.06, 1.0, 'log2') 0.13491127491127483
(30, 19, 23, 0.02, 1.0, 'log2') 0.13466048541041717
(80, 43, 11, 0.1, 1.0, 'log2') 0.134547690625854
(50, 6, 10, 0.06, 1.0, 'log2') 0.13425723648279617
(30, 19, None, 0.1, 0.75, 'log2') 0.13402895383774918
(10, 8, 18, 0.02, 0.5, 'log2') 0.13393724420190986
(80, 9, 30, 0.02, 1.0, 'log2') 0.13391862370289448
(70, 38, 12, 0.1, 0.5, 'log2') 0.13385854724194418
(30, 11, 19, 0.02, 1.0, 'log2') 0.13378275109170296
(30, 47, 33, 0.08, 0.75, 'log2') 0.13358001092299282
(10, 23, 34, 0.02, 0.75, 'log2') 0.13350245499181662
(20, 7, 32, 0.02, 0.5, 'log2') 0.1334672131147541
(10, 24, 26, 0.02, 1.0, 'log2') 0.13325061358058346
(20, 32, 20, 0.02, 0.5, 'log2') 0.1331277292576418
(20, 25, 39, 0.1, 0.75, 'log2') 0.13300790837196605
(20, 25, 24, 0.02, 0.5, 'log2') 0.13292769440654836
(10, 43, 26, 0.04, 0.75, 'log2') 0.13267175572519072
(20, 40, 26, 0.02, 0.5, 'log2') 0.13266848567530684
(20, 32, 35, 0.02, 0.75, 'log2') 0.13249999999999992
(30, 32, None, 0.04, 0.75, 'log2') 0.13248565965583162
(20, 27, 12, 0.06, 1.0, 'log2') 0.13232469304229189
(30, 28, 27, 0.02, 1.0, 'log2') 0.13229929000546134
(90, 46, 34, 0.02, 1.0, 'log2') 0.13221161712571577
(20, 42, 22, 0.08, 1.0, 'log2') 0.13213700873362433
(50, 41, 35, 0.02, 0.5, 'log2') 0.13210267613326046
(30, 23, 22, 0.02, 0.5, 'log2') 0.13207253886010348
(60, 29, 16, 0.02, 1.0, 'log2') 0.1320393120393119
(20, 14, 16, 0.02, 0.5, 'log2') 0.13180278612400972
(80, 44, 27, 0.06, 1.0, 'log2') 0.13176839237057208
(10, 23, 30, 0.04, 1.0, 'log2') 0.13174269325320942
(30, 4, 23, 0.02, 0.75, 'log2') 0.1317199017199016
(20, 50, 36, 0.02, 0.75, 'log2') 0.13171755725190828
(60, 36, 28, 0.08, 0.5, 'log2') 0.13167257844474756
(30, 20, None, 0.02, 1.0, 'log2') 0.13153677878042103
(80, 36, 28, 0.04, 1.0, 'log2') 0.1315220949263501
(40, 42, 38, 0.04, 0.75, 'log2') 0.13138062755798077
(10, 43, 13, 0.02, 0.75, 'log2') 0.13134751773049633
(50, 50, 26, 0.06, 1.0, 'log2') 0.13117791746378776
(40, 6, 30, 0.04, 0.5, 'log2') 0.13104473540643743
(10, 21, 35, 0.04, 1.0, 'log2') 0.13099563557010355
(20, 28, 37, 0.02, 1.0, 'log2') 0.1307994542974078
(20, 3, 25, 0.02, 1.0, 'log2') 0.1306280720917531
(20, 43, 16, 0.1, 0.5, 'log2') 0.1305819672131146
(40, 35, 28, 0.02, 0.5, 'log2') 0.1304560349535772
(10, 44, 11, 0.04, 0.5, 'log2') 0.1304065484311049
(70, 22, 28, 0.02, 0.5, 'log2') 0.13040437158469934
(10, 13, 10, 0.04, 0.5, 'log2') 0.1303221403221402
(20, 33, 23, 0.02, 0.75, 'log2') 0.1301910480349344
(50, 14, 11, 0.1, 0.5, 'log2') 0.13012845039628299
(10, 44, 38, 0.06, 1.0, 'log2') 0.13007094133697128
(20, 7, 30, 0.1, 1.0, 'log2') 0.12998907402349077
(60, 34, 24, 0.04, 0.75, 'log2') 0.12998363338788854
(60, 38, 11, 0.02, 1.0, 'log2') 0.12991543917075823
(20, 26, 31, 0.02, 0.75, 'log2') 0.12981967213114745
(40, 44, 34, 0.04, 0.75, 'log2') 0.12978932968536244
(40, 19, 12, 0.08, 0.75, 'log2') 0.1297701149425286
(20, 16, 26, 0.06, 0.5, 'log2') 0.12965884279475962
(90, 28, 20, 0.04, 1.0, 'log2') 0.1295473138805563
(50, 30, 31, 0.06, 0.75, 'log2') 0.1295135282864169
(20, 17, 34, 0.06, 0.5, 'log2') 0.12947842708902227
(30, 28, 22, 0.02, 0.75, 'log2') 0.12937772925764182
(20, 12, 18, 0.04, 0.75, 'log2') 0.12908196721311468
(40, 11, 25, 0.02, 1.0, 'log2') 0.1287858900738309
(20, 49, 40, 0.04, 0.5, 'log2') 0.12877250409165297
(60, 7, 29, 0.1, 1.0, 'log2') 0.12866866321807793
(60, 20, 22, 0.04, 1.0, 'log2') 0.1286661211129295
(20, 13, 15, 0.02, 0.5, 'log2') 0.12863611565739216
(70, 22, 10, 0.02, 1.0, 'log2') 0.12850382932166296
(50, 8, 34, 0.02, 0.75, 'log2') 0.1284025122883669
(90, 40, 15, 0.02, 1.0, 'log2') 0.12835017754711822
(20, 7, 40, 0.06, 0.5, 'log2') 0.12833469833469818
(80, 23, 22, 0.1, 1.0, 'log2') 0.12821379874556843
(20, 29, 32, 0.02, 0.5, 'log2') 0.128190502183406
(10, 28, 14, 0.04, 1.0, 'log2') 0.12813369713506123
(60, 27, 20, 0.02, 0.75, 'log2') 0.12766230223677025
(80, 5, 25, 0.08, 0.75, 'log2') 0.12759607522485691
(40, 37, 23, 0.08, 0.75, 'log2') 0.12759345156889487
(60, 10, 10, 0.06, 0.75, 'log2') 0.12758055707263782
(60, 41, 10, 0.04, 1.0, 'log2') 0.1275552523874488
(10, 16, 30, 0.1, 0.5, 'log2') 0.12751091703056752
(40, 22, 17, 0.04, 1.0, 'log2') 0.1273879781420764
(80, 36, None, 0.08, 0.5, 'log2') 0.12736338797814192
(80, 25, 36, 0.1, 0.75, 'log2') 0.12726404800872876
(20, 21, 31, 0.08, 1.0, 'log2') 0.1271794871794871
(50, 37, 33, 0.04, 0.75, 'log2') 0.12710971615720507
(80, 38, 32, 0.02, 1.0, 'log2') 0.12709809264305166
(30, 44, 38, 0.02, 1.0, 'log2') 0.1269623362445414
(30, 44, 26, 0.02, 0.5, 'log2') 0.1269480874316939
(10, 35, 20, 0.04, 1.0, 'log2') 0.12690229257641908
(30, 5, 27, 0.06, 1.0, 'log2') 0.12687960687960678
(30, 38, 17, 0.02, 0.75, 'log2') 0.1268104860731839
(90, 7, 26, 0.02, 1.0, 'log2') 0.1267923497267759
(10, 16, 15, 0.04, 0.75, 'log2') 0.12647203274215546
(50, 21, 33, 0.02, 1.0, 'log2') 0.12646641179683224
(60, 46, 30, 0.1, 0.75, 'log2') 0.12643521049753959
(30, 47, 22, 0.02, 0.75, 'log2') 0.12626979792463125
(30, 37, 30, 0.1, 0.75, 'log2') 0.12621104428649524
(20, 16, 38, 0.02, 0.75, 'log2') 0.12618930714675383
(70, 7, 16, 0.08, 1.0, 'log2') 0.1261358058358331
(60, 33, 21, 0.08, 0.75, 'log2') 0.1261229508196721
(60, 49, 17, 0.02, 0.5, 'log2') 0.1261205016357687
(20, 40, 36, 0.04, 0.75, 'log2') 0.12610928961748627
(90, 50, 23, 0.08, 1.0, 'log2') 0.12609989082969428
(90, 48, 14, 0.02, 1.0, 'log2') 0.12608399236433052
(10, 27, 37, 0.04, 1.0, 'log2') 0.12602732240437153
(20, 7, 36, 0.04, 1.0, 'log2') 0.12598799126637544
(10, 41, 15, 0.04, 1.0, 'log2') 0.12595199127114007
(30, 11, 21, 0.08, 0.75, 'log2') 0.1258499317871759
(20, 16, 20, 0.04, 1.0, 'log2') 0.12584632212195776
(90, 23, 15, 0.08, 1.0, 'log2') 0.12577468630660107
(10, 6, 15, 0.04, 1.0, 'log2') 0.1256340332697026
(60, 41, 20, 0.02, 1.0, 'log2') 0.12559683146681228
(20, 12, 26, 0.08, 0.75, 'log2') 0.12557949277338407
(40, 30, 22, 0.1, 1.0, 'log2') 0.12557681793329684
(30, 42, 20, 0.06, 0.75, 'log2') 0.12557041484716153
(70, 26, 23, 0.02, 0.5, 'log2') 0.1255610155610154
(60, 42, 18, 0.04, 0.5, 'log2') 0.12555646481178387
(50, 19, 15, 0.1, 0.75, 'log2') 0.1254964539007092
(50, 5, 23, 0.06, 0.75, 'log2') 0.12549261083743843
(50, 18, 14, 0.1, 1.0, 'log2') 0.12540688148552695
(50, 50, 13, 0.06, 1.0, 'log2') 0.12534445051940946
(50, 17, 10, 0.02, 1.0, 'log2') 0.12523367040174904
(30, 14, 16, 0.04, 0.5, 'log2') 0.12501227161167158
(60, 27, 13, 0.02, 0.5, 'log2') 0.12488251366120212
(30, 46, 31, 0.04, 0.75, 'log2') 0.12480196667577155
(70, 46, 34, 0.04, 0.75, 'log2') 0.12465427712489746
(60, 14, 39, 0.04, 1.0, 'log2') 0.1245499181669394
(80, 4, 17, 0.04, 0.5, 'log2') 0.1244541484716156
(30, 10, 22, 0.06, 1.0, 'log2') 0.12438591703056766
(60, 16, 20, 0.1, 1.0, 'log2') 0.12419776627621895
(50, 50, 21, 0.02, 0.5, 'log2') 0.12416712179137075
(50, 27, 24, 0.08, 0.75, 'log2') 0.12411828836195148
(40, 24, 24, 0.1, 0.5, 'log2') 0.12407478165938866
(50, 13, 14, 0.04, 0.75, 'log2') 0.12404911323328771
(40, 41, 12, 0.04, 1.0, 'log2') 0.12403825136612019
(80, 36, 31, 0.1, 0.5, 'log2') 0.12400710188473082
(30, 30, 40, 0.08, 0.75, 'log2') 0.12385581649371921
(10, 36, 20, 0.06, 0.5, 'log2') 0.12381510771748014
(60, 33, 40, 0.02, 1.0, 'log2') 0.12376467376467368
(40, 44, 14, 0.02, 1.0, 'log2') 0.1236376059032522
(70, 34, 34, 0.06, 1.0, 'log2') 0.12360633360633348
(70, 49, 39, 0.08, 0.75, 'log2') 0.12354451119606771
(10, 33, 15, 0.06, 0.75, 'log2') 0.1234643734643733
(50, 48, 13, 0.04, 0.5, 'log2') 0.12344338335607088
(70, 20, 16, 0.02, 0.5, 'log2') 0.1234135009565455
(90, 47, 32, 0.08, 0.75, 'log2') 0.12336333878887064
(40, 48, 28, 0.02, 0.75, 'log2') 0.12327868852459008
(10, 37, 19, 0.08, 0.5, 'log2') 0.12326781326781319
(90, 33, 35, 0.08, 0.75, 'log2') 0.12323505323505318
(70, 20, 30, 0.06, 0.75, 'log2') 0.12320141921397366
(70, 29, 27, 0.1, 0.75, 'log2') 0.12317598908594811
(30, 31, 27, 0.04, 0.75, 'log2') 0.12312124522119053
(10, 22, 37, 0.08, 0.5, 'log2') 0.12308365226899935
(90, 13, 18, 0.1, 0.75, 'log2') 0.12304881374420498
(70, 50, 22, 0.06, 1.0, 'log2') 0.12303220524017464
(60, 37, 20, 0.08, 0.75, 'log2') 0.12302103250478003
(40, 29, 14, 0.06, 1.0, 'log2') 0.12296751296751286
(40, 13, 16, 0.08, 0.75, 'log2') 0.12290938864628817
(90, 24, 25, 0.06, 0.75, 'log2') 0.12287271736167875
(50, 9, 16, 0.06, 1.0, 'log2') 0.12286885245901634
(30, 46, 20, 0.06, 0.5, 'log2') 0.12278733278733268
(30, 47, 23, 0.02, 0.5, 'log2') 0.122764272056815
(10, 13, 10, 0.1, 0.75, 'log2') 0.12276247613853274
(90, 36, 26, 0.1, 1.0, 'log2') 0.12274386920980923
(50, 8, 28, 0.02, 1.0, 'log2') 0.12269776322967803
(40, 5, 32, 0.04, 1.0, 'log2') 0.12258178844056704
(30, 33, 17, 0.06, 0.75, 'log2') 0.12255115961800804
(10, 31, 13, 0.08, 0.5, 'log2') 0.12243989071038246
(30, 11, 20, 0.04, 0.5, 'log2') 0.12234379263301491
(20, 16, 11, 0.06, 1.0, 'log2') 0.12230264954930332
(80, 26, 40, 0.04, 0.75, 'log2') 0.1222831423895253
(80, 16, 13, 0.04, 1.0, 'log2') 0.12224411603721941
(60, 39, 28, 0.02, 0.5, 'log2') 0.12222191855698274
(30, 24, 33, 0.08, 0.75, 'log2') 0.12214519650655015
(10, 50, 12, 0.08, 0.5, 'log2') 0.12213700873362443
(50, 11, 17, 0.02, 1.0, 'log2') 0.12212824010914042
(30, 26, 22, 0.08, 0.75, 'log2') 0.1220120284308365
(90, 16, None, 0.02, 0.5, 'log2') 0.12196779475982522
(10, 33, 32, 0.1, 1.0, 'log2') 0.12194528043775647
(20, 45, 26, 0.04, 0.75, 'log2') 0.1219427012278308
(90, 3, 15, 0.02, 0.5, 'log2') 0.12188710117262053
(50, 19, 14, 0.06, 0.5, 'log2') 0.12188612099644122
(20, 38, 38, 0.08, 1.0, 'log2') 0.12180900409276932
(40, 20, 29, 0.02, 0.5, 'log2') 0.121781718963165
(60, 34, 30, 0.08, 0.75, 'log2') 0.12153153153153147
(90, 42, 34, 0.1, 1.0, 'log2') 0.12151581243184292
(90, 32, 40, 0.04, 1.0, 'log2') 0.1214500273074822
(20, 30, 17, 0.06, 0.5, 'log2') 0.1214461118690313
(40, 31, 31, 0.04, 0.5, 'log2') 0.12140437158469945
(20, 22, 11, 0.1, 0.5, 'log2') 0.12139465065502167
(60, 34, 29, 0.04, 1.0, 'log2') 0.12135260430869914
(30, 6, 36, 0.04, 1.0, 'log2') 0.12131514324693031
(80, 22, 38, 0.1, 1.0, 'log2') 0.12131098391932395
(80, 26, 32, 0.1, 0.75, 'log2') 0.1212949836423118
(40, 8, 18, 0.1, 0.75, 'log2') 0.12129067541700839
(10, 20, 18, 0.08, 0.75, 'log2') 0.12125545851528376
(90, 36, 19, 0.04, 0.75, 'log2') 0.12123567921440255
(70, 39, 33, 0.04, 0.75, 'log2') 0.12104673408034973
(70, 44, 35, 0.08, 1.0, 'log2') 0.12101745771958523
(80, 8, 11, 0.08, 0.5, 'log2') 0.12100899918189248
(10, 39, 32, 0.06, 0.75, 'log2') 0.12095796943231428
(70, 20, 39, 0.02, 0.5, 'log2') 0.12095004095004085
(10, 16, 20, 0.06, 0.75, 'log2') 0.12089641978682696
(40, 29, 11, 0.02, 0.5, 'log2') 0.12071993455140435
(30, 38, 16, 0.06, 0.5, 'log2') 0.12068579234972669
(40, 39, 39, 0.08, 0.75, 'log2') 0.12065555859054898
(80, 30, 30, 0.02, 0.5, 'log2') 0.1205046372067648
(50, 28, 11, 0.04, 1.0, 'log2') 0.12043727794479353
(80, 36, 18, 0.06, 0.5, 'log2') 0.1204343075662387
(80, 27, 31, 0.04, 0.75, 'log2') 0.1203961748633879
(60, 32, 23, 0.04, 1.0, 'log2') 0.12038482532751087
(80, 39, 19, 0.06, 0.75, 'log2') 0.12037411250682677
(20, 31, 19, 0.1, 1.0, 'log2') 0.12025375170532052
(80, 46, 35, 0.02, 1.0, 'log2') 0.12024836244541476
(30, 41, 24, 0.08, 0.75, 'log2') 0.12020475020475017
(80, 31, 30, 0.02, 0.75, 'log2') 0.11984443231441046
(40, 27, 21, 0.06, 0.75, 'log2') 0.11978717598908589
(40, 45, 35, 0.04, 0.75, 'log2') 0.11969978165938858
(40, 6, None, 0.04, 0.5, 'log2') 0.11966975982532752
(30, 29, 31, 0.04, 1.0, 'log2') 0.1196562073669849
(90, 30, 37, 0.02, 0.5, 'log2') 0.11959584926269785
(60, 44, 26, 0.06, 0.75, 'log2') 0.11957092101667122
(40, 20, 16, 0.04, 0.5, 'log2') 0.11952796725784441
(70, 38, 26, 0.02, 0.5, 'log2') 0.11950573457127246
(30, 12, 16, 0.04, 1.0, 'log2') 0.11945643266866972
(50, 35, 37, 0.04, 1.0, 'log2') 0.11936065573770481
(40, 23, 20, 0.02, 0.75, 'log2') 0.11930752453653205
(50, 22, 10, 0.06, 0.75, 'log2') 0.11927615405626861
(50, 6, 19, 0.02, 0.5, 'log2') 0.11926663031624857
(90, 49, 24, 0.1, 0.5, 'log2') 0.11925552222525215
(20, 30, 32, 0.06, 0.5, 'log2') 0.11919324066503126
(90, 7, 24, 0.08, 1.0, 'log2') 0.11909264305177107
(20, 45, 10, 0.04, 0.5, 'log2') 0.11908346972176753
(60, 31, 10, 0.1, 1.0, 'log2') 0.11907650273224037
(50, 32, 18, 0.08, 1.0, 'log2') 0.11906463048813733
(90, 26, None, 0.06, 1.0, 'log2') 0.11894650655021824
(80, 49, 29, 0.1, 0.75, 'log2') 0.11878514878514874
(70, 24, 33, 0.02, 1.0, 'log2') 0.11874863387978138
(60, 6, 18, 0.02, 0.5, 'log2') 0.11850314121824634
(90, 16, 28, 0.04, 0.75, 'log2') 0.11843485386506412
(50, 12, 33, 0.04, 0.75, 'log2') 0.11839149400218098
(20, 5, 23, 0.1, 0.75, 'log2') 0.11837571780147657
(50, 37, 29, 0.02, 0.75, 'log2') 0.11835926835926831
(30, 4, 38, 0.06, 1.0, 'log2') 0.11832742155525239
(90, 3, 21, 0.04, 1.0, 'log2') 0.11831877729257631
(60, 38, 23, 0.04, 1.0, 'log2') 0.11824379601854368
(50, 24, 19, 0.1, 0.75, 'log2') 0.11821107172075257
(80, 22, 24, 0.08, 0.5, 'log2') 0.11791916985253946
(30, 3, 27, 0.1, 0.5, 'log2') 0.11791280653950943
(40, 42, 33, 0.08, 0.5, 'log2') 0.11784623773173394
(90, 39, 25, 0.04, 0.75, 'log2') 0.11773012838022391
(90, 43, 35, 0.04, 0.5, 'log2') 0.11767257844474761
(90, 27, 33, 0.08, 0.5, 'log2') 0.11762684124386247
(40, 18, 13, 0.04, 1.0, 'log2') 0.11762360010925973
(80, 22, 40, 0.04, 0.5, 'log2') 0.11762203436051262
(70, 40, 30, 0.04, 1.0, 'log2') 0.11755258126195023
(90, 45, 12, 0.02, 1.0, 'log2') 0.1173267866884888
(20, 33, 39, 0.06, 0.5, 'log2') 0.11710504774897675
(70, 19, 34, 0.06, 1.0, 'log2') 0.1169994544462629
(10, 28, 38, 0.1, 0.75, 'log2') 0.11678884026258206
(40, 48, 31, 0.06, 0.5, 'log2') 0.11675860185690874
(30, 29, 10, 0.06, 1.0, 'log2') 0.116735807860262
(50, 10, 39, 0.06, 0.75, 'log2') 0.11666575790621583
(60, 28, 30, 0.06, 1.0, 'log2') 0.11661021578803599
(80, 13, 10, 0.04, 1.0, 'log2') 0.11643540016388962
(70, 21, 29, 0.02, 1.0, 'log2') 0.11642662302236761
(80, 6, 29, 0.08, 1.0, 'log2') 0.1163968383755791
(90, 39, 35, 0.04, 0.5, 'log2') 0.11628688524590158
(40, 42, 25, 0.02, 0.5, 'log2') 0.11624419557497954
(90, 26, 13, 0.02, 0.75, 'log2') 0.11618201694452032
(80, 18, 27, 0.06, 0.75, 'log2') 0.11611292962356783
(70, 4, 32, 0.04, 0.5, 'log2') 0.11608174386920966
(20, 33, 20, 0.06, 1.0, 'log2') 0.1159317871759891
(40, 7, 19, 0.1, 0.75, 'log2') 0.11592370572207074
(20, 30, None, 0.08, 0.5, 'log2') 0.11591914777383219
(80, 46, 29, 0.02, 1.0, 'log2') 0.11590177353342422
(90, 47, 37, 0.08, 0.5, 'log2') 0.11586583037905634
(80, 13, 17, 0.06, 0.5, 'log2') 0.11583333333333327
(70, 30, 37, 0.06, 0.5, 'log2') 0.11582309582309579
(50, 43, 26, 0.04, 0.75, 'log2') 0.11579062159214833
(70, 34, 27, 0.06, 0.5, 'log2') 0.11558863698443037
(40, 22, 15, 0.1, 1.0, 'log2') 0.11557949277338414
(20, 21, 32, 0.1, 0.5, 'log2') 0.11550970210439997
(20, 17, 19, 0.08, 0.75, 'log2') 0.11545901639344255
(10, 18, 32, 0.08, 1.0, 'log2') 0.11540141998907694
(80, 50, None, 0.06, 1.0, 'log2') 0.11518973518973508
(70, 38, 13, 0.02, 0.5, 'log2') 0.11518831877729258
(10, 17, 28, 0.08, 1.0, 'log2') 0.11504774897680761
(90, 50, 38, 0.04, 0.5, 'log2') 0.11498907700709991
(20, 50, 17, 0.08, 0.5, 'log2') 0.11469493844049239
(20, 39, 10, 0.1, 0.75, 'log2') 0.11465775838560122
(60, 34, 11, 0.08, 0.5, 'log2') 0.11458788209606978
(10, 40, 37, 0.08, 0.75, 'log2') 0.11456159519257028
(90, 3, 22, 0.08, 0.75, 'log2') 0.11454817637452361
(90, 32, 31, 0.06, 0.75, 'log2') 0.11447476125511585
(90, 8, 25, 0.1, 0.75, 'log2') 0.11436442989634465
(50, 6, 33, 0.06, 1.0, 'log2') 0.11415393013100424
(80, 26, 34, 0.02, 0.5, 'log2') 0.11405781292609762
(50, 5, 21, 0.04, 0.75, 'log2') 0.1140568616730453
(10, 11, 23, 0.08, 0.75, 'log2') 0.11397376332331229
(20, 46, 19, 0.08, 0.5, 'log2') 0.11385792349726767
(60, 19, 17, 0.04, 1.0, 'log2') 0.11380913316926432
(90, 38, 16, 0.04, 0.5, 'log2') 0.11379027853631887
(40, 3, 18, 0.08, 0.75, 'log2') 0.11343724364232959
(40, 45, 26, 0.04, 1.0, 'log2') 0.11333879333879335
(70, 18, 15, 0.06, 0.5, 'log2') 0.11329058663028638
(80, 18, 23, 0.1, 0.5, 'log2') 0.11316348773841949
(50, 22, 34, 0.06, 1.0, 'log2') 0.11296367112810696
(30, 34, 16, 0.06, 1.0, 'log2') 0.11294728216334324
(80, 25, 25, 0.08, 0.75, 'log2') 0.112934604904632
(80, 49, 23, 0.1, 0.5, 'log2') 0.11293056314926171
(80, 24, 30, 0.06, 0.75, 'log2') 0.11280763983628916
(30, 38, 40, 0.1, 1.0, 'log2') 0.11270270270270263
(40, 5, 38, 0.06, 0.75, 'log2') 0.1125477880939376
(10, 11, 19, 0.08, 0.75, 'log2') 0.1124590611353711
(50, 49, None, 0.06, 0.75, 'log2') 0.11242424242424233
(60, 12, 20, 0.1, 1.0, 'log2') 0.11237731733914932
(50, 5, 27, 0.1, 1.0, 'log2') 0.1122579765475866
(60, 24, 20, 0.1, 0.75, 'log2') 0.11225402016898323
(90, 4, 10, 0.04, 0.5, 'log2') 0.11206670311645704
(30, 29, 19, 0.1, 0.75, 'log2') 0.1119677947598252
(20, 44, 34, 0.06, 1.0, 'log2') 0.11188694702348434
(30, 38, 18, 0.04, 1.0, 'log2') 0.11186542669584233
(80, 37, 39, 0.1, 1.0, 'log2') 0.11181743645804854
(50, 40, 26, 0.04, 0.5, 'log2') 0.11180054644808736
(60, 34, 34, 0.08, 1.0, 'log2') 0.1117394866193336
(60, 30, 13, 0.1, 0.75, 'log2') 0.11172809172809164
(50, 37, 18, 0.08, 0.5, 'log2') 0.11126537305274661
(90, 47, 31, 0.06, 0.5, 'log2') 0.1112131147540983
(70, 43, 31, 0.08, 0.75, 'log2') 0.11104759299781174
(60, 28, 27, 0.02, 1.0, 'log2') 0.1109470524017466
(80, 19, 39, 0.02, 0.75, 'log2') 0.11085495766184099
(90, 24, 16, 0.1, 0.5, 'log2') 0.11079607415485276
(90, 32, 21, 0.06, 0.75, 'log2') 0.11064595257563362
(80, 23, 40, 0.06, 0.75, 'log2') 0.11059224890829693
(60, 10, 11, 0.1, 1.0, 'log2') 0.11051422319474834
(90, 47, 21, 0.06, 0.5, 'log2') 0.11043122270742353
(70, 31, 22, 0.1, 0.5, 'log2') 0.11024536532170115
(10, 4, 24, 0.1, 1.0, 'log2') 0.11021270793564206
(30, 44, 34, 0.08, 0.5, 'log2') 0.10985800109229911
(30, 13, 35, 0.04, 0.5, 'log2') 0.10983324220885726
(30, 41, 33, 0.1, 0.75, 'log2') 0.10980869089915268
(90, 36, 14, 0.02, 0.5, 'log2') 0.1098006009287079
(50, 31, 23, 0.04, 1.0, 'log2') 0.10929039301310034
(70, 3, 23, 0.08, 1.0, 'log2') 0.10926623022367687
(50, 41, 23, 0.1, 0.5, 'log2') 0.10898637602179828
(70, 33, 29, 0.06, 0.5, 'log2') 0.10896448087431689
(90, 14, 31, 0.08, 0.5, 'log2') 0.10895367847411436
(10, 20, None, 0.1, 0.5, 'log2') 0.10850301039956203
(30, 44, 19, 0.1, 1.0, 'log2') 0.10849726775956274
(70, 32, 32, 0.1, 0.5, 'log2') 0.1084581738655002
(60, 43, 27, 0.04, 0.75, 'log2') 0.10837926330150062
(10, 50, 35, 0.08, 0.75, 'log2') 0.1083324220885729
(80, 14, 12, 0.1, 1.0, 'log2') 0.10825565549195953
(60, 31, 39, 0.1, 0.5, 'log2') 0.10817859093391582
(30, 11, 14, 0.08, 0.75, 'log2') 0.10817263042884452
(50, 49, 29, 0.1, 0.75, 'log2') 0.10809432933478728
(90, 26, 30, 0.06, 0.5, 'log2') 0.10808795411089867
(70, 41, 32, 0.1, 0.75, 'log2') 0.10805669119651125
(40, 29, 18, 0.06, 0.5, 'log2') 0.10791473080076515
(50, 45, 38, 0.1, 0.75, 'log2') 0.10786513786513771
(80, 35, 26, 0.1, 0.75, 'log2') 0.10777353342428372
(50, 23, 38, 0.08, 0.5, 'log2') 0.1077553249590387
(40, 26, 34, 0.1, 1.0, 'log2') 0.10774114441416882
(90, 31, 18, 0.1, 1.0, 'log2') 0.10761059530311301
(50, 21, 11, 0.1, 0.5, 'log2') 0.10760970291632588
(70, 10, 38, 0.02, 0.5, 'log2') 0.10724269724269718
(40, 3, None, 0.1, 1.0, 'log2') 0.10717906786590338
(20, 27, 26, 0.08, 0.5, 'log2') 0.10706139154160982
(30, 40, 29, 0.1, 0.5, 'log2') 0.10704967248908291
(60, 25, 18, 0.1, 0.75, 'log2') 0.10698607698607689
(30, 28, 24, 0.1, 0.5, 'log2') 0.10674037674037665
(30, 10, 14, 0.1, 0.75, 'log2') 0.10622847772615458
(50, 17, 35, 0.1, 0.5, 'log2') 0.10620877623330593
(10, 29, 39, 0.06, 1.0, 'log2') 0.10617253617253603
(20, 12, 32, 0.08, 0.5, 'log2') 0.10616329874385569
(50, 42, 38, 0.06, 0.5, 'log2') 0.10612339612339607
(10, 27, 12, 0.1, 0.75, 'log2') 0.10611915823995628
(30, 45, 22, 0.08, 1.0, 'log2') 0.10587383943200432
(40, 9, 27, 0.1, 0.75, 'log2') 0.10585538881309679
(70, 11, 27, 0.1, 0.75, 'log2') 0.10561322043157599
(90, 43, 14, 0.08, 0.5, 'log2') 0.10556132204315752
(30, 19, 36, 0.06, 0.5, 'log2') 0.10546050833561073
(80, 28, 27, 0.04, 0.75, 'log2') 0.10497678229991797
(80, 9, 21, 0.02, 0.5, 'log2') 0.10492223738062752
(20, 42, 32, 0.1, 0.75, 'log2') 0.10490308490308484
(30, 29, 35, 0.06, 0.5, 'log2') 0.10470668485675304
(90, 43, 27, 0.1, 0.5, 'log2') 0.10452614379084957
(60, 10, 26, 0.04, 0.75, 'log2') 0.10432476763258602
(50, 22, 10, 0.08, 0.5, 'log2') 0.10429390876809604
(60, 28, 32, 0.08, 0.75, 'log2') 0.10414527580557065
(40, 38, 33, 0.1, 0.5, 'log2') 0.10403269754768377
(30, 5, 12, 0.06, 0.75, 'log2') 0.1040305426779383
(40, 25, 25, 0.1, 0.75, 'log2') 0.10388039322774437
(60, 13, 27, 0.08, 0.75, 'log2') 0.10378820960698683
(80, 6, 38, 0.1, 0.75, 'log2') 0.10376839237057203
(20, 38, 22, 0.1, 1.0, 'log2') 0.10362397820163487
(70, 35, 36, 0.08, 0.75, 'log2') 0.103483237939493
(90, 3, 34, 0.04, 0.5, 'log2') 0.10335154329418188
(30, 10, 40, 0.1, 0.5, 'log2') 0.10310862445414841
(70, 34, 34, 0.06, 0.5, 'log2') 0.1030920513520895
(60, 14, 32, 0.04, 0.75, 'log2') 0.10263517203713805
(90, 5, 23, 0.08, 0.75, 'log2') 0.10238419618528596
(20, 21, 37, 0.08, 0.5, 'log2') 0.10227495908346972
(60, 21, 10, 0.04, 0.5, 'log2') 0.10215241737230257
(70, 20, 27, 0.06, 1.0, 'log2') 0.10152944383860403
(30, 19, 24, 0.08, 0.5, 'log2') 0.10150150150150143
(60, 14, 16, 0.1, 0.75, 'log2') 0.1013743169398905
(70, 15, 23, 0.08, 0.75, 'log2') 0.10081699346405222
(60, 41, 20, 0.06, 0.75, 'log2') 0.10042257360959636
(80, 9, 40, 0.04, 0.75, 'log2') 0.10030874316939885
(70, 20, 13, 0.08, 0.5, 'log2') 0.10021572910977598
(40, 19, 34, 0.1, 1.0, 'log2') 0.09953304205352258
(80, 49, 20, 0.08, 0.5, 'log2') 0.09876226826608497
(70, 11, 19, 0.08, 0.5, 'log2') 0.09856714791609902
(80, 13, 23, 0.1, 1.0, 'log2') 0.09844832287973812
(80, 47, 40, 0.1, 0.75, 'log2') 0.09834787350054525
(70, 4, 29, 0.06, 0.75, 'log2') 0.09799672935404731
(30, 14, 34, 0.06, 0.75, 'log2') 0.09734097734097734
(30, 48, 20, 0.08, 0.5, 'log2') 0.09729781420765016
(70, 18, 26, 0.1, 0.5, 'log2') 0.09704886704886696
(60, 14, 28, 0.1, 0.5, 'log2') 0.09686290542382114
(40, 47, 27, 0.1, 0.75, 'log2') 0.09682526661197699
(50, 40, 25, 0.08, 0.5, 'log2') 0.09660480349344963
(10, 5, 21, 0.1, 0.5, 'log2') 0.09641158786553695
(40, 43, 17, 0.1, 0.75, 'log2') 0.09604536758677215
(40, 45, 13, 0.1, 0.5, 'log2') 0.09599453551912565
(90, 19, 28, 0.08, 0.75, 'log2') 0.09545380212591979
(50, 30, 28, 0.06, 0.5, 'log2') 0.0952021857923497
(70, 7, 29, 0.06, 0.5, 'log2') 0.09464266230223674
(60, 32, None, 0.08, 0.5, 'log2') 0.09293136450642593
(40, 13, 32, 0.08, 0.5, 'log2') 0.09250818777292574
(20, 15, 17, 0.1, 0.5, 'log2') 0.09248225013653733
(50, 6, 13, 0.06, 0.5, 'log2') 0.09183483729833194
(90, 5, 37, 0.1, 0.75, 'log2') 0.09166166439290574
(90, 13, 35, 0.08, 0.5, 'log2') 0.09152126499454745
(70, 7, 26, 0.08, 0.75, 'log2') 0.0910190735694821
(70, 9, 18, 0.04, 0.75, 'log2') 0.08981425839934438
(40, 7, 28, 0.08, 0.5, 'log2') 0.08971077762619366
(50, 4, 16, 0.08, 0.75, 'log2') 0.08941673480512398
(80, 15, 18, 0.06, 0.5, 'log2') 0.08844662844662839
(60, 27, 34, 0.08, 0.5, 'log2') 0.08628376534788533
(30, 11, 28, 0.08, 0.5, 'log2') 0.08623940967477448
(90, 3, 27, 0.1, 0.75, 'log2') 0.08558430945246506
(70, 5, 25, 0.08, 0.5, 'log2') 0.08486243530373186
(50, 23, 29, 0.1, 0.5, 'log2') 0.08364975450081831
(50, 11, 23, 0.1, 0.5, 'log2') 0.08245843554101932
(70, 35, 28, 0.1, 0.5, 'log2') 0.08119989091900741
