exe: 0.085
var: 0.0041

(50, 41, None, 0.1, 1.0, 'log2') 0.20798715801228398
(80, 38, 16, 0.1, 1.0, 'log2') 0.2036811352253759
(70, 24, 23, 0.08, 1.0, 'log2') 0.1962322867463187
(80, 50, 36, 0.06, 0.75, 'log2') 0.19007896221094203
(80, 25, 30, 0.08, 1.0, 'log2') 0.18986740331491744
(70, 24, 19, 0.06, 1.0, 'log2') 0.1832042648709315
(80, 33, 37, 0.06, 1.0, 'log2') 0.18164337618781434
(80, 19, 32, 0.08, 1.0, 'log2') 0.1772537149146949
(80, 19, 19, 0.1, 0.75, 'log2') 0.17663543675943819
(80, 15, 24, 0.06, 1.0, 'log2') 0.17641217150760752
(60, 43, 11, 0.08, 1.0, 'log2') 0.17581592320722772
(40, 41, 11, 0.08, 1.0, 'log2') 0.17567121729237778
(60, 32, 32, 0.06, 0.75, 'log2') 0.17550042289258522
(80, 27, 34, 0.06, 0.75, 'log2') 0.173687587168759
(80, 33, 13, 0.08, 1.0, 'log2') 0.17258452081587047
(90, 41, 32, 0.04, 0.75, 'log2') 0.17245599091425332
(60, 50, 32, 0.1, 1.0, 'log2') 0.1718057493720348
(50, 31, 20, 0.1, 0.75, 'log2') 0.1712908633696566
(90, 16, 17, 0.06, 0.75, 'log2') 0.1710063942174034
(80, 22, 13, 0.08, 1.0, 'log2') 0.17044896820970468
(50, 27, 34, 0.1, 0.75, 'log2') 0.17000555555555558
(90, 40, 25, 0.04, 0.75, 'log2') 0.16865510378163193
(70, 31, 13, 0.04, 1.0, 'log2') 0.16720137496419354
(70, 48, 16, 0.06, 1.0, 'log2') 0.16679639029892845
(40, 10, 38, 0.08, 0.75, 'log2') 0.16673055555555552
(90, 25, 21, 0.08, 1.0, 'log2') 0.16630688124306336
(80, 25, 19, 0.1, 0.75, 'log2') 0.16619034482758635
(90, 16, 37, 0.08, 1.0, 'log2') 0.16585112205801888
(90, 44, 35, 0.06, 0.75, 'log2') 0.165125979843225
(90, 33, 35, 0.08, 0.75, 'log2') 0.16500417478430288
(90, 27, 32, 0.04, 1.0, 'log2') 0.16495932678821865
(80, 32, 37, 0.1, 1.0, 'log2') 0.16466961570362204
(60, 50, 11, 0.08, 0.75, 'log2') 0.16428932584269668
(40, 20, 26, 0.1, 1.0, 'log2') 0.16278505715082237
(80, 37, 18, 0.06, 1.0, 'log2') 0.16254499437570316
(60, 37, 19, 0.1, 0.75, 'log2') 0.16247691015952972
(50, 38, 31, 0.08, 1.0, 'log2') 0.16246906636670416
(60, 34, 35, 0.08, 1.0, 'log2') 0.1622283967768823
(80, 20, 22, 0.08, 1.0, 'log2') 0.1620475269411443
(70, 27, 35, 0.1, 1.0, 'log2') 0.16146847345132728
(70, 22, 33, 0.1, 1.0, 'log2') 0.16109366391184557
(80, 39, 34, 0.1, 1.0, 'log2') 0.1608992805755397
(80, 10, 24, 0.04, 1.0, 'log2') 0.15998040862020715
(80, 47, 30, 0.1, 0.75, 'log2') 0.15971175166297127
(90, 39, 21, 0.06, 0.75, 'log2') 0.1592452300785634
(90, 26, 40, 0.1, 1.0, 'log2') 0.15860509728692823
(60, 41, 29, 0.08, 1.0, 'log2') 0.15823512985199664
(80, 34, 24, 0.04, 1.0, 'log2') 0.15803329571106095
(90, 49, 31, 0.04, 0.75, 'log2') 0.15736886872696318
(70, 31, 15, 0.1, 0.75, 'log2') 0.15734405322983078
(90, 17, 11, 0.06, 0.75, 'log2') 0.15662260967379088
(80, 21, 11, 0.08, 0.75, 'log2') 0.15644096250699513
(70, 50, 19, 0.1, 0.75, 'log2') 0.15587597330367053
(80, 30, 23, 0.06, 1.0, 'log2') 0.15554005023723122
(80, 50, 24, 0.06, 0.5, 'log2') 0.1549577702702703
(30, 43, 29, 0.1, 1.0, 'log2') 0.15488424618859414
(60, 49, 33, 0.1, 0.75, 'log2') 0.15485921382771095
(50, 24, 28, 0.08, 0.75, 'log2') 0.15460383653044202
(90, 29, 35, 0.1, 1.0, 'log2') 0.15446094609460928
(60, 40, 13, 0.06, 0.75, 'log2') 0.15436965202509995
(80, 44, 11, 0.08, 0.75, 'log2') 0.154231418918919
(70, 30, 34, 0.06, 0.75, 'log2') 0.15402524544179527
(40, 11, 17, 0.1, 0.75, 'log2') 0.1538324519899805
(60, 43, 19, 0.1, 0.75, 'log2') 0.1533844438249234
(90, 34, 29, 0.04, 0.75, 'log2') 0.15329010431350434
(80, 16, None, 0.04, 0.75, 'log2') 0.15320404721753786
(80, 36, 37, 0.06, 0.5, 'log2') 0.15306001690617077
(90, 50, 37, 0.08, 0.5, 'log2') 0.15295068264140418
(80, 50, 19, 0.08, 0.75, 'log2') 0.1527323471950878
(90, 46, 18, 0.04, 0.5, 'log2') 0.15254067941764182
(60, 17, 24, 0.06, 1.0, 'log2') 0.15231540819169676
(50, 19, 38, 0.1, 0.75, 'log2') 0.15065133037694
(60, 17, 11, 0.08, 0.5, 'log2') 0.15064225352112665
(90, 42, 30, 0.06, 1.0, 'log2') 0.15059381098410907
(80, 31, 30, 0.1, 1.0, 'log2') 0.1505383765875207
(80, 18, 35, 0.08, 0.5, 'log2') 0.15031811894882455
(80, 9, 32, 0.04, 1.0, 'log2') 0.1500918708240535
(40, 40, 34, 0.1, 0.75, 'log2') 0.1490661805945035
(90, 23, 35, 0.06, 1.0, 'log2') 0.14872747435541983
(90, 35, 34, 0.04, 0.75, 'log2') 0.1486162988115449
(30, 17, 29, 0.06, 1.0, 'log2') 0.14859999999999998
(40, 29, 36, 0.06, 1.0, 'log2') 0.1481050550691894
(50, 7, 31, 0.08, 1.0, 'log2') 0.1476916735366858
(80, 35, 15, 0.06, 0.5, 'log2') 0.14768453550378888
(80, 30, 16, 0.08, 0.75, 'log2') 0.1475641025641026
(90, 35, 12, 0.04, 0.75, 'log2') 0.14636027319294242
(50, 47, None, 0.08, 1.0, 'log2') 0.14597019122609653
(30, 50, 38, 0.1, 1.0, 'log2') 0.14559422750424442
(40, 41, 14, 0.08, 1.0, 'log2') 0.14552243043725144
(80, 37, 24, 0.04, 0.75, 'log2') 0.14530646992054483
(50, 41, 30, 0.06, 0.75, 'log2') 0.14510025416548974
(80, 13, 10, 0.06, 0.75, 'log2') 0.1450593220338984
(50, 42, 33, 0.06, 1.0, 'log2') 0.14484016973125877
(70, 44, 13, 0.1, 0.5, 'log2') 0.1446259456430373
(70, 31, 34, 0.04, 1.0, 'log2') 0.14459611595834507
(80, 10, 19, 0.06, 1.0, 'log2') 0.1442147391664366
(80, 39, None, 0.1, 0.5, 'log2') 0.14340437309714907
(50, 23, 40, 0.1, 0.5, 'log2') 0.14327409053040807
(90, 24, 14, 0.06, 1.0, 'log2') 0.14267811883976336
(90, 33, 25, 0.06, 0.75, 'log2') 0.14232707924950988
(70, 36, 22, 0.1, 1.0, 'log2') 0.14228935698447873
(50, 15, 26, 0.08, 1.0, 'log2') 0.14226415094339614
(70, 15, 23, 0.08, 1.0, 'log2') 0.14219579646017688
(70, 16, 40, 0.08, 1.0, 'log2') 0.14218397135775276
(80, 34, 14, 0.08, 0.5, 'log2') 0.14208345001400163
(70, 7, 10, 0.06, 0.5, 'log2') 0.1418166383701188
(50, 34, 38, 0.06, 1.0, 'log2') 0.14152628603730924
(80, 38, 17, 0.04, 1.0, 'log2') 0.1410865874363327
(80, 44, 21, 0.04, 0.5, 'log2') 0.14099145299145296
(90, 19, 35, 0.06, 0.5, 'log2') 0.1408569838619922
(40, 12, 30, 0.1, 0.5, 'log2') 0.14065446478092059
(90, 19, 13, 0.1, 0.75, 'log2') 0.14045227524972237
(60, 11, 24, 0.08, 1.0, 'log2') 0.13970863111599782
(50, 46, 39, 0.06, 0.75, 'log2') 0.13927573424579415
(80, 21, None, 0.04, 0.5, 'log2') 0.1387775268210051
(70, 50, 12, 0.04, 0.5, 'log2') 0.1384375892602113
(50, 28, 16, 0.08, 0.5, 'log2') 0.13809564233163554
(70, 30, 12, 0.04, 1.0, 'log2') 0.13771575049843354
(60, 45, 37, 0.08, 1.0, 'log2') 0.13757938718662943
(30, 47, 15, 0.1, 1.0, 'log2') 0.13733086981239329
(80, 27, 26, 0.08, 0.75, 'log2') 0.13723280861640424
(80, 29, 40, 0.04, 1.0, 'log2') 0.1371315863623555
(60, 10, 16, 0.06, 0.5, 'log2') 0.13632051641874823
(50, 22, 12, 0.06, 0.75, 'log2') 0.13583333333333333
(30, 49, 30, 0.08, 1.0, 'log2') 0.13572722127900397
(60, 20, 33, 0.04, 1.0, 'log2') 0.13504799548277818
(90, 43, 32, 0.04, 0.75, 'log2') 0.13491472427515633
(50, 48, 23, 0.06, 0.75, 'log2') 0.13483053261179137
(30, 47, 22, 0.1, 1.0, 'log2') 0.13475077442973812
(50, 33, 13, 0.1, 0.5, 'log2') 0.13438076600503204
(60, 15, 13, 0.1, 0.75, 'log2') 0.1343635352973874
(80, 25, 24, 0.04, 0.5, 'log2') 0.13365352112676052
(60, 32, 39, 0.08, 0.5, 'log2') 0.13357641799385297
(70, 21, 18, 0.04, 0.75, 'log2') 0.1335653409090908
(50, 34, 28, 0.06, 0.5, 'log2') 0.1334581560283687
(60, 20, 14, 0.08, 0.5, 'log2') 0.1331899441340783
(40, 35, 38, 0.08, 0.5, 'log2') 0.13299123551031963
(70, 43, 29, 0.08, 0.75, 'log2') 0.13228163493840986
(90, 41, 13, 0.04, 0.5, 'log2') 0.13217616580310879
(40, 17, 16, 0.06, 1.0, 'log2') 0.13206672321176138
(20, 41, 35, 0.1, 1.0, 'log2') 0.13166854884246174
(40, 35, 27, 0.08, 0.5, 'log2') 0.13107940096072324
(60, 28, None, 0.04, 0.5, 'log2') 0.1310514350667803
(90, 42, 13, 0.04, 1.0, 'log2') 0.130810112036771
(70, 35, 15, 0.06, 0.5, 'log2') 0.1305064715813168
(40, 46, 14, 0.06, 1.0, 'log2') 0.1303391279566827
(50, 17, 21, 0.08, 0.75, 'log2') 0.12983812447669552
(40, 7, 39, 0.06, 0.75, 'log2') 0.12969857661177786
(60, 40, None, 0.08, 0.75, 'log2') 0.1296268237934905
(60, 33, 27, 0.06, 0.5, 'log2') 0.12928994082840234
(70, 28, 17, 0.04, 0.5, 'log2') 0.12808680753854948
(80, 25, 32, 0.08, 0.5, 'log2') 0.12793848711554448
(30, 36, 12, 0.1, 0.75, 'log2') 0.12766278077907298
(80, 36, 38, 0.04, 0.5, 'log2') 0.127661336379212
(70, 19, 16, 0.04, 0.5, 'log2') 0.12760543447495049
(40, 10, 34, 0.1, 1.0, 'log2') 0.1274737423991155
(90, 8, None, 0.06, 0.75, 'log2') 0.12746293245469512
(50, 7, 14, 0.1, 1.0, 'log2') 0.12725131615405916
(50, 33, 29, 0.1, 0.5, 'log2') 0.12661083193746495
(50, 21, 39, 0.08, 0.75, 'log2') 0.12602453303596325
(60, 9, 31, 0.1, 0.75, 'log2') 0.1259318306761957
(40, 35, 40, 0.08, 1.0, 'log2') 0.1252519596864502
(90, 36, 11, 0.04, 0.5, 'log2') 0.12496445834518043
(50, 48, None, 0.08, 0.75, 'log2') 0.12432272599267813
(30, 28, 18, 0.1, 0.5, 'log2') 0.12415672913117551
(50, 46, 33, 0.1, 0.75, 'log2') 0.1239680761691403
(90, 24, 10, 0.06, 0.5, 'log2') 0.1238624189455878
(60, 35, 30, 0.08, 0.5, 'log2') 0.12374017957351285
(40, 44, 25, 0.06, 0.5, 'log2') 0.12336093660765265
(30, 27, 39, 0.08, 0.75, 'log2') 0.12331265858471949
(40, 33, 37, 0.06, 0.75, 'log2') 0.1231898016997167
(90, 39, 30, 0.04, 0.75, 'log2') 0.12315849163595113
(40, 40, 20, 0.08, 1.0, 'log2') 0.12298364354201928
(40, 26, 24, 0.08, 1.0, 'log2') 0.12285191441441438
(90, 43, 14, 0.06, 0.5, 'log2') 0.12182820005651318
(80, 5, 28, 0.06, 0.5, 'log2') 0.12181039248203407
(60, 30, None, 0.06, 0.5, 'log2') 0.12178902953586503
(60, 12, 20, 0.06, 0.75, 'log2') 0.12158584169453733
(70, 45, 24, 0.1, 0.5, 'log2') 0.12156441717791396
(90, 17, 17, 0.08, 0.5, 'log2') 0.12156432342317308
(70, 36, 21, 0.06, 1.0, 'log2') 0.12134496342149703
(90, 40, 32, 0.1, 0.5, 'log2') 0.12113359201773835
(30, 10, 26, 0.1, 0.75, 'log2') 0.12112037809285509
(70, 38, 37, 0.08, 0.5, 'log2') 0.12062202297562351
(70, 30, 28, 0.06, 0.5, 'log2') 0.12011001410437235
(50, 7, 22, 0.08, 1.0, 'log2') 0.12001381215469605
(50, 35, 23, 0.04, 0.75, 'log2') 0.11983737517831677
(50, 10, 21, 0.1, 0.5, 'log2') 0.11966978536048424
(80, 29, 35, 0.04, 0.75, 'log2') 0.11962942008486556
(20, 31, 33, 0.1, 1.0, 'log2') 0.11910014104372371
(80, 44, 27, 0.06, 0.75, 'log2') 0.11867770915216178
(60, 13, 17, 0.1, 0.75, 'log2') 0.11840287372202243
(50, 5, 26, 0.04, 0.75, 'log2') 0.1182236656311777
(70, 13, 18, 0.1, 0.5, 'log2') 0.11821842250413692
(80, 10, 30, 0.06, 0.5, 'log2') 0.11812048861743461
(80, 30, 30, 0.1, 0.75, 'log2') 0.11808393152954165
(80, 28, 38, 0.06, 0.5, 'log2') 0.11710157126823789
(50, 22, 33, 0.04, 0.75, 'log2') 0.11691477272727284
(40, 22, 40, 0.06, 0.75, 'log2') 0.11691027088036131
(90, 34, 29, 0.04, 0.5, 'log2') 0.11678722803051714
(90, 21, 23, 0.04, 0.75, 'log2') 0.11662886305642192
(80, 31, 27, 0.04, 0.5, 'log2') 0.11660714285714303
(40, 50, 23, 0.08, 0.5, 'log2') 0.11650978168415077
(20, 26, 29, 0.1, 1.0, 'log2') 0.11644481887110361
(90, 42, 11, 0.1, 0.75, 'log2') 0.11584357541899436
(50, 38, 13, 0.08, 0.5, 'log2') 0.11560687130385816
(90, 6, 10, 0.08, 0.5, 'log2') 0.11504727474972197
(50, 21, 17, 0.1, 0.75, 'log2') 0.11499721913236928
(30, 22, 33, 0.1, 0.75, 'log2') 0.1145766974015088
(40, 37, 13, 0.06, 1.0, 'log2') 0.11455645161290319
(80, 14, 12, 0.02, 0.75, 'log2') 0.11316975748930112
(30, 20, 25, 0.1, 0.75, 'log2') 0.11193385650224223
(90, 16, 27, 0.04, 0.75, 'log2') 0.111035254616676
(60, 9, 27, 0.06, 0.75, 'log2') 0.11092971776425017
(90, 6, 34, 0.1, 1.0, 'log2') 0.11036794766966466
(60, 10, 20, 0.04, 0.5, 'log2') 0.10979407616361075
(30, 21, 12, 0.1, 0.75, 'log2') 0.10978309859154926
(90, 22, 32, 0.04, 0.5, 'log2') 0.10943785310734477
(90, 6, 32, 0.1, 1.0, 'log2') 0.10931588988825283
(60, 23, 20, 0.08, 0.5, 'log2') 0.10927932960893867
(30, 11, 17, 0.08, 0.75, 'log2') 0.10864387783692919
(20, 44, 36, 0.1, 0.75, 'log2') 0.10862539051405867
(40, 39, 29, 0.04, 1.0, 'log2') 0.10789190718732322
(70, 36, 15, 0.1, 0.5, 'log2') 0.1077737632017788
(50, 19, 25, 0.04, 1.0, 'log2') 0.10770491803278699
(40, 38, 10, 0.06, 0.75, 'log2') 0.1068946765884374
(60, 39, 16, 0.1, 0.5, 'log2') 0.10609701700585437
(90, 30, 31, 0.06, 0.5, 'log2') 0.10564791491743647
(20, 26, 19, 0.1, 1.0, 'log2') 0.1052992659514399
(70, 32, 22, 0.08, 0.5, 'log2') 0.10517937219730947
(30, 11, 31, 0.06, 1.0, 'log2') 0.10509370629370632
(60, 29, 37, 0.06, 0.5, 'log2') 0.10456065759637193
(80, 36, 35, 0.1, 0.5, 'log2') 0.10444815123714203
(40, 9, 37, 0.08, 0.5, 'log2') 0.10440715883668904
(80, 11, 23, 0.06, 0.5, 'log2') 0.10432898027229782
(50, 31, 12, 0.06, 0.75, 'log2') 0.10367027334851948
(50, 18, 16, 0.08, 0.5, 'log2') 0.1035341928251122
(90, 29, 35, 0.02, 0.75, 'log2') 0.10349674128648355
(30, 7, 11, 0.06, 1.0, 'log2') 0.10323915525114166
(70, 22, 15, 0.04, 0.75, 'log2') 0.10285714285714294
(60, 7, 33, 0.08, 0.75, 'log2') 0.10264576457645753
(40, 45, 17, 0.06, 0.5, 'log2') 0.10249287749287761
(80, 4, 12, 0.02, 0.75, 'log2') 0.10187677455990922
(30, 23, 29, 0.1, 0.75, 'log2') 0.1013604488078541
(50, 33, 34, 0.04, 0.75, 'log2') 0.10061784897025178
(30, 36, 18, 0.08, 0.5, 'log2') 0.10039249146757687
(40, 20, 40, 0.08, 0.5, 'log2') 0.10033361368096452
(30, 33, None, 0.08, 0.5, 'log2') 0.10012585812356987
(50, 18, 27, 0.1, 0.75, 'log2') 0.0998447893569845
(50, 37, 13, 0.04, 0.75, 'log2') 0.09937714285714297
(70, 3, None, 0.04, 0.5, 'log2') 0.09910888331940966
(40, 45, 27, 0.1, 0.75, 'log2') 0.09874824978997482
(30, 42, 31, 0.06, 0.75, 'log2') 0.09837215909090925
(40, 40, None, 0.08, 1.0, 'log2') 0.09826050183253462
(40, 35, 12, 0.04, 1.0, 'log2') 0.09801645856980715
(80, 48, 24, 0.06, 0.5, 'log2') 0.09789577464788744
(40, 27, 21, 0.06, 0.75, 'log2') 0.09785472018089332
(30, 49, 15, 0.06, 1.0, 'log2') 0.0977596566523606
(90, 47, 35, 0.02, 0.5, 'log2') 0.09698280802292274
(40, 12, 18, 0.04, 0.75, 'log2') 0.09650838783053757
(50, 15, 39, 0.08, 0.5, 'log2') 0.09635626398210304
(40, 35, 25, 0.04, 0.75, 'log2') 0.09535592255125293
(20, 7, 37, 0.1, 0.75, 'log2') 0.09494966442953033
(80, 26, 11, 0.08, 0.5, 'log2') 0.09486456297123709
(40, 37, 22, 0.06, 0.75, 'log2') 0.09442771939789849
(40, 9, 37, 0.06, 1.0, 'log2') 0.0938108640585422
(20, 17, 12, 0.1, 0.5, 'log2') 0.09366053748231963
(90, 42, 13, 0.02, 0.75, 'log2') 0.09323639504750951
(40, 4, 16, 0.06, 1.0, 'log2') 0.09320595672941849
(20, 10, 26, 0.1, 0.75, 'log2') 0.09314907872696833
(70, 29, 37, 0.08, 0.5, 'log2') 0.09293366638912022
(50, 5, 18, 0.1, 1.0, 'log2') 0.09279735682819386
(20, 15, 24, 0.08, 1.0, 'log2') 0.09274316323653806
(40, 26, 26, 0.04, 1.0, 'log2') 0.09254385964912294
(90, 47, 39, 0.02, 1.0, 'log2') 0.09246285714285729
(30, 42, 38, 0.08, 0.5, 'log2') 0.09220180893159986
(60, 30, 20, 0.06, 0.5, 'log2') 0.0920771850170261
(80, 7, 24, 0.08, 0.75, 'log2') 0.09178953137845987
(60, 16, 21, 0.06, 0.5, 'log2') 0.09151371012870733
(30, 34, 26, 0.04, 1.0, 'log2') 0.09086088939566712
(30, 37, 17, 0.1, 1.0, 'log2') 0.09075945793337106
(70, 43, 11, 0.02, 1.0, 'log2') 0.0903419540229886
(90, 32, None, 0.02, 0.75, 'log2') 0.09025692263773907
(60, 10, 15, 0.02, 1.0, 'log2') 0.0898259629101285
(80, 50, 13, 0.02, 1.0, 'log2') 0.08947519357613999
(20, 39, 24, 0.08, 1.0, 'log2') 0.08922858763471356
(40, 45, 31, 0.1, 0.75, 'log2') 0.08884033613445393
(90, 3, 17, 0.02, 0.5, 'log2') 0.08863247863247863
(20, 16, 20, 0.08, 1.0, 'log2') 0.08862282181000565
(80, 44, 34, 0.02, 1.0, 'log2') 0.08858536585365856
(40, 25, 29, 0.08, 0.5, 'log2') 0.08784632641615263
(40, 19, None, 0.04, 0.5, 'log2') 0.08726294933484299
(60, 17, 32, 0.06, 0.5, 'log2') 0.08697504906083565
(40, 9, 19, 0.04, 0.75, 'log2') 0.08678631995477672
(50, 6, 39, 0.08, 0.5, 'log2') 0.08668142817603107
(80, 44, None, 0.02, 0.75, 'log2') 0.08657962697274034
(90, 5, 32, 0.1, 0.5, 'log2') 0.08586564718732927
(30, 23, 32, 0.06, 0.75, 'log2') 0.0855773049645391
(40, 4, 24, 0.08, 1.0, 'log2') 0.08530093870789615
(70, 37, 29, 0.02, 1.0, 'log2') 0.0838236139040506
(70, 47, 22, 0.02, 0.5, 'log2') 0.08363427257044283
(40, 7, 27, 0.04, 0.75, 'log2') 0.0832926829268294
(30, 20, 10, 0.06, 1.0, 'log2') 0.08300285714285717
(30, 7, None, 0.08, 0.75, 'log2') 0.0828440111420613
(70, 19, 29, 0.02, 1.0, 'log2') 0.0827585227272728
(70, 46, 11, 0.04, 0.5, 'log2') 0.08266493805819655
(80, 8, 34, 0.02, 0.5, 'log2') 0.08206515580736558
(80, 7, 37, 0.02, 1.0, 'log2') 0.08141880341880356
(40, 3, 29, 0.1, 0.5, 'log2') 0.08070976616231097
(90, 38, None, 0.02, 1.0, 'log2') 0.0805848787446505
(50, 24, 29, 0.1, 0.75, 'log2') 0.08054308672762538
(20, 27, 16, 0.1, 0.75, 'log2') 0.0800112707805016
(90, 45, 29, 0.02, 0.5, 'log2') 0.07971404060623397
(30, 4, None, 0.08, 0.5, 'log2') 0.07969815539407497
(50, 46, 22, 0.04, 1.0, 'log2') 0.07955706984667808
(30, 11, 17, 0.06, 1.0, 'log2') 0.0794739803094234
(30, 28, 24, 0.04, 0.75, 'log2') 0.07925049871758338
(70, 34, 28, 0.02, 0.75, 'log2') 0.079163802978236
(30, 20, 33, 0.06, 0.5, 'log2') 0.07905845980888146
(30, 39, 27, 0.06, 0.75, 'log2') 0.07872649572649588
(40, 48, 32, 0.04, 0.75, 'log2') 0.07799827932320048
(20, 49, 37, 0.1, 0.75, 'log2') 0.07780425531914899
(80, 44, 21, 0.02, 0.75, 'log2') 0.07736661911554922
(80, 28, 40, 0.02, 0.5, 'log2') 0.07673770957658434
(50, 3, 35, 0.04, 0.5, 'log2') 0.07643558798765085
(40, 15, 33, 0.1, 0.5, 'log2') 0.07630978865406012
(30, 42, 22, 0.04, 0.75, 'log2') 0.0761630901287554
(70, 21, 13, 0.02, 1.0, 'log2') 0.0725864532723636
(60, 14, 22, 0.02, 1.0, 'log2') 0.07162514156285393
(70, 7, 12, 0.02, 0.75, 'log2') 0.07127106540988293
(90, 5, 13, 0.02, 0.5, 'log2') 0.07077316657191592
(80, 9, 15, 0.02, 0.75, 'log2') 0.07028221208665912
(80, 29, 14, 0.02, 0.5, 'log2') 0.07024404249210452
(80, 44, 10, 0.02, 0.5, 'log2') 0.07022543352601159
(60, 6, 36, 0.1, 1.0, 'log2') 0.06912817709756772
(20, 11, 22, 0.1, 0.5, 'log2') 0.06863636363636369
(70, 4, 33, 0.02, 0.75, 'log2') 0.06786568013659655
(30, 17, 40, 0.04, 1.0, 'log2') 0.06779565340107264
(30, 18, 34, 0.04, 0.5, 'log2') 0.06759411265213701
(70, 15, 21, 0.02, 0.75, 'log2') 0.06755246738513897
(20, 46, 38, 0.08, 0.75, 'log2') 0.06749858035207273
(30, 26, 17, 0.08, 0.75, 'log2') 0.06720293536550948
(40, 33, 32, 0.04, 0.75, 'log2') 0.06672149744753263
(70, 22, 19, 0.02, 0.5, 'log2') 0.06585595884538444
(40, 35, 20, 0.04, 0.5, 'log2') 0.06424302788844624
(30, 46, 27, 0.04, 1.0, 'log2') 0.06383045080805218
(20, 11, 14, 0.08, 0.5, 'log2') 0.06381086405854211
(20, 42, 37, 0.06, 0.75, 'log2') 0.0637862421830586
(30, 6, 12, 0.04, 0.75, 'log2') 0.06358361774744029
(20, 8, 10, 0.08, 1.0, 'log2') 0.06332856325128797
(70, 20, 23, 0.02, 0.5, 'log2') 0.06314066059225518
(20, 15, 29, 0.08, 1.0, 'log2') 0.06201064127695334
(60, 5, 28, 0.02, 0.75, 'log2') 0.06053284465745702
(30, 7, 27, 0.08, 0.5, 'log2') 0.06003914988814321
(60, 27, 20, 0.02, 1.0, 'log2') 0.058720930232558165
(20, 33, 13, 0.08, 0.5, 'log2') 0.05853083262290426
(30, 28, 29, 0.04, 1.0, 'log2') 0.05792200398519788
(50, 28, 32, 0.02, 1.0, 'log2') 0.05673585442138188
(60, 14, 15, 0.02, 0.75, 'log2') 0.05634097989238179
(20, 40, 25, 0.08, 0.75, 'log2') 0.05616864742501415
(30, 15, 40, 0.04, 1.0, 'log2') 0.05585007072135784
(30, 42, 32, 0.04, 1.0, 'log2') 0.05548735436203468
(60, 47, 29, 0.02, 0.75, 'log2') 0.0542296759522456
(60, 45, None, 0.02, 1.0, 'log2') 0.05356226845255057
(20, 46, 23, 0.06, 1.0, 'log2') 0.05343011670936527
(60, 24, 29, 0.02, 0.5, 'log2') 0.05209589434395638
(30, 42, 24, 0.04, 0.75, 'log2') 0.05183888414460578
(20, 45, 40, 0.1, 0.5, 'log2') 0.05177954094644379
(30, 39, 18, 0.04, 1.0, 'log2') 0.05177442324124184
(10, 47, 39, 0.1, 1.0, 'log2') 0.051510076639227985
(20, 28, 21, 0.1, 0.5, 'log2') 0.04981961668545663
(30, 29, 38, 0.06, 0.5, 'log2') 0.04955075348308217
(70, 41, 18, 0.02, 0.5, 'log2') 0.04905649555491832
(10, 10, 26, 0.1, 0.5, 'log2') 0.048629868310451164
(60, 23, 31, 0.02, 0.75, 'log2') 0.04815214305989217
(70, 48, 39, 0.02, 0.75, 'log2') 0.04776507573592456
(30, 48, 33, 0.04, 0.75, 'log2') 0.0465654540246348
(20, 22, 28, 0.04, 0.75, 'log2') 0.04651280607936958
(10, 43, 24, 0.1, 1.0, 'log2') 0.046447963800905004
(20, 48, 10, 0.08, 0.5, 'log2') 0.04641157924906855
(20, 16, 39, 0.06, 1.0, 'log2') 0.04451539983046061
(20, 28, 33, 0.1, 0.5, 'log2') 0.04405252753459478
(20, 11, 38, 0.04, 1.0, 'log2') 0.04363892806770104
(30, 9, 11, 0.04, 1.0, 'log2') 0.039417282546901675
(80, 3, 23, 0.06, 1.0, 'log2') 0.03826896740619008
(20, 5, 29, 0.06, 1.0, 'log2') 0.03418533034714447
(40, 40, 18, 0.02, 1.0, 'log2') 0.030984397163120552
(50, 37, 30, 0.02, 0.75, 'log2') 0.030554444126893406
(20, 31, 30, 0.08, 0.5, 'log2') 0.02991716652385035
(20, 45, 38, 0.06, 0.5, 'log2') 0.029649472784269045
(20, 13, 11, 0.06, 0.75, 'log2') 0.029629735118199923
(30, 41, 14, 0.04, 0.5, 'log2') 0.0280663615560641
(50, 11, 37, 0.02, 0.75, 'log2') 0.02751698754246884
(60, 35, 31, 0.02, 0.75, 'log2') 0.02714529428490191
(20, 8, 37, 0.06, 0.75, 'log2') 0.026693797361773783
(40, 30, 27, 0.02, 0.75, 'log2') 0.026381168462847413
(50, 34, 31, 0.02, 0.5, 'log2') 0.025086919350242237
(40, 13, 11, 0.02, 0.5, 'log2') 0.024672576494137843
(40, 42, 29, 0.02, 0.75, 'log2') 0.02345268542199486
(10, 4, 13, 0.1, 0.75, 'log2') 0.0233576847429053
(40, 30, 28, 0.02, 0.5, 'log2') 0.02295473953885568
(60, 38, 34, 0.02, 0.5, 'log2') 0.02294100801832761
(10, 22, 21, 0.1, 0.5, 'log2') 0.02274184476940385
(10, 16, 20, 0.08, 1.0, 'log2') 0.02232773109243691
(50, 47, 39, 0.02, 1.0, 'log2') 0.022249360976995185
(50, 46, 37, 0.02, 0.75, 'log2') 0.02199315654405474
(10, 15, 39, 0.08, 1.0, 'log2') 0.02195835678109172
(40, 8, 18, 0.02, 0.75, 'log2') 0.02182541939152687
(30, 46, 39, 0.04, 0.5, 'log2') 0.02146445903511277
(10, 36, 37, 0.08, 1.0, 'log2') 0.020293868324385424
(10, 25, 25, 0.08, 1.0, 'log2') 0.02023413258110014
(30, 5, 32, 0.08, 0.75, 'log2') 0.019874826147426968
(10, 30, 34, 0.08, 1.0, 'log2') 0.019591549295774634
(10, 50, 21, 0.1, 1.0, 'log2') 0.017279661016949166
(50, 26, 14, 0.02, 0.5, 'log2') 0.01601136363636364
(30, 13, 37, 0.02, 1.0, 'log2') 0.01429583451402664
(50, 29, 14, 0.02, 0.5, 'log2') 0.012063446699056892
(10, 12, 13, 0.1, 0.5, 'log2') 0.010952782462057341
(10, 48, 34, 0.1, 0.75, 'log2') 0.01046610169491523
(10, 41, 34, 0.08, 0.75, 'log2') 0.008806689342403633
(40, 37, 13, 0.02, 0.75, 'log2') 0.006762857142857126
(10, 5, 13, 0.08, 0.75, 'log2') 0.0052966101694915365
(40, 23, 30, 0.02, 0.5, 'log2') 0.004935952177625995
(10, 25, 40, 0.1, 0.5, 'log2') 0.004390175042348968
(10, 21, 37, 0.06, 0.75, 'log2') 0.003005356639413613
(20, 32, 29, 0.04, 0.75, 'log2') 0.001489482660602623
(20, 45, 25, 0.04, 1.0, 'log2') 0.0014726908778953367
(10, 15, 38, 0.04, 1.0, 'log2') 0.0005018120992472732
(30, 30, 30, 0.02, 1.0, 'log2') 7.635746606335231e-05
(30, 22, 39, 0.02, 1.0, 'log2') -0.000441926345609095
(50, 5, 11, 0.02, 0.75, 'log2') -0.00045207439198853653
(30, 12, 33, 0.02, 1.0, 'log2') -0.0014479638009049726
(20, 8, 35, 0.04, 0.5, 'log2') -0.0026454877705932066
(10, 43, 29, 0.06, 1.0, 'log2') -0.0035422575155984516
(30, 16, 22, 0.02, 1.0, 'log2') -0.003547105561861528
(10, 9, 35, 0.06, 0.5, 'log2') -0.0038006143535325556
(10, 37, 27, 0.1, 0.75, 'log2') -0.006297763939994361
(10, 37, 26, 0.08, 0.5, 'log2') -0.006849587716804119
(10, 36, 28, 0.06, 0.75, 'log2') -0.007809765735252599
(20, 38, 30, 0.04, 0.5, 'log2') -0.008181558664002473
(10, 16, 15, 0.08, 0.75, 'log2') -0.009242893329580733
(10, 42, 16, 0.1, 0.5, 'log2') -0.011406338426712109
(30, 35, 15, 0.02, 0.5, 'log2') -0.01228587634713569
(10, 17, 26, 0.06, 0.5, 'log2') -0.012415349887133383
(40, 41, 12, 0.02, 1.0, 'log2') -0.01292093287827075
(30, 23, 23, 0.02, 0.75, 'log2') -0.01485544217687082
(10, 18, 39, 0.06, 0.75, 'log2') -0.015698622434636045
(30, 40, 26, 0.02, 0.75, 'log2') -0.016832104367555372
(40, 32, 13, 0.02, 0.5, 'log2') -0.01841365461847389
(30, 47, 32, 0.02, 0.75, 'log2') -0.01855884025014213
(10, 7, 13, 0.06, 0.5, 'log2') -0.019193002257336327
(10, 47, 40, 0.08, 0.5, 'log2') -0.019903409090909253
(10, 45, 25, 0.1, 0.5, 'log2') -0.019940476190476366
(10, 9, 29, 0.04, 0.75, 'log2') -0.021631225517627504
(10, 14, 25, 0.06, 0.75, 'log2') -0.02229301150715705
(10, 45, 16, 0.04, 0.75, 'log2') -0.022814337720526486
(30, 23, 10, 0.02, 1.0, 'log2') -0.023546826074580297
(20, 16, 30, 0.02, 0.75, 'log2') -0.024340258281864223
(10, 31, None, 0.06, 0.5, 'log2') -0.024341807909604694
(10, 8, 31, 0.08, 0.5, 'log2') -0.024748181309457353
(10, 35, 29, 0.04, 1.0, 'log2') -0.024771003090755875
(10, 16, None, 0.06, 0.75, 'log2') -0.025610440639910328
(20, 39, 30, 0.04, 0.75, 'log2') -0.02747362418021119
(30, 21, 10, 0.02, 0.75, 'log2') -0.02858686380437882
(30, 6, 29, 0.02, 0.5, 'log2') -0.03002812148481458
(20, 16, 19, 0.02, 0.5, 'log2') -0.030350336322870035
(10, 50, 25, 0.06, 0.5, 'log2') -0.03048332391181471
(30, 43, 16, 0.02, 0.75, 'log2') -0.030553977272727444
(10, 42, 13, 0.08, 0.5, 'log2') -0.031737528344671376
(30, 47, None, 0.02, 1.0, 'log2') -0.03282369534555728
(10, 8, 29, 0.04, 0.5, 'log2') -0.03422316384180805
(20, 26, 28, 0.02, 1.0, 'log2') -0.03580917534477921
(20, 23, 16, 0.02, 0.75, 'log2') -0.03678309859154943
(20, 43, 28, 0.02, 0.75, 'log2') -0.036876051598429715
(20, 46, 33, 0.02, 0.5, 'log2') -0.0373911822521765
(20, 49, 11, 0.02, 0.5, 'log2') -0.037696850393700895
(20, 43, 40, 0.02, 0.5, 'log2') -0.03819175777964687
(10, 37, 31, 0.04, 0.75, 'log2') -0.03872931276297347
(10, 31, 20, 0.04, 1.0, 'log2') -0.04013191131069331
(10, 4, 40, 0.04, 1.0, 'log2') -0.04044871794871811
(20, 5, 31, 0.02, 1.0, 'log2') -0.04066629495400065
(10, 38, 20, 0.04, 0.5, 'log2') -0.042984278495227506
(20, 11, 38, 0.02, 1.0, 'log2') -0.0446939921392478
(20, 41, 37, 0.02, 0.5, 'log2') -0.04498873873873881
(20, 41, 39, 0.02, 0.5, 'log2') -0.04498873873873881
(20, 34, 22, 0.02, 0.5, 'log2') -0.046179932735426074
(20, 15, 32, 0.02, 0.75, 'log2') -0.04752180028129409
(10, 15, 32, 0.02, 1.0, 'log2') -0.04975421154377249
(10, 6, 16, 0.02, 1.0, 'log2') -0.052093344380005666
(10, 34, 24, 0.02, 1.0, 'log2') -0.052261542714957226
(10, 32, 23, 0.06, 0.5, 'log2') -0.058529079616036234
(20, 32, 35, 0.02, 0.5, 'log2') -0.058847667228780313
(10, 16, 22, 0.02, 0.75, 'log2') -0.05905733186328557
(10, 4, 40, 0.02, 0.75, 'log2') -0.06254505128916009
(10, 29, 26, 0.02, 0.75, 'log2') -0.06451630735212831
(10, 37, 25, 0.02, 0.5, 'log2') -0.06756124415083962
(10, 11, 27, 0.04, 0.5, 'log2') -0.06909977703455969
(10, 49, 10, 0.04, 0.75, 'log2') -0.07037286234931325
(10, 17, 14, 0.02, 0.75, 'log2') -0.07831951354339425
(10, 48, 34, 0.02, 0.5, 'log2') -0.08149323764835781
(10, 15, None, 0.02, 0.75, 'log2') -0.08557522123893811
(10, 34, 11, 0.02, 0.5, 'log2') -0.08830803201766503