exe: 0.119
var: 0.0038

(80, 43, 18, 0.08, 1.0, 'log2') 0.22439031180400926
(70, 11, 13, 0.1, 1.0, 'log2') 0.21446196403872744
(80, 25, 11, 0.08, 0.75, 'log2') 0.21239282712244334
(50, 34, 21, 0.1, 1.0, 'log2') 0.20981656475819915
(80, 34, 12, 0.08, 1.0, 'log2') 0.20850446428571434
(60, 26, 31, 0.06, 0.75, 'log2') 0.20832961517010612
(50, 37, 38, 0.08, 1.0, 'log2') 0.2075649259983244
(90, 13, 35, 0.08, 1.0, 'log2') 0.20713739415460303
(80, 38, 18, 0.06, 1.0, 'log2') 0.20667413841412188
(90, 45, 35, 0.08, 1.0, 'log2') 0.2061758180809763
(90, 47, 17, 0.06, 1.0, 'log2') 0.2052486033519554
(80, 33, 25, 0.06, 1.0, 'log2') 0.20464285714285751
(90, 28, 27, 0.06, 1.0, 'log2') 0.20455530850472495
(70, 43, 25, 0.08, 1.0, 'log2') 0.2045239420935413
(80, 19, 21, 0.04, 1.0, 'log2') 0.2031456582633055
(70, 3, 12, 0.1, 1.0, 'log2') 0.20286029209148526
(90, 44, 34, 0.1, 1.0, 'log2') 0.2022873658133776
(90, 41, 33, 0.1, 1.0, 'log2') 0.20073962056640107
(80, 20, 33, 0.06, 0.75, 'log2') 0.20060270942770264
(70, 21, 17, 0.08, 1.0, 'log2') 0.19988623751387385
(70, 21, 33, 0.1, 0.75, 'log2') 0.1993779245802368
(90, 21, 25, 0.06, 1.0, 'log2') 0.1993777654867261
(50, 28, 19, 0.08, 1.0, 'log2') 0.19858379888268157
(80, 27, 33, 0.04, 1.0, 'log2') 0.19705469845722287
(60, 44, 35, 0.06, 1.0, 'log2') 0.19686763881099276
(80, 25, 29, 0.06, 1.0, 'log2') 0.19684400110834044
(90, 36, 33, 0.06, 0.75, 'log2') 0.19430200222469424
(80, 20, 21, 0.1, 1.0, 'log2') 0.1939774601429358
(90, 39, 20, 0.06, 0.5, 'log2') 0.19340425531914898
(50, 50, 21, 0.1, 1.0, 'log2') 0.1930951056729698
(80, 45, 38, 0.04, 0.75, 'log2') 0.19309368808378152
(70, 23, 26, 0.06, 0.75, 'log2') 0.1929106145251397
(40, 12, 34, 0.1, 1.0, 'log2') 0.19227460711331698
(40, 21, 15, 0.08, 1.0, 'log2') 0.19202634529147977
(70, 21, 25, 0.06, 1.0, 'log2') 0.19172471440512687
(80, 19, 31, 0.04, 1.0, 'log2') 0.19059005338578253
(80, 37, 25, 0.1, 1.0, 'log2') 0.19045227524972255
(90, 42, 38, 0.04, 1.0, 'log2') 0.19023608768971337
(70, 13, 37, 0.04, 1.0, 'log2') 0.1897116461366181
(50, 35, 22, 0.1, 1.0, 'log2') 0.18943595443178649
(70, 41, 40, 0.04, 1.0, 'log2') 0.18907193229901284
(40, 6, 17, 0.1, 1.0, 'log2') 0.18905435385468683
(60, 38, 18, 0.06, 0.75, 'log2') 0.1882372786055665
(80, 46, 29, 0.06, 1.0, 'log2') 0.1875734676742233
(60, 41, 35, 0.08, 0.75, 'log2') 0.18718793633063402
(90, 11, 26, 0.1, 1.0, 'log2') 0.1869352635891835
(50, 26, 30, 0.08, 0.5, 'log2') 0.186327272727273
(70, 40, 24, 0.04, 0.5, 'log2') 0.18609534619750287
(70, 17, None, 0.06, 1.0, 'log2') 0.18595573997233755
(70, 22, 36, 0.06, 1.0, 'log2') 0.18533240997229922
(80, 17, 12, 0.04, 1.0, 'log2') 0.18512049900765512
(70, 19, 16, 0.08, 0.75, 'log2') 0.18491807831158025
(70, 21, 39, 0.1, 1.0, 'log2') 0.18489525909592072
(90, 42, 17, 0.1, 1.0, 'log2') 0.1847311228754529
(40, 23, 10, 0.08, 1.0, 'log2') 0.18459053556248245
(80, 33, 26, 0.04, 0.5, 'log2') 0.18408779931584954
(50, 50, 17, 0.06, 0.5, 'log2') 0.18405077574047948
(30, 50, 26, 0.1, 0.75, 'log2') 0.1833520179372198
(90, 10, 25, 0.02, 1.0, 'log2') 0.18267474633596384
(50, 25, 16, 0.1, 0.75, 'log2') 0.1824065811489126
(70, 10, 40, 0.06, 1.0, 'log2') 0.18234710743801685
(80, 46, 20, 0.06, 0.5, 'log2') 0.18200506186726678
(90, 49, 22, 0.08, 0.75, 'log2') 0.18179637377963734
(80, 31, 32, 0.1, 1.0, 'log2') 0.18140259024524671
(40, 33, 15, 0.08, 1.0, 'log2') 0.1812753950338601
(70, 7, 21, 0.06, 1.0, 'log2') 0.18083264177040118
(70, 24, 14, 0.08, 1.0, 'log2') 0.18022518765638038
(70, 27, 31, 0.08, 1.0, 'log2') 0.18020447637468945
(90, 7, 34, 0.06, 0.5, 'log2') 0.18015130674002763
(70, 10, 10, 0.08, 0.75, 'log2') 0.18006444382179898
(80, 32, 16, 0.06, 1.0, 'log2') 0.17989884799100883
(70, 37, 39, 0.06, 0.75, 'log2') 0.17983426966292168
(50, 32, 28, 0.06, 0.5, 'log2') 0.1796201814058957
(50, 50, 39, 0.06, 0.75, 'log2') 0.17960756634669678
(60, 49, 14, 0.06, 1.0, 'log2') 0.17919582392776512
(70, 22, 24, 0.04, 0.75, 'log2') 0.17906452521837135
(60, 21, 24, 0.1, 1.0, 'log2') 0.17854736260701484
(70, 28, 21, 0.1, 0.75, 'log2') 0.17841436464088395
(90, 37, 11, 0.08, 0.75, 'log2') 0.1782662192393738
(40, 40, 36, 0.1, 1.0, 'log2') 0.1775458588104502
(50, 41, 22, 0.1, 0.5, 'log2') 0.1770912653975366
(50, 48, 30, 0.06, 0.75, 'log2') 0.17659712433042002
(80, 38, 13, 0.08, 0.5, 'log2') 0.17659306875349368
(80, 45, 19, 0.06, 0.75, 'log2') 0.17653728008936045
(50, 15, None, 0.08, 0.75, 'log2') 0.1761636615811374
(40, 15, 23, 0.1, 0.75, 'log2') 0.17578376876042223
(80, 20, 24, 0.1, 0.5, 'log2') 0.17549365692222868
(70, 11, None, 0.1, 0.75, 'log2') 0.17487945205479474
(90, 11, 15, 0.08, 1.0, 'log2') 0.17410192837465588
(80, 47, 10, 0.08, 1.0, 'log2') 0.17399439775910364
(60, 21, 13, 0.06, 1.0, 'log2') 0.17366114076987915
(90, 28, 40, 0.06, 1.0, 'log2') 0.17359900717043575
(70, 11, 16, 0.1, 0.75, 'log2') 0.17352488314544987
(70, 33, 37, 0.08, 0.75, 'log2') 0.17351949129112512
(70, 21, 12, 0.08, 1.0, 'log2') 0.17333985466741214
(60, 49, 14, 0.1, 0.75, 'log2') 0.1732606873428333
(70, 31, 17, 0.06, 0.5, 'log2') 0.17321137067267114
(80, 11, 39, 0.06, 1.0, 'log2') 0.17272978194866168
(60, 31, 24, 0.04, 1.0, 'log2') 0.17216468590831904
(70, 24, 36, 0.06, 0.75, 'log2') 0.17206561023074785
(90, 45, 12, 0.06, 0.75, 'log2') 0.17205749718151073
(80, 23, 31, 0.08, 0.75, 'log2') 0.17157575757575766
(80, 36, 11, 0.04, 0.75, 'log2') 0.17130942214631362
(60, 46, 33, 0.1, 1.0, 'log2') 0.1712820512820514
(80, 14, 24, 0.08, 0.75, 'log2') 0.1708112582781457
(50, 19, 24, 0.08, 0.75, 'log2') 0.17002224694104567
(60, 46, 21, 0.1, 0.5, 'log2') 0.16992483296213826
(70, 38, 36, 0.08, 0.5, 'log2') 0.16943153178381415
(70, 8, 15, 0.04, 0.5, 'log2') 0.16930160518163903
(40, 25, 14, 0.08, 0.5, 'log2') 0.16929133858267734
(40, 45, 22, 0.08, 0.75, 'log2') 0.16894840157038696
(90, 6, 25, 0.08, 1.0, 'log2') 0.16852772466539204
(70, 25, 14, 0.08, 1.0, 'log2') 0.1685027932960896
(80, 20, 25, 0.04, 0.5, 'log2') 0.1683937096321258
(50, 9, 27, 0.04, 1.0, 'log2') 0.16764441951766698
(40, 39, 22, 0.1, 1.0, 'log2') 0.16599382369455348
(50, 40, 34, 0.1, 0.5, 'log2') 0.16589514779698827
(70, 11, 18, 0.04, 0.75, 'log2') 0.1653848314606741
(90, 32, 33, 0.06, 0.5, 'log2') 0.16529165503767795
(80, 36, 34, 0.06, 0.5, 'log2') 0.16513558848196833
(70, 20, 25, 0.04, 0.75, 'log2') 0.16467059153350136
(70, 35, 23, 0.1, 0.5, 'log2') 0.1646487831858408
(70, 49, 17, 0.08, 0.5, 'log2') 0.16447685834502102
(70, 19, 25, 0.06, 1.0, 'log2') 0.1641109570041609
(70, 45, 24, 0.1, 0.5, 'log2') 0.16364091161756555
(90, 35, 39, 0.08, 0.75, 'log2') 0.1633996683250414
(60, 26, 32, 0.08, 0.5, 'log2') 0.16334918858421937
(60, 10, 31, 0.1, 0.75, 'log2') 0.16333333333333364
(40, 49, 35, 0.1, 0.75, 'log2') 0.1625684740078257
(30, 50, 10, 0.08, 1.0, 'log2') 0.16254913130162343
(80, 38, 23, 0.04, 0.5, 'log2') 0.16219608954378023
(90, 32, 34, 0.04, 0.5, 'log2') 0.1615555555555555
(40, 37, 24, 0.08, 0.75, 'log2') 0.16106722689075637
(30, 41, 26, 0.08, 1.0, 'log2') 0.1607086614173227
(70, 14, 32, 0.1, 0.75, 'log2') 0.1602520547945209
(40, 9, 31, 0.08, 0.5, 'log2') 0.16015538290788023
(30, 12, 39, 0.08, 1.0, 'log2') 0.15956351426972573
(50, 8, 16, 0.04, 0.5, 'log2') 0.15942567567567556
(30, 8, 15, 0.1, 0.75, 'log2') 0.15927196652719686
(90, 7, 34, 0.1, 1.0, 'log2') 0.1590578918623703
(60, 5, 32, 0.06, 0.5, 'log2') 0.15892205638474327
(80, 24, 15, 0.04, 0.75, 'log2') 0.15870658006212915
(70, 5, 39, 0.06, 0.5, 'log2') 0.15839359646701642
(60, 16, 29, 0.06, 0.75, 'log2') 0.15821448467966578
(40, 12, 17, 0.1, 0.75, 'log2') 0.15738888888888894
(50, 26, 32, 0.1, 0.75, 'log2') 0.15731741183004727
(80, 34, 11, 0.04, 0.75, 'log2') 0.15719353007945513
(80, 40, 19, 0.04, 0.5, 'log2') 0.1569937606352806
(80, 42, 38, 0.08, 0.5, 'log2') 0.15635251598554348
(50, 48, 27, 0.06, 0.5, 'log2') 0.15633961203261165
(70, 34, 31, 0.06, 0.75, 'log2') 0.1562947427293064
(70, 50, 17, 0.04, 0.5, 'log2') 0.15611364934323235
(90, 48, 39, 0.06, 0.75, 'log2') 0.1557142857142856
(90, 8, 24, 0.04, 0.5, 'log2') 0.15570553854717514
(70, 3, 10, 0.08, 0.5, 'log2') 0.1555013927576602
(70, 23, 38, 0.06, 0.5, 'log2') 0.1553100558659217
(60, 44, 29, 0.1, 0.75, 'log2') 0.15488630061009412
(40, 46, 35, 0.06, 0.5, 'log2') 0.15442280553203497
(50, 38, 15, 0.08, 0.5, 'log2') 0.15401299068059857
(60, 25, 31, 0.1, 0.5, 'log2') 0.15375208449138394
(40, 4, 23, 0.1, 0.75, 'log2') 0.15353668590272052
(50, 40, 21, 0.08, 0.5, 'log2') 0.1534065315315314
(50, 13, 28, 0.06, 0.5, 'log2') 0.15336506159014557
(90, 30, 22, 0.06, 0.75, 'log2') 0.15335006973500687
(90, 24, 37, 0.04, 0.5, 'log2') 0.1532835820895521
(60, 29, 16, 0.06, 0.75, 'log2') 0.15298082346305691
(80, 45, 19, 0.1, 0.5, 'log2') 0.15296501943364782
(70, 17, 36, 0.08, 1.0, 'log2') 0.15284499314128946
(70, 15, 23, 0.04, 1.0, 'log2') 0.15283328694684098
(70, 4, 14, 0.08, 0.75, 'log2') 0.15270776004402858
(60, 47, 30, 0.08, 0.75, 'log2') 0.15241610738255024
(70, 40, 22, 0.08, 0.75, 'log2') 0.15235079854300898
(70, 18, 13, 0.1, 0.5, 'log2') 0.15229339988907362
(80, 6, 16, 0.04, 0.75, 'log2') 0.15222346681601792
(70, 21, None, 0.04, 0.75, 'log2') 0.15215311004784685
(70, 23, 18, 0.08, 1.0, 'log2') 0.15209972299168967
(70, 23, 14, 0.1, 0.5, 'log2') 0.15206992230854613
(80, 46, 23, 0.02, 0.75, 'log2') 0.1519914651493598
(80, 30, 27, 0.04, 0.5, 'log2') 0.15182099634112012
(70, 22, 39, 0.1, 0.75, 'log2') 0.15122105843439915
(70, 35, 20, 0.06, 0.75, 'log2') 0.15100922560805125
(70, 43, 24, 0.08, 0.5, 'log2') 0.1508659217877093
(40, 29, 14, 0.06, 1.0, 'log2') 0.15081962563811674
(70, 15, 38, 0.06, 0.5, 'log2') 0.15021064301552098
(40, 17, 29, 0.04, 1.0, 'log2') 0.15015765765765743
(50, 16, 35, 0.06, 1.0, 'log2') 0.15000836820083682
(60, 24, 40, 0.08, 0.5, 'log2') 0.14971357063403773
(60, 18, 25, 0.06, 0.5, 'log2') 0.14948189415041763
(90, 19, 22, 0.1, 0.5, 'log2') 0.14944368320087675
(90, 5, 39, 0.06, 0.75, 'log2') 0.14883045740892897
(30, 44, 23, 0.06, 1.0, 'log2') 0.14865612648221335
(30, 31, 32, 0.08, 0.75, 'log2') 0.14864864864864868
(20, 27, 37, 0.08, 1.0, 'log2') 0.14780016792611245
(60, 34, 35, 0.06, 0.75, 'log2') 0.14777120315581843
(90, 14, 35, 0.04, 0.75, 'log2') 0.14773106904231625
(30, 6, 25, 0.08, 0.5, 'log2') 0.14753997194950905
(70, 12, 20, 0.06, 0.5, 'log2') 0.147426347971095
(80, 13, 16, 0.08, 0.5, 'log2') 0.14739790286975707
(40, 14, 40, 0.06, 0.75, 'log2') 0.14735326998323073
(90, 6, 35, 0.1, 0.75, 'log2') 0.14714714714714722
(90, 19, 20, 0.06, 0.5, 'log2') 0.1467789532293986
(70, 50, 40, 0.1, 0.5, 'log2') 0.14665458600501807
(70, 44, 26, 0.04, 0.5, 'log2') 0.1466346425543937
(30, 12, 22, 0.1, 0.75, 'log2') 0.14657740585774057
(80, 30, 26, 0.04, 0.75, 'log2') 0.14646379261763873
(80, 15, 27, 0.08, 0.5, 'log2') 0.14639258028792893
(70, 11, 22, 0.04, 0.5, 'log2') 0.14629504504504495
(80, 6, 40, 0.06, 1.0, 'log2') 0.14592876712328756
(80, 49, 14, 0.08, 0.75, 'log2') 0.14567544843049324
(30, 30, 19, 0.06, 1.0, 'log2') 0.1456563112230617
(70, 27, 34, 0.04, 0.75, 'log2') 0.1451069217782779
(30, 16, 31, 0.08, 1.0, 'log2') 0.1449580067189248
(90, 37, 14, 0.08, 0.75, 'log2') 0.14457636566332213
(30, 26, 21, 0.08, 0.5, 'log2') 0.14414854560858506
(30, 41, 25, 0.06, 0.5, 'log2') 0.14361581920903932
(50, 21, 25, 0.1, 0.75, 'log2') 0.1434155808150819
(80, 19, 14, 0.08, 0.5, 'log2') 0.14313524021105248
(90, 29, 40, 0.1, 0.75, 'log2') 0.14310278313584998
(50, 34, 14, 0.08, 0.75, 'log2') 0.142990444069702
(70, 19, 30, 0.08, 0.5, 'log2') 0.14287060127459109
(50, 4, 27, 0.1, 1.0, 'log2') 0.14272329964490565
(30, 22, 16, 0.1, 0.5, 'log2') 0.14216449013614874
(60, 39, 25, 0.04, 1.0, 'log2') 0.14186689227298352
(70, 20, 20, 0.1, 0.5, 'log2') 0.14139933628318582
(20, 29, 37, 0.1, 1.0, 'log2') 0.14129365744621405
(50, 39, 40, 0.04, 1.0, 'log2') 0.14117078715544182
(70, 15, 29, 0.08, 0.5, 'log2') 0.14111386821064248
(80, 5, 23, 0.02, 1.0, 'log2') 0.14053017484489555
(30, 7, 20, 0.08, 1.0, 'log2') 0.14033870072182106
(40, 23, 19, 0.08, 0.5, 'log2') 0.14016920473773262
(90, 43, 14, 0.06, 0.5, 'log2') 0.13983394314663652
(80, 6, 26, 0.06, 0.5, 'log2') 0.13951737451737437
(60, 44, 10, 0.04, 0.75, 'log2') 0.13945154873543616
(80, 18, 20, 0.04, 0.5, 'log2') 0.13863853727144865
(50, 5, 11, 0.04, 1.0, 'log2') 0.1379614949037372
(50, 48, 39, 0.1, 0.5, 'log2') 0.13776169265033414
(20, 17, 23, 0.1, 1.0, 'log2') 0.13765559586938325
(70, 47, 33, 0.04, 0.5, 'log2') 0.1374651096553688
(50, 19, 12, 0.04, 0.75, 'log2') 0.13694546482057074
(70, 21, 14, 0.04, 0.5, 'log2') 0.13681508791832103
(80, 5, 35, 0.1, 1.0, 'log2') 0.13679836512261567
(20, 23, 19, 0.1, 1.0, 'log2') 0.13665266106442575
(30, 41, 22, 0.08, 0.5, 'log2') 0.13651866515837102
(80, 32, 17, 0.04, 0.5, 'log2') 0.1364918217710095
(90, 12, 18, 0.1, 0.75, 'log2') 0.13628970427163187
(70, 17, 38, 0.02, 0.75, 'log2') 0.13606538895152193
(70, 38, 19, 0.02, 1.0, 'log2') 0.13601074356799533
(40, 15, 19, 0.08, 0.5, 'log2') 0.13585011185682316
(60, 48, 11, 0.06, 0.5, 'log2') 0.13571791972866035
(60, 41, 30, 0.08, 0.75, 'log2') 0.13562430323299882
(70, 40, None, 0.06, 0.5, 'log2') 0.135406012924979
(30, 17, 22, 0.06, 1.0, 'log2') 0.13524209347886923
(80, 48, 19, 0.02, 1.0, 'log2') 0.1351048158640226
(50, 3, 11, 0.08, 1.0, 'log2') 0.1348055944055944
(40, 28, 39, 0.04, 1.0, 'log2') 0.13453465346534668
(80, 3, 15, 0.1, 1.0, 'log2') 0.13441714441714436
(90, 6, 17, 0.1, 0.75, 'log2') 0.1339830508474576
(90, 28, 25, 0.02, 1.0, 'log2') 0.1333947293850949
(40, 18, 22, 0.1, 0.5, 'log2') 0.13317181843497625
(60, 30, 33, 0.06, 0.75, 'log2') 0.13314381270903
(40, 39, 17, 0.06, 0.5, 'log2') 0.13304483541430198
(80, 6, 38, 0.08, 0.5, 'log2') 0.13245277853818774
(70, 12, 26, 0.02, 1.0, 'log2') 0.13204666854090513
(50, 7, 28, 0.04, 0.75, 'log2') 0.13169949352841853
(20, 9, 23, 0.1, 1.0, 'log2') 0.13166202672605792
(70, 20, 36, 0.08, 0.5, 'log2') 0.13149986138064862
(80, 9, 17, 0.1, 0.5, 'log2') 0.13092882660071456
(30, 8, 16, 0.08, 0.75, 'log2') 0.13076340162784156
(90, 40, 38, 0.06, 0.5, 'log2') 0.13057670772676377
(50, 27, 39, 0.04, 0.5, 'log2') 0.1300028328611899
(70, 25, 36, 0.08, 0.5, 'log2') 0.12914261931187557
(90, 5, 19, 0.02, 0.5, 'log2') 0.1287450648618161
(20, 49, 26, 0.1, 1.0, 'log2') 0.12859678782755715
(60, 21, 22, 0.04, 0.5, 'log2') 0.1282741116751269
(80, 22, 32, 0.04, 0.5, 'log2') 0.1280412662521199
(50, 41, 17, 0.04, 0.5, 'log2') 0.12803854875283438
(30, 50, 33, 0.04, 1.0, 'log2') 0.12800961266610109
(40, 34, 30, 0.04, 0.5, 'log2') 0.12783026874115966
(90, 6, 20, 0.06, 0.5, 'log2') 0.1272167216721671
(40, 3, 11, 0.08, 0.75, 'log2') 0.12715653153153142
(20, 32, 17, 0.1, 1.0, 'log2') 0.12713119369369383
(20, 20, 16, 0.08, 0.75, 'log2') 0.1269295774647886
(30, 9, 14, 0.1, 0.5, 'log2') 0.1268735955056178
(30, 12, 24, 0.1, 0.75, 'log2') 0.12620756816917097
(60, 18, 24, 0.1, 0.5, 'log2') 0.1254991726420298
(60, 9, 30, 0.02, 1.0, 'log2') 0.12475520540236348
(40, 42, 36, 0.08, 0.5, 'log2') 0.1247191645498165
(90, 19, 26, 0.02, 0.5, 'log2') 0.12426382978723399
(80, 5, 32, 0.08, 0.5, 'log2') 0.12415914684167335
(30, 5, 21, 0.06, 0.75, 'log2') 0.12400504484304942
(80, 23, 13, 0.08, 0.5, 'log2') 0.12362274618585298
(30, 50, 20, 0.04, 1.0, 'log2') 0.12321822813472963
(90, 40, None, 0.06, 0.5, 'log2') 0.12305127486690959
(70, 13, 34, 0.02, 0.75, 'log2') 0.12282468443197761
(30, 23, 19, 0.06, 0.75, 'log2') 0.12254070746771485
(70, 42, 36, 0.1, 0.5, 'log2') 0.12227563212003342
(50, 16, 28, 0.1, 0.5, 'log2') 0.12222468179302699
(40, 4, 15, 0.1, 0.75, 'log2') 0.1217394911504424
(70, 17, None, 0.02, 0.75, 'log2') 0.12136928289102197
(50, 21, 14, 0.08, 0.5, 'log2') 0.12121118881118881
(30, 22, 11, 0.06, 0.75, 'log2') 0.12082649306538348
(30, 41, 33, 0.06, 0.75, 'log2') 0.12046511627906988
(30, 18, 40, 0.04, 1.0, 'log2') 0.12038429172510526
(20, 17, 33, 0.06, 1.0, 'log2') 0.12013752455795668
(70, 20, 17, 0.02, 1.0, 'log2') 0.1197037246049662
(50, 50, 33, 0.04, 0.5, 'log2') 0.11935164212910528
(20, 46, 24, 0.08, 1.0, 'log2') 0.11902860379495901
(50, 10, 34, 0.08, 0.5, 'log2') 0.11843594009983358
(30, 41, 19, 0.1, 0.5, 'log2') 0.1182430119794637
(20, 36, 26, 0.08, 1.0, 'log2') 0.11791279887482431
(90, 3, 32, 0.08, 0.5, 'log2') 0.11774351978171888
(80, 47, 12, 0.04, 0.75, 'log2') 0.11771135781383438
(90, 23, 29, 0.02, 0.75, 'log2') 0.11757191201353656
(90, 3, 33, 0.06, 1.0, 'log2') 0.11754160982264662
(50, 14, 10, 0.1, 0.5, 'log2') 0.1173316568873987
(50, 27, 19, 0.04, 0.75, 'log2') 0.11732617297908422
(60, 9, 23, 0.04, 0.75, 'log2') 0.11729372007885104
(20, 11, 27, 0.1, 1.0, 'log2') 0.11714763231197783
(80, 4, 26, 0.08, 0.5, 'log2') 0.11666757791142693
(60, 12, 14, 0.02, 1.0, 'log2') 0.11648556876061127
(30, 38, 15, 0.06, 0.5, 'log2') 0.11600739897552641
(50, 19, 18, 0.04, 0.75, 'log2') 0.11429824561403508
(40, 9, 22, 0.04, 1.0, 'log2') 0.1142801010384509
(30, 27, None, 0.08, 0.5, 'log2') 0.11419363917815938
(40, 16, 28, 0.1, 1.0, 'log2') 0.1139285714285714
(20, 34, 20, 0.06, 1.0, 'log2') 0.11389061178460681
(30, 28, 16, 0.04, 1.0, 'log2') 0.11364098221845902
(20, 17, 17, 0.08, 0.75, 'log2') 0.11354248733821055
(20, 18, 27, 0.08, 1.0, 'log2') 0.11302911534154549
(30, 50, 33, 0.08, 0.75, 'log2') 0.11268479184367036
(40, 33, 40, 0.06, 0.5, 'log2') 0.11223792031647353
(80, 5, 31, 0.08, 0.75, 'log2') 0.11214090660841074
(20, 8, 10, 0.1, 0.75, 'log2') 0.11129478138222852
(60, 40, 16, 0.02, 1.0, 'log2') 0.11076123595505626
(90, 19, 17, 0.02, 0.5, 'log2') 0.11060623229461757
(20, 38, 21, 0.1, 1.0, 'log2') 0.11012676056338028
(60, 23, 19, 0.02, 0.75, 'log2') 0.1095019807583476
(40, 46, 12, 0.04, 1.0, 'log2') 0.10936067892503551
(90, 5, 39, 0.08, 1.0, 'log2') 0.10932624113475164
(80, 12, 34, 0.02, 0.5, 'log2') 0.1090564971751413
(70, 29, 27, 0.02, 0.5, 'log2') 0.1089347764169753
(90, 13, 36, 0.02, 0.5, 'log2') 0.10873267326732691
(30, 10, 24, 0.04, 0.75, 'log2') 0.10820297168488925
(70, 13, 15, 0.02, 1.0, 'log2') 0.10795300113250292
(60, 35, 37, 0.02, 1.0, 'log2') 0.10779030439684341
(80, 3, 33, 0.1, 1.0, 'log2') 0.10774632553075647
(40, 11, 29, 0.04, 0.75, 'log2') 0.1074391267842149
(50, 7, 26, 0.02, 0.75, 'log2') 0.10684403153153159
(80, 47, 16, 0.02, 0.5, 'log2') 0.10633134413185576
(80, 27, 21, 0.02, 0.5, 'log2') 0.10629271070615046
(80, 13, 38, 0.02, 0.75, 'log2') 0.10519138077686434
(30, 40, 28, 0.04, 0.5, 'log2') 0.1047015558698728
(50, 8, 34, 0.02, 0.75, 'log2') 0.10410653889515231
(90, 28, 10, 0.02, 0.5, 'log2') 0.10389142857142868
(30, 6, 14, 0.06, 0.5, 'log2') 0.1022659544560023
(20, 7, 19, 0.08, 0.5, 'log2') 0.10176371780515127
(40, 5, 21, 0.02, 1.0, 'log2') 0.1016441441441442
(10, 50, None, 0.1, 1.0, 'log2') 0.10122425952045143
(50, 13, 30, 0.02, 1.0, 'log2') 0.10117795895417499
(40, 24, 21, 0.04, 0.75, 'log2') 0.10077401129943514
(40, 21, 19, 0.04, 0.75, 'log2') 0.09925310033821887
(30, 14, 13, 0.06, 0.5, 'log2') 0.09890081944051989
(30, 45, 31, 0.06, 0.5, 'log2') 0.09864387464387449
(20, 31, 13, 0.1, 0.75, 'log2') 0.0986028169014086
(60, 21, 40, 0.02, 1.0, 'log2') 0.0982623413258111
(20, 44, 11, 0.06, 1.0, 'log2') 0.09818776671408255
(60, 46, 13, 0.02, 0.75, 'log2') 0.09761337868480732
(60, 7, 33, 0.02, 1.0, 'log2') 0.09683408577878114
(30, 14, 15, 0.04, 0.5, 'log2') 0.09681523272214393
(60, 22, 34, 0.02, 0.5, 'log2') 0.09654819448393524
(50, 8, 30, 0.02, 1.0, 'log2') 0.0961139169472504
(80, 31, 23, 0.02, 0.5, 'log2') 0.0960432678622261
(30, 20, 11, 0.06, 0.5, 'log2') 0.0959638724244992
(30, 29, 29, 0.04, 0.5, 'log2') 0.09557534633870517
(20, 49, 23, 0.06, 1.0, 'log2') 0.09390403180011363
(50, 9, 14, 0.02, 0.75, 'log2') 0.09155040948884505
(60, 39, 22, 0.02, 0.5, 'log2') 0.09045660805445264
(20, 6, 27, 0.1, 0.75, 'log2') 0.09017279821627648
(20, 34, 18, 0.08, 0.5, 'log2') 0.0890256989550974
(30, 11, 14, 0.04, 0.5, 'log2') 0.08888011283497892
(40, 48, 40, 0.04, 0.5, 'log2') 0.08511945392491473
(10, 5, 33, 0.1, 0.75, 'log2') 0.08498050139275773
(20, 19, 38, 0.06, 0.5, 'log2') 0.08463682432432437
(60, 49, 32, 0.02, 0.5, 'log2') 0.08359308586001701
(80, 39, 24, 0.02, 0.5, 'log2') 0.08341985168282952
(20, 7, 14, 0.06, 0.75, 'log2') 0.08341875528020276
(60, 19, 25, 0.02, 0.5, 'log2') 0.08211092246745905
(20, 31, 30, 0.08, 0.5, 'log2') 0.08181153305203948
(40, 7, 22, 0.02, 1.0, 'log2') 0.08137640449438205
(20, 6, 25, 0.1, 0.75, 'log2') 0.08096127054889944
(50, 44, 13, 0.02, 1.0, 'log2') 0.08070561670900368
(60, 14, 15, 0.02, 0.5, 'log2') 0.07853438556933487
(20, 15, 16, 0.04, 1.0, 'log2') 0.07736960811953764
(10, 16, 24, 0.08, 0.75, 'log2') 0.07721151159541777
(20, 43, 12, 0.06, 0.75, 'log2') 0.07648664013644121
(30, 11, 13, 0.06, 0.75, 'log2') 0.07611768018018024
(20, 50, 28, 0.06, 0.75, 'log2') 0.07595973915508931
(50, 16, 14, 0.02, 0.5, 'log2') 0.07350538854225756
(30, 38, 11, 0.04, 0.75, 'log2') 0.07328302961275628
(60, 47, 19, 0.02, 0.5, 'log2') 0.07309666381522668
(50, 27, 20, 0.02, 0.5, 'log2') 0.07285271754435373
(20, 46, 20, 0.1, 0.5, 'log2') 0.07078984485190412
(20, 28, 12, 0.08, 0.5, 'log2') 0.06954365079365085
(10, 16, 22, 0.1, 0.75, 'log2') 0.067424412094065
(20, 35, 13, 0.08, 0.5, 'log2') 0.06716954429663179
(10, 38, 15, 0.08, 1.0, 'log2') 0.06704539047082043
(50, 36, 27, 0.02, 0.5, 'log2') 0.06643286573146295
(10, 48, 23, 0.1, 1.0, 'log2') 0.06622923120247823
(10, 21, 29, 0.1, 1.0, 'log2') 0.06473166619837041
(20, 16, 19, 0.08, 0.5, 'log2') 0.06333894028595465
(30, 7, 35, 0.04, 1.0, 'log2') 0.06325849003648613
(30, 34, 15, 0.08, 0.5, 'log2') 0.062279909706546406
(10, 36, 36, 0.1, 1.0, 'log2') 0.058299971807161025
(30, 28, 29, 0.04, 0.75, 'log2') 0.057648388920293975
(20, 41, 38, 0.04, 1.0, 'log2') 0.05699207696661011
(10, 14, 10, 0.1, 0.75, 'log2') 0.05687198410445645
(40, 25, None, 0.02, 1.0, 'log2') 0.05513559322033904
(50, 46, 28, 0.02, 0.75, 'log2') 0.053662528216704336
(40, 31, 40, 0.02, 0.75, 'log2') 0.05219608954378014
(40, 43, 16, 0.02, 1.0, 'log2') 0.051802721088435436
(10, 15, 40, 0.1, 0.5, 'log2') 0.051525709468952
(10, 42, 29, 0.08, 1.0, 'log2') 0.05051860202931233
(10, 42, 10, 0.08, 0.75, 'log2') 0.05040238027769909
(50, 50, 25, 0.02, 0.5, 'log2') 0.05032166239681187
(10, 13, 36, 0.08, 0.75, 'log2') 0.050131505316172366
(10, 21, 16, 0.1, 0.5, 'log2') 0.05011784511784516
(40, 44, 29, 0.02, 0.5, 'log2') 0.05011101622544837
(30, 4, None, 0.02, 0.75, 'log2') 0.05003648610721308
(40, 9, 18, 0.02, 0.75, 'log2') 0.04880440927077451
(10, 24, 22, 0.1, 0.5, 'log2') 0.048684654300168655
(10, 4, 27, 0.06, 0.75, 'log2') 0.048382598996095975
(10, 22, 38, 0.06, 1.0, 'log2') 0.04781021897810222
(40, 50, 38, 0.02, 0.75, 'log2') 0.04596828992072483
(20, 38, 23, 0.04, 0.75, 'log2') 0.04570053778658367
(20, 39, 29, 0.04, 0.75, 'log2') 0.045585076314301885
(30, 6, 13, 0.02, 1.0, 'log2') 0.044558782069354375
(30, 4, 33, 0.02, 0.75, 'log2') 0.044201563372417665
(10, 38, 17, 0.1, 0.5, 'log2') 0.04290939786156446
(10, 14, 26, 0.1, 0.5, 'log2') 0.042772968444568564
(10, 40, 29, 0.08, 0.75, 'log2') 0.042084745762711886
(10, 34, 30, 0.06, 1.0, 'log2') 0.042047310616727715
(40, 28, 18, 0.02, 0.5, 'log2') 0.040920383963862265
(30, 24, 33, 0.02, 0.75, 'log2') 0.038557746478873264
(20, 34, 22, 0.04, 0.5, 'log2') 0.03496143958868895
(10, 23, 23, 0.06, 0.75, 'log2') 0.03428531390134531
(30, 16, 27, 0.02, 0.75, 'log2') 0.033734087694483744
(30, 37, 32, 0.02, 1.0, 'log2') 0.02981946403385054
(10, 3, 29, 0.1, 1.0, 'log2') 0.02974750277469477
(10, 38, 32, 0.06, 1.0, 'log2') 0.02774102346621433
(30, 22, 38, 0.02, 1.0, 'log2') 0.02497603608683395
(10, 49, 24, 0.1, 0.5, 'log2') 0.024087549744172803
(30, 5, 17, 0.02, 0.5, 'log2') 0.022552112676056293
(30, 48, 19, 0.02, 0.5, 'log2') 0.022280851063829776
(30, 36, 37, 0.02, 0.5, 'log2') 0.02047632548908423
(20, 50, 10, 0.04, 0.75, 'log2') 0.01927902355946637
(30, 18, 23, 0.02, 0.75, 'log2') 0.01817359344076899
(20, 35, 10, 0.04, 0.5, 'log2') 0.017099518003969392
(10, 21, 28, 0.06, 1.0, 'log2') 0.014814710836608605
(20, 17, 20, 0.02, 1.0, 'log2') 0.01202695115103874
(20, 25, 10, 0.04, 0.5, 'log2') 0.01117296222664015
(20, 27, 33, 0.02, 1.0, 'log2') 0.009265695067264582
(10, 27, 28, 0.08, 0.5, 'log2') 0.008605958403597545
(10, 7, 17, 0.04, 0.75, 'log2') 0.00858096828046745
(30, 49, 11, 0.02, 0.75, 'log2') 0.00843927355278092
(30, 45, 37, 0.02, 1.0, 'log2') 0.007039343334276827
(10, 29, 10, 0.06, 0.5, 'log2') 0.005288788221970536
(10, 35, 40, 0.04, 1.0, 'log2') -0.0008422234699606843
(10, 30, 38, 0.08, 0.5, 'log2') -0.002081805359661647
(10, 30, 35, 0.08, 0.5, 'log2') -0.002081805359661647
(20, 29, 17, 0.02, 0.75, 'log2') -0.0029732770745429585
(20, 28, 34, 0.02, 0.5, 'log2') -0.0061592374544435285
(20, 34, 38, 0.02, 0.75, 'log2') -0.008945301542777041
(20, 28, 27, 0.02, 1.0, 'log2') -0.009190409026798303
(10, 43, 20, 0.04, 0.75, 'log2') -0.015531855178220621
(10, 28, 22, 0.06, 0.5, 'log2') -0.01574780887757992
(10, 15, 31, 0.04, 0.75, 'log2') -0.017406888826659257
(10, 44, 27, 0.06, 0.5, 'log2') -0.01798203760875685
(10, 47, 29, 0.04, 0.75, 'log2') -0.01828892005610114
(20, 11, 10, 0.02, 0.5, 'log2') -0.01892847124824688
(10, 12, 15, 0.04, 1.0, 'log2') -0.019542391914654837
(20, 39, 21, 0.02, 1.0, 'log2') -0.02305842885099258
(20, 35, 33, 0.02, 0.5, 'log2') -0.02432819074333814
(10, 12, 21, 0.04, 0.75, 'log2') -0.026344750140370528
(10, 41, 24, 0.04, 1.0, 'log2') -0.027832678270634594
(20, 33, 20, 0.02, 0.5, 'log2') -0.028034308211473687
(10, 18, 28, 0.02, 1.0, 'log2') -0.038108033240997256
(10, 19, 37, 0.02, 1.0, 'log2') -0.04059767570558948
(10, 6, 17, 0.02, 1.0, 'log2') -0.041620575221239096
(10, 14, 37, 0.02, 0.75, 'log2') -0.04561841375485307
(10, 41, 20, 0.02, 0.5, 'log2') -0.05001380452788521
(10, 27, 29, 0.02, 1.0, 'log2') -0.050171650055371025
(10, 39, 16, 0.02, 0.75, 'log2') -0.05256558961612814
(10, 42, 15, 0.04, 0.5, 'log2') -0.052670789991566026
(10, 45, 39, 0.04, 0.5, 'log2') -0.05273441886580585
(10, 41, 32, 0.02, 1.0, 'log2') -0.052966031483015756
(10, 39, 35, 0.02, 0.5, 'log2') -0.05520000000000008
(10, 15, 15, 0.02, 0.5, 'log2') -0.05551133222775013
(10, 20, 27, 0.02, 0.5, 'log2') -0.0585986206896553
(10, 50, 35, 0.04, 0.5, 'log2') -0.05877109111361089
(10, 16, 40, 0.02, 0.5, 'log2') -0.06358860934476093