exe: 0.147
var: 0.00018

(90, 40, 33, 0.1, 1.0, 'log2') 0.19381316580169392
(60, 31, 20, 0.08, 1.0, 'log2') 0.1902523313219968
(90, 27, 11, 0.1, 1.0, 'log2') 0.18471879286694118
(60, 32, 10, 0.06, 1.0, 'log2') 0.18310458413395567
(40, 38, 40, 0.06, 1.0, 'log2') 0.1827519912112059
(60, 43, 10, 0.08, 1.0, 'log2') 0.18029977997799798
(90, 21, 36, 0.1, 1.0, 'log2') 0.17845943731221017
(80, 24, 35, 0.06, 1.0, 'log2') 0.1756306429548565
(80, 49, 13, 0.06, 1.0, 'log2') 0.1756050605060507
(80, 16, 21, 0.06, 1.0, 'log2') 0.17552516411378571
(60, 7, 22, 0.1, 0.75, 'log2') 0.1745829915231068
(30, 41, 11, 0.1, 1.0, 'log2') 0.17450068775790933
(70, 14, 17, 0.1, 1.0, 'log2') 0.1738209606986901
(70, 39, 23, 0.06, 1.0, 'log2') 0.17349054017000295
(40, 34, 14, 0.1, 1.0, 'log2') 0.17347611202635932
(70, 19, 34, 0.08, 1.0, 'log2') 0.17341263330598872
(70, 35, 19, 0.1, 1.0, 'log2') 0.17272826681246614
(80, 19, 35, 0.08, 1.0, 'log2') 0.17227868852459047
(50, 33, 10, 0.04, 0.5, 'log2') 0.17128473177441564
(60, 37, 31, 0.1, 0.75, 'log2') 0.1710120350109412
(50, 37, 27, 0.06, 1.0, 'log2') 0.17098410087719318
(50, 49, 34, 0.1, 0.5, 'log2') 0.17080087767416366
(80, 36, 29, 0.08, 0.75, 'log2') 0.17047332421340658
(60, 32, 36, 0.1, 1.0, 'log2') 0.17039049699617728
(80, 34, 21, 0.1, 1.0, 'log2') 0.17027027027027056
(60, 42, 34, 0.08, 1.0, 'log2') 0.17012845039628338
(90, 32, 32, 0.02, 1.0, 'log2') 0.1691652892561986
(60, 40, 35, 0.1, 1.0, 'log2') 0.16891530054644832
(30, 41, 31, 0.06, 0.75, 'log2') 0.16877579092159575
(60, 16, 20, 0.1, 1.0, 'log2') 0.16808755129959
(40, 6, 13, 0.08, 0.75, 'log2') 0.16790282734010462
(80, 44, 39, 0.04, 1.0, 'log2') 0.16788635739774926
(20, 41, 40, 0.1, 0.75, 'log2') 0.1676595159515955
(70, 49, 11, 0.08, 0.5, 'log2') 0.16754732510288076
(50, 10, 18, 0.1, 1.0, 'log2') 0.1674323215750618
(60, 13, 22, 0.04, 1.0, 'log2') 0.16734705075445835
(60, 8, 15, 0.04, 1.0, 'log2') 0.1672535017852241
(50, 15, 36, 0.06, 0.75, 'log2') 0.1669890410958907
(90, 49, 23, 0.1, 0.5, 'log2') 0.1669871268145718
(60, 23, 24, 0.04, 1.0, 'log2') 0.16673351648351684
(40, 31, 16, 0.06, 1.0, 'log2') 0.16653772290809352
(40, 40, 33, 0.1, 1.0, 'log2') 0.16650054764512628
(60, 29, 17, 0.04, 0.75, 'log2') 0.16648752399232272
(60, 35, 12, 0.1, 0.75, 'log2') 0.16588718510405281
(80, 24, 28, 0.1, 1.0, 'log2') 0.1658226466575719
(20, 40, 11, 0.06, 1.0, 'log2') 0.16576224545954876
(80, 34, 31, 0.08, 0.75, 'log2') 0.16533497402242303
(90, 48, 27, 0.08, 1.0, 'log2') 0.1651666666666669
(70, 5, 29, 0.08, 0.75, 'log2') 0.16507519824993191
(50, 26, 36, 0.08, 1.0, 'log2') 0.16479178082191803
(50, 25, 22, 0.04, 0.75, 'log2') 0.16473452544704295
(20, 33, 28, 0.08, 1.0, 'log2') 0.16451798956330693
(70, 10, 35, 0.06, 1.0, 'log2') 0.16450095706863566
(90, 23, 34, 0.02, 0.75, 'log2') 0.1641552008805726
(50, 44, 34, 0.1, 1.0, 'log2') 0.16399560922063697
(20, 5, 35, 0.04, 0.5, 'log2') 0.16311830908591832
(90, 23, 22, 0.08, 0.75, 'log2') 0.1630428844577987
(30, 44, 36, 0.08, 0.5, 'log2') 0.16299752950864693
(50, 15, 18, 0.02, 0.5, 'log2') 0.1628107810781079
(40, 44, 31, 0.08, 1.0, 'log2') 0.16277091906721558
(30, 46, 35, 0.1, 1.0, 'log2') 0.16273848684210537
(80, 42, 21, 0.08, 0.5, 'log2') 0.16273473857103762
(40, 48, 24, 0.06, 1.0, 'log2') 0.16272002200220032
(70, 16, 39, 0.08, 1.0, 'log2') 0.1626113083856873
(20, 50, 32, 0.08, 0.5, 'log2') 0.1626002196595278
(30, 7, 15, 0.04, 0.75, 'log2') 0.16252267106347906
(30, 22, 10, 0.1, 1.0, 'log2') 0.1623017832647465
(50, 45, 20, 0.02, 0.75, 'log2') 0.1619311294765841
(90, 38, 39, 0.04, 1.0, 'log2') 0.16183063853110477
(70, 46, 24, 0.1, 0.75, 'log2') 0.1618288682340079
(60, 13, 26, 0.1, 1.0, 'log2') 0.16169171904892063
(20, 3, 30, 0.06, 0.75, 'log2') 0.1615651694681734
(70, 4, None, 0.04, 0.75, 'log2') 0.16147478070175464
(80, 38, 34, 0.08, 1.0, 'log2') 0.1614051841746251
(50, 15, 38, 0.06, 1.0, 'log2') 0.16134499726626583
(30, 49, 31, 0.04, 1.0, 'log2') 0.1612462256382103
(50, 6, 21, 0.1, 1.0, 'log2') 0.16111202185792375
(40, 5, 19, 0.08, 1.0, 'log2') 0.1610992616899099
(10, 38, 26, 0.1, 1.0, 'log2') 0.1610491623180447
(80, 14, 15, 0.06, 0.75, 'log2') 0.16098819654131227
(40, 30, 18, 0.04, 0.75, 'log2') 0.16091508656224263
(80, 30, 12, 0.06, 0.5, 'log2') 0.16091083676268883
(70, 38, 30, 0.08, 1.0, 'log2') 0.16080918534718464
(30, 12, 14, 0.1, 0.5, 'log2') 0.1606752676365636
(90, 20, 17, 0.06, 0.5, 'log2') 0.1603419037199126
(90, 43, 35, 0.1, 0.75, 'log2') 0.15992622950819704
(80, 17, 10, 0.06, 0.75, 'log2') 0.15985741705511392
(60, 5, 19, 0.02, 1.0, 'log2') 0.15985160758450148
(90, 40, 20, 0.06, 0.75, 'log2') 0.15979983548121773
(50, 13, 18, 0.04, 1.0, 'log2') 0.1595984598459848
(90, 33, 31, 0.04, 1.0, 'log2') 0.15932473236343697
(20, 24, 34, 0.1, 0.75, 'log2') 0.15927710843373527
(50, 41, 18, 0.04, 1.0, 'log2') 0.1590921595598352
(70, 30, 16, 0.02, 1.0, 'log2') 0.15900027540622433
(20, 23, 27, 0.04, 1.0, 'log2') 0.15886444872147384
(20, 19, 20, 0.04, 1.0, 'log2') 0.1588327382587203
(50, 35, 26, 0.04, 1.0, 'log2') 0.15870914583905543
(80, 25, 11, 0.1, 1.0, 'log2') 0.15860974274767406
(40, 34, 39, 0.06, 1.0, 'log2') 0.15859104641582003
(50, 28, 37, 0.06, 0.5, 'log2') 0.1585529573590097
(10, 42, 12, 0.02, 1.0, 'log2') 0.15847397260273988
(70, 10, 15, 0.06, 0.75, 'log2') 0.1582151656173012
(40, 48, 32, 0.1, 1.0, 'log2') 0.1581461137050263
(50, 19, 10, 0.06, 0.75, 'log2') 0.15810192837465584
(50, 40, 20, 0.02, 0.75, 'log2') 0.1579140259024526
(60, 19, 11, 0.04, 1.0, 'log2') 0.1577248968363139
(10, 26, 23, 0.02, 0.75, 'log2') 0.1577024070021884
(90, 34, 26, 0.1, 0.5, 'log2') 0.15762216762216805
(90, 48, 34, 0.08, 0.5, 'log2') 0.15757318741450088
(30, 24, 28, 0.06, 0.5, 'log2') 0.15756801319043723
(60, 43, 38, 0.06, 0.5, 'log2') 0.1572318244170097
(20, 44, 27, 0.04, 1.0, 'log2') 0.1571314850398025
(50, 29, 29, 0.06, 0.5, 'log2') 0.15706011528959665
(90, 41, 25, 0.04, 0.75, 'log2') 0.1570112421168086
(70, 36, 29, 0.02, 1.0, 'log2') 0.15698128783709434
(60, 11, 12, 0.1, 0.75, 'log2') 0.15696820175438603
(40, 13, 30, 0.08, 0.75, 'log2') 0.15695021881838092
(20, 47, 20, 0.02, 0.75, 'log2') 0.15694062671797707
(60, 28, 10, 0.02, 1.0, 'log2') 0.1568553285477638
(30, 41, 26, 0.06, 1.0, 'log2') 0.15679120879120895
(50, 22, 12, 0.06, 0.5, 'log2') 0.15675913210656428
(70, 40, 28, 0.02, 0.5, 'log2') 0.15672466169566432
(50, 47, 40, 0.02, 1.0, 'log2') 0.15666666666666684
(30, 35, 17, 0.04, 1.0, 'log2') 0.15665198237885486
(90, 20, 23, 0.1, 1.0, 'log2') 0.15658016935263636
(90, 12, 35, 0.04, 1.0, 'log2') 0.15654415798134966
(20, 31, 27, 0.06, 0.75, 'log2') 0.1564500137703114
(50, 48, 31, 0.02, 0.75, 'log2') 0.15637138927097677
(80, 33, 31, 0.08, 0.5, 'log2') 0.15636960087479518
(80, 47, 20, 0.08, 0.5, 'log2') 0.15627945205479457
(80, 28, 17, 0.1, 0.75, 'log2') 0.1561887824897401
(60, 27, 40, 0.04, 0.5, 'log2') 0.15608719495475754
(50, 21, 35, 0.1, 0.75, 'log2') 0.15604485776805282
(10, 5, 36, 0.06, 0.75, 'log2') 0.15586813186813203
(60, 8, 28, 0.1, 1.0, 'log2') 0.155864517891287
(70, 45, 18, 0.06, 1.0, 'log2') 0.15574835526315797
(90, 48, 26, 0.1, 0.75, 'log2') 0.1557377497946897
(40, 27, 16, 0.1, 0.75, 'log2') 0.15565789473684227
(80, 4, 14, 0.08, 1.0, 'log2') 0.15531932314410493
(50, 21, 18, 0.04, 0.75, 'log2') 0.15531464688101151
(30, 15, 38, 0.08, 0.75, 'log2') 0.15522347134631218
(80, 33, 13, 0.02, 0.5, 'log2') 0.15500275330396496
(70, 45, 28, 0.04, 0.5, 'log2') 0.1549532453245326
(70, 20, 40, 0.04, 1.0, 'log2') 0.15473380900109784
(50, 35, 10, 0.02, 1.0, 'log2') 0.1546696035242293
(80, 25, 24, 0.02, 0.75, 'log2') 0.1544820005496016
(50, 35, 21, 0.06, 1.0, 'log2') 0.15429313645064277
(60, 25, 15, 0.1, 0.5, 'log2') 0.1542622502053109
(80, 19, 10, 0.08, 1.0, 'log2') 0.15422454021410945
(40, 31, 26, 0.08, 0.75, 'log2') 0.15419567004658835
(30, 44, 10, 0.1, 1.0, 'log2') 0.15418540866703256
(50, 30, 39, 0.1, 0.75, 'log2') 0.15411056376573645
(20, 28, 34, 0.1, 1.0, 'log2') 0.15406575342465784
(60, 12, 30, 0.1, 1.0, 'log2') 0.153959016393443
(20, 3, 25, 0.04, 0.75, 'log2') 0.1539144736842107
(10, 48, 17, 0.02, 0.5, 'log2') 0.15380860981628747
(50, 38, 20, 0.04, 0.75, 'log2') 0.15369086908690885
(70, 18, 22, 0.06, 0.5, 'log2') 0.1536754241926658
(30, 48, 40, 0.1, 0.75, 'log2') 0.1536555891238674
(80, 37, 34, 0.08, 1.0, 'log2') 0.15363462588749346
(20, 17, 22, 0.04, 1.0, 'log2') 0.15360660247592864
(30, 29, 35, 0.04, 0.5, 'log2') 0.15359087159747073
(70, 15, 35, 0.08, 0.5, 'log2') 0.15354935739677364
(20, 40, 39, 0.08, 0.5, 'log2') 0.15313995050866117
(30, 36, 22, 0.04, 1.0, 'log2') 0.15301835113667506
(50, 11, 14, 0.04, 0.75, 'log2') 0.15296398130327213
(30, 28, 32, 0.06, 1.0, 'log2') 0.15284222100054987
(70, 25, 12, 0.1, 0.75, 'log2') 0.15278020776380555
(50, 50, 17, 0.1, 0.5, 'log2') 0.1527573932092005
(20, 40, 23, 0.04, 0.75, 'log2') 0.15274401979653582
(20, 23, None, 0.06, 1.0, 'log2') 0.15272226809799086
(70, 12, 10, 0.06, 0.75, 'log2') 0.1526474622770923
(40, 37, 39, 0.02, 1.0, 'log2') 0.15256805059114675
(50, 44, 25, 0.06, 0.75, 'log2') 0.15256530107231256
(90, 9, 15, 0.08, 1.0, 'log2') 0.1525395958492631
(30, 38, 30, 0.08, 1.0, 'log2') 0.15253362613230875
(70, 12, 12, 0.08, 0.75, 'log2') 0.1524938271604941
(20, 43, 33, 0.1, 0.75, 'log2') 0.15248285322359417
(40, 10, 29, 0.04, 0.75, 'log2') 0.15247261774370224
(90, 44, 29, 0.04, 0.5, 'log2') 0.15233919736118767
(90, 31, 33, 0.04, 0.5, 'log2') 0.152267362064233
(70, 25, 22, 0.04, 0.5, 'log2') 0.15226151315789496
(60, 28, 26, 0.02, 0.75, 'log2') 0.15221703296703315
(50, 14, 39, 0.04, 1.0, 'log2') 0.1521871569703625
(10, 12, 27, 0.02, 0.5, 'log2') 0.1520833333333335
(30, 36, 20, 0.04, 0.75, 'log2') 0.1518762035763413
(80, 21, 20, 0.02, 0.5, 'log2') 0.15185439560439584
(10, 42, 13, 0.06, 0.75, 'log2') 0.1518286973285598
(30, 17, 11, 0.02, 1.0, 'log2') 0.151784050424774
(60, 28, 24, 0.1, 0.5, 'log2') 0.15162332329592126
(90, 37, 37, 0.04, 0.5, 'log2') 0.15157331136738084
(80, 41, 17, 0.02, 1.0, 'log2') 0.15147010422380716
(20, 18, 34, 0.02, 1.0, 'log2') 0.1512778235779062
(50, 26, 40, 0.1, 0.75, 'log2') 0.1512729263618946
(50, 25, 25, 0.02, 1.0, 'log2') 0.15109246009906452
(60, 29, 25, 0.08, 0.75, 'log2') 0.15108248835297367
(30, 28, 14, 0.06, 0.75, 'log2') 0.1510668133076713
(10, 30, 19, 0.1, 1.0, 'log2') 0.15101564644523768
(10, 43, 36, 0.04, 1.0, 'log2') 0.1509672987084365
(20, 27, 30, 0.06, 1.0, 'log2') 0.15095185694635507
(50, 16, 20, 0.02, 0.75, 'log2') 0.15094349972572702
(20, 42, 11, 0.1, 0.75, 'log2') 0.150896873285793
(80, 19, 31, 0.04, 1.0, 'log2') 0.1508849315068497
(50, 42, 26, 0.1, 0.75, 'log2') 0.1508700410396719
(30, 30, 33, 0.1, 0.75, 'log2') 0.15081710995338643
(90, 16, 32, 0.04, 0.75, 'log2') 0.1508059210526317
(40, 13, 16, 0.1, 1.0, 'log2') 0.15079365079365098
(50, 25, 11, 0.08, 0.5, 'log2') 0.1507715540911589
(30, 44, 36, 0.04, 0.5, 'log2') 0.15069050894085295
(70, 45, 29, 0.08, 0.5, 'log2') 0.15052602739726043
(60, 12, 31, 0.02, 0.5, 'log2') 0.1504346629986247
(80, 14, 32, 0.02, 0.5, 'log2') 0.1503591993419251
(30, 21, 22, 0.04, 1.0, 'log2') 0.15023121387283261
(80, 50, None, 0.08, 0.75, 'log2') 0.15022441160372224
(20, 32, 25, 0.08, 0.75, 'log2') 0.15017293439472978
(50, 48, 22, 0.04, 1.0, 'log2') 0.15009358656757532
(60, 38, 13, 0.02, 0.75, 'log2') 0.1500935865675752
(60, 8, 23, 0.02, 0.5, 'log2') 0.14999449339207066
(30, 12, 18, 0.04, 1.0, 'log2') 0.14994230769230776
(60, 27, 11, 0.08, 1.0, 'log2') 0.1499259055982439
(70, 29, 39, 0.08, 0.75, 'log2') 0.14982221006564583
(30, 14, 18, 0.1, 0.75, 'log2') 0.1498030634573307
(10, 19, 35, 0.08, 1.0, 'log2') 0.1496210873146624
(10, 28, 26, 0.02, 0.75, 'log2') 0.1495808219178084
(80, 41, 31, 0.08, 0.5, 'log2') 0.14943607993430083
(90, 31, 19, 0.06, 0.5, 'log2') 0.14932110594032333
(40, 46, 22, 0.04, 1.0, 'log2') 0.1492240197422541
(30, 47, 26, 0.02, 0.75, 'log2') 0.1492003297609235
(20, 40, 34, 0.08, 0.75, 'log2') 0.14919045005488502
(10, 38, 10, 0.08, 1.0, 'log2') 0.1489062929376204
(30, 41, 30, 0.1, 0.75, 'log2') 0.14887914497122515
(20, 35, 17, 0.1, 0.5, 'log2') 0.14884456671251745
(70, 39, 16, 0.08, 0.5, 'log2') 0.14881128457956755
(20, 19, None, 0.04, 1.0, 'log2') 0.14877270225646677
(30, 48, 23, 0.04, 1.0, 'log2') 0.1487500000000002
(50, 13, 18, 0.02, 0.75, 'log2') 0.14856986000549008
(20, 39, 38, 0.04, 0.5, 'log2') 0.14855096418732788
(90, 46, 29, 0.06, 0.5, 'log2') 0.14854670329670344
(20, 17, 19, 0.08, 1.0, 'log2') 0.1484151357279958
(50, 50, 27, 0.1, 0.5, 'log2') 0.14825670498084315
(80, 41, 31, 0.08, 1.0, 'log2') 0.14818455640744818
(10, 44, 27, 0.02, 1.0, 'log2') 0.14810307017543872
(80, 13, 39, 0.06, 0.5, 'log2') 0.1480230010952905
(10, 42, 22, 0.06, 0.5, 'log2') 0.14802197802197822
(50, 15, 20, 0.04, 0.5, 'log2') 0.14790442186212593
(80, 39, 26, 0.06, 0.5, 'log2') 0.1478528281164197
(30, 49, 25, 0.04, 1.0, 'log2') 0.1478348522507597
(60, 32, 31, 0.04, 1.0, 'log2') 0.14783301290854178
(60, 24, 18, 0.08, 0.5, 'log2') 0.1475862068965518
(60, 4, 29, 0.04, 0.75, 'log2') 0.14758223684210553
(60, 42, 24, 0.06, 0.5, 'log2') 0.14757475994513056
(80, 39, 32, 0.08, 0.75, 'log2') 0.1475739320920047
(80, 44, 13, 0.02, 0.5, 'log2') 0.1475626549160013
(10, 19, None, 0.06, 0.5, 'log2') 0.1474869397855376
(20, 20, 40, 0.04, 1.0, 'log2') 0.1474656026417173
(40, 17, 26, 0.08, 0.5, 'log2') 0.14732167258813897
(70, 24, 34, 0.04, 1.0, 'log2') 0.14716950082281974
(60, 11, 28, 0.08, 0.5, 'log2') 0.1471381668946653
(20, 42, 19, 0.04, 0.75, 'log2') 0.1469458939851691
(70, 28, 30, 0.1, 0.5, 'log2') 0.14693001640240586
(50, 12, 24, 0.08, 1.0, 'log2') 0.14690287277701805
(60, 43, 31, 0.06, 0.75, 'log2') 0.1468813373526996
(20, 22, 23, 0.02, 1.0, 'log2') 0.14675735092058265
(40, 20, 24, 0.02, 0.5, 'log2') 0.14672712283594405
(10, 35, 21, 0.04, 0.5, 'log2') 0.14670507544581626
(70, 28, 25, 0.04, 0.75, 'log2') 0.14668591859185934
(10, 39, 27, 0.04, 0.75, 'log2') 0.146662087912088
(60, 47, 17, 0.06, 1.0, 'log2') 0.14657142857142874
(10, 10, 33, 0.06, 0.75, 'log2') 0.14655153508771943
(70, 12, 23, 0.04, 0.75, 'log2') 0.14654840484048431
(20, 35, 13, 0.02, 0.75, 'log2') 0.1465119472672344
(70, 45, 34, 0.08, 0.75, 'log2') 0.14633032540333638
(10, 14, 25, 0.02, 0.75, 'log2') 0.14632098765432106
(80, 32, 24, 0.1, 0.75, 'log2') 0.14612841530054677
(20, 44, 23, 0.1, 0.5, 'log2') 0.1461276127612762
(80, 45, 21, 0.02, 1.0, 'log2') 0.14610743801652912
(70, 25, 40, 0.06, 0.75, 'log2') 0.1460799343005752
(20, 12, 39, 0.06, 1.0, 'log2') 0.1460268714011518
(40, 28, 38, 0.02, 1.0, 'log2') 0.14598843612334805
(10, 40, 35, 0.02, 0.75, 'log2') 0.14595942982456153
(10, 9, 25, 0.06, 0.5, 'log2') 0.145900962861073
(30, 43, 18, 0.02, 0.5, 'log2') 0.14583584957452658
(50, 36, 13, 0.06, 0.75, 'log2') 0.14577356416597984
(10, 10, 29, 0.02, 0.5, 'log2') 0.14575492341356686
(90, 46, 30, 0.08, 0.75, 'log2') 0.14567945205479485
(80, 5, 40, 0.02, 1.0, 'log2') 0.14564264181967693
(90, 45, 29, 0.06, 0.5, 'log2') 0.1453913519430761
(30, 46, None, 0.08, 1.0, 'log2') 0.14532656421514836
(40, 33, 11, 0.06, 0.5, 'log2') 0.1451922020867655
(10, 39, 20, 0.06, 0.5, 'log2') 0.14510550835845437
(10, 25, 17, 0.1, 0.75, 'log2') 0.145085024684586
(90, 29, 14, 0.04, 1.0, 'log2') 0.1450784475639969
(40, 26, 18, 0.08, 0.75, 'log2') 0.14489023051591676
(20, 31, 22, 0.04, 0.5, 'log2') 0.14484065934065954
(10, 37, 34, 0.1, 0.75, 'log2') 0.14473236343672816
(60, 47, None, 0.02, 0.5, 'log2') 0.14466850068775794
(40, 27, 32, 0.02, 1.0, 'log2') 0.14465693028382495
(50, 28, 15, 0.02, 0.75, 'log2') 0.1446069268829028
(70, 31, 39, 0.06, 0.75, 'log2') 0.14451373626373645
(60, 46, 21, 0.06, 0.75, 'log2') 0.14445938529088928
(20, 14, 23, 0.1, 0.75, 'log2') 0.14444353070175475
(30, 39, 26, 0.04, 0.5, 'log2') 0.1444053831365011
(80, 32, 21, 0.04, 0.5, 'log2') 0.14437637362637382
(40, 25, 39, 0.08, 0.5, 'log2') 0.14436627429510013
(30, 4, 12, 0.06, 1.0, 'log2') 0.14434268426842697
(10, 47, 21, 0.08, 0.5, 'log2') 0.14432142857142866
(50, 11, 14, 0.02, 0.5, 'log2') 0.1442931649739227
(10, 13, 14, 0.04, 0.5, 'log2') 0.14424067982456149
(90, 32, 14, 0.04, 0.75, 'log2') 0.14409638554216891
(30, 45, 32, 0.1, 0.5, 'log2') 0.14409377570605983
(30, 23, 26, 0.02, 1.0, 'log2') 0.14378825475599677
(30, 36, 27, 0.1, 0.75, 'log2') 0.1437736366127707
(90, 10, 18, 0.04, 0.75, 'log2') 0.1436598079561045
(50, 48, 14, 0.04, 0.5, 'log2') 0.14364185663279325
(40, 3, 28, 0.06, 1.0, 'log2') 0.14359114512161814
(50, 22, 18, 0.04, 0.5, 'log2') 0.14359087159747042
(10, 21, 21, 0.08, 1.0, 'log2') 0.14357614073666852
(20, 12, 28, 0.04, 0.75, 'log2') 0.14340109890109906
(60, 8, 30, 0.04, 0.75, 'log2') 0.14337537702221023
(40, 33, 24, 0.06, 0.5, 'log2') 0.14334429824561412
(40, 27, 37, 0.04, 1.0, 'log2') 0.14325144907535214
(10, 42, 25, 0.04, 0.5, 'log2') 0.14324835526315807
(70, 37, 12, 0.1, 0.5, 'log2') 0.14317820969066533
(80, 33, 26, 0.02, 0.5, 'log2') 0.1429502337091009
(20, 15, 10, 0.04, 0.75, 'log2') 0.1428194558944765
(20, 3, 25, 0.06, 1.0, 'log2') 0.1427889102388143
(60, 7, 35, 0.08, 1.0, 'log2') 0.14277489768076432
(90, 9, 35, 0.04, 0.75, 'log2') 0.14274171459874038
(50, 39, 21, 0.02, 0.5, 'log2') 0.1426952695269528
(70, 5, 40, 0.04, 0.5, 'log2') 0.1426070252469815
(30, 13, 22, 0.1, 0.5, 'log2') 0.142455516014235
(60, 28, 38, 0.02, 1.0, 'log2') 0.1423454746136866
(10, 15, 29, 0.06, 0.75, 'log2') 0.14226472206934526
(30, 47, 35, 0.04, 0.75, 'log2') 0.14216231086657505
(10, 11, 38, 0.04, 0.5, 'log2') 0.14189263215557388
(80, 33, 40, 0.04, 0.75, 'log2') 0.14180399671502894
(90, 45, 16, 0.04, 0.5, 'log2') 0.1417692307692309
(30, 7, 38, 0.06, 0.75, 'log2') 0.14169403393541352
(90, 16, 19, 0.02, 0.75, 'log2') 0.14161219445207374
(70, 30, 23, 0.02, 0.75, 'log2') 0.141449394939494
(50, 22, 40, 0.1, 0.75, 'log2') 0.14134299781181656
(40, 29, 39, 0.02, 0.5, 'log2') 0.141326558637737
(20, 9, 24, 0.04, 0.75, 'log2') 0.14132493840678897
(80, 16, 37, 0.08, 0.5, 'log2') 0.14131291028446413
(20, 29, 14, 0.04, 0.5, 'log2') 0.14130542550261646
(20, 20, 27, 0.08, 1.0, 'log2') 0.14121844127332617
(30, 28, 32, 0.08, 1.0, 'log2') 0.14115163147792736
(40, 24, 24, 0.04, 0.75, 'log2') 0.14113698630137017
(60, 22, 36, 0.04, 0.5, 'log2') 0.14107553366174058
(50, 43, None, 0.1, 0.5, 'log2') 0.14106633771929833
(50, 33, 28, 0.08, 0.75, 'log2') 0.14104412167717195
(40, 23, 18, 0.08, 0.75, 'log2') 0.1410432639649509
(20, 16, 35, 0.04, 1.0, 'log2') 0.14102937139720023
(30, 12, 37, 0.04, 1.0, 'log2') 0.1409740082079345
(60, 22, 22, 0.06, 0.75, 'log2') 0.1408454570409005
(60, 19, 27, 0.02, 0.5, 'log2') 0.1406767537826686
(10, 41, 25, 0.1, 0.5, 'log2') 0.14054410552349544
(10, 38, 23, 0.06, 1.0, 'log2') 0.14051387743885688
(80, 21, 39, 0.06, 0.75, 'log2') 0.14048647171358317
(90, 15, 36, 0.1, 0.75, 'log2') 0.14048008728859804
(50, 22, 32, 0.06, 0.75, 'log2') 0.1403205479452058
(50, 17, 28, 0.02, 1.0, 'log2') 0.14028060522696012
(50, 43, 21, 0.08, 1.0, 'log2') 0.14025774609267905
(40, 24, 15, 0.1, 0.5, 'log2') 0.14010123119015044
(10, 27, 35, 0.1, 0.5, 'log2') 0.140087791495199
(50, 35, 22, 0.02, 0.75, 'log2') 0.14002477291494633
(80, 41, 14, 0.06, 1.0, 'log2') 0.13992305578455624
(10, 45, 36, 0.04, 0.75, 'log2') 0.1398849315068494
(30, 33, 27, 0.04, 1.0, 'log2') 0.1396678561625034
(50, 29, 21, 0.08, 0.5, 'log2') 0.13942402633022488
(80, 6, 26, 0.1, 0.5, 'log2') 0.13939220496047963
(40, 11, 11, 0.06, 0.75, 'log2') 0.13937946183415725
(90, 9, 10, 0.08, 0.5, 'log2') 0.13935943060498235
(40, 45, 21, 0.04, 0.5, 'log2') 0.1392711771177118
(40, 4, 29, 0.02, 1.0, 'log2') 0.13917763157894741
(80, 9, 25, 0.04, 0.5, 'log2') 0.1391459074733099
(20, 11, 15, 0.06, 1.0, 'log2') 0.13900878638110947
(20, 39, 11, 0.1, 0.5, 'log2') 0.13880198292481405
(20, 49, 30, 0.02, 0.5, 'log2') 0.1385228829816389
(40, 9, 35, 0.1, 0.75, 'log2') 0.13840666848865804
(40, 41, 15, 0.02, 0.5, 'log2') 0.13831222466960355
(10, 48, 34, 0.04, 0.5, 'log2') 0.1383091257878871
(20, 11, 23, 0.08, 0.75, 'log2') 0.13828125000000013
(30, 37, 35, 0.02, 1.0, 'log2') 0.13822704782847722
(10, 34, 15, 0.08, 1.0, 'log2') 0.13820357634112793
(40, 48, 31, 0.02, 1.0, 'log2') 0.13820153761669407
(30, 18, 30, 0.08, 0.5, 'log2') 0.13805312157721805
(40, 29, 13, 0.04, 0.5, 'log2') 0.13797694208070266
(80, 50, None, 0.1, 0.75, 'log2') 0.1379533607681758
(10, 35, 35, 0.06, 0.75, 'log2') 0.13764899752815155
(90, 24, 18, 0.02, 0.5, 'log2') 0.13759427470410132
(40, 8, 32, 0.04, 1.0, 'log2') 0.1375431861804223
(20, 42, 26, 0.02, 0.5, 'log2') 0.13748558880043926
(60, 15, 18, 0.06, 0.5, 'log2') 0.1374389909514671
(30, 31, 23, 0.06, 1.0, 'log2') 0.1374258241758242
(10, 36, None, 0.1, 0.5, 'log2') 0.13718019257221462
(60, 10, 33, 0.1, 0.75, 'log2') 0.13707056892778996
(30, 17, 27, 0.04, 1.0, 'log2') 0.13704801097393693
(50, 6, 33, 0.08, 0.5, 'log2') 0.1370401749111781
(20, 9, 40, 0.1, 1.0, 'log2') 0.1370079604721382
(50, 12, 23, 0.1, 0.75, 'log2') 0.1369674596663934
(10, 19, 26, 0.02, 1.0, 'log2') 0.13673620642327766
(20, 32, 15, 0.02, 0.5, 'log2') 0.1365248421630524
(60, 6, 16, 0.06, 0.5, 'log2') 0.13624622977789966
(60, 31, 11, 0.04, 0.5, 'log2') 0.13620983246360902
(20, 41, 30, 0.08, 0.75, 'log2') 0.1361821173889195
(30, 41, None, 0.04, 0.5, 'log2') 0.136121045392022
(80, 35, 37, 0.02, 1.0, 'log2') 0.13611981313547686
(40, 25, 14, 0.04, 0.5, 'log2') 0.136058353977429
(80, 6, 19, 0.08, 1.0, 'log2') 0.13602620087336256
(10, 34, 29, 0.08, 1.0, 'log2') 0.1360021905805038
(10, 9, 17, 0.06, 0.5, 'log2') 0.13595826468973088
(10, 22, 36, 0.08, 0.5, 'log2') 0.13581529186078378
(90, 44, 27, 0.06, 0.75, 'log2') 0.13562740781507968
(40, 3, 21, 0.02, 0.75, 'log2') 0.13548750343312285
(10, 32, 33, 0.06, 0.5, 'log2') 0.13546077893582015
(70, 29, 24, 0.06, 0.5, 'log2') 0.13546076018594483
(20, 40, 17, 0.06, 0.75, 'log2') 0.13533516483516486
(70, 50, 32, 0.04, 1.0, 'log2') 0.1353239978034048
(60, 23, 28, 0.1, 1.0, 'log2') 0.1352921900600765
(70, 3, 30, 0.02, 0.75, 'log2') 0.13523102310231025
(40, 33, 31, 0.08, 0.5, 'log2') 0.13522072936660304
(10, 27, 40, 0.04, 1.0, 'log2') 0.13513172338090018
(90, 12, 15, 0.08, 0.75, 'log2') 0.1349972647702406
(10, 25, 24, 0.02, 0.5, 'log2') 0.13477091906721536
(10, 41, 28, 0.1, 1.0, 'log2') 0.13467879790460444
(30, 10, 16, 0.02, 0.75, 'log2') 0.13460566089585055
(30, 28, 33, 0.04, 0.75, 'log2') 0.13453116381687805
(40, 29, 29, 0.06, 1.0, 'log2') 0.1344157981349424
(60, 18, 35, 0.08, 1.0, 'log2') 0.13362318840579715
(10, 30, 23, 0.04, 1.0, 'log2') 0.13349149753154146
(20, 24, 23, 0.02, 0.75, 'log2') 0.13345339565576025
(60, 45, 31, 0.1, 0.75, 'log2') 0.13313526834611183
(10, 34, 11, 0.08, 1.0, 'log2') 0.13308539944903583
(80, 26, 27, 0.08, 1.0, 'log2') 0.13301969365426705
(70, 6, 28, 0.08, 1.0, 'log2') 0.13261202185792345
(20, 48, 23, 0.1, 0.5, 'log2') 0.13260642680582269
(80, 37, 16, 0.04, 0.5, 'log2') 0.1323720418271876
(60, 21, 29, 0.02, 0.5, 'log2') 0.13231361760660243
(60, 20, 30, 0.02, 0.5, 'log2') 0.13192127718139268
(50, 31, 29, 0.08, 1.0, 'log2') 0.13184708139216225
(90, 11, 34, 0.04, 1.0, 'log2') 0.1314168490153173
(50, 48, 25, 0.04, 1.0, 'log2') 0.13141131246567814
(80, 12, 31, 0.04, 0.75, 'log2') 0.13126984126984126
(20, 50, 20, 0.08, 0.75, 'log2') 0.13120604395604396
(70, 5, 22, 0.02, 0.5, 'log2') 0.131068281938326
(60, 18, 30, 0.04, 0.75, 'log2') 0.13099562363238504
(40, 34, 12, 0.06, 0.5, 'log2') 0.1308560418387008
(80, 36, 24, 0.1, 0.75, 'log2') 0.13082626538987696
(40, 27, 38, 0.02, 1.0, 'log2') 0.13077134986225894
(20, 19, 40, 0.04, 1.0, 'log2') 0.1307478691229035
(20, 15, 32, 0.02, 0.75, 'log2') 0.1306256890848953
(50, 20, 21, 0.1, 0.75, 'log2') 0.1302815746309459
(10, 14, 40, 0.06, 1.0, 'log2') 0.1300548847420417
(30, 8, 26, 0.08, 1.0, 'log2') 0.12998630887185098
(70, 6, 40, 0.06, 0.5, 'log2') 0.12920087575259986
(90, 23, 12, 0.04, 1.0, 'log2') 0.12905297831457593
(20, 10, 31, 0.04, 1.0, 'log2') 0.12885887541345092
(20, 18, 40, 0.06, 0.75, 'log2') 0.12881770690129232
(20, 20, 40, 0.1, 1.0, 'log2') 0.1287020810514787
(70, 31, None, 0.1, 0.75, 'log2') 0.12863077343536497
(20, 14, 34, 0.1, 0.5, 'log2') 0.12693362589138787
(90, 38, 25, 0.1, 0.5, 'log2') 0.126875341716785
(60, 44, 16, 0.08, 0.5, 'log2') 0.1267757009345795
(40, 24, 29, 0.08, 1.0, 'log2') 0.12662180719582528
(90, 18, 18, 0.08, 0.75, 'log2') 0.12648037077426386
(40, 22, 32, 0.04, 0.5, 'log2') 0.12622001654259715
(30, 8, 29, 0.06, 0.75, 'log2') 0.12621740323908862
(20, 21, 19, 0.1, 0.5, 'log2') 0.12620888157894736
(30, 25, 23, 0.04, 0.5, 'log2') 0.12581888246628126
(10, 31, 37, 0.1, 0.5, 'log2') 0.1257875960482985
(20, 28, 13, 0.1, 0.5, 'log2') 0.12575075487235796
(20, 32, 15, 0.06, 0.5, 'log2') 0.12545629466739963
(40, 5, None, 0.06, 1.0, 'log2') 0.1249822258681979
(90, 38, 32, 0.06, 0.5, 'log2') 0.12495193628124132
(90, 10, 27, 0.04, 0.5, 'log2') 0.12479166666666658
(30, 12, 21, 0.1, 1.0, 'log2') 0.12447065277015905
(80, 37, 28, 0.04, 0.5, 'log2') 0.12423235374897
(10, 16, 35, 0.1, 0.5, 'log2') 0.12319615912208506
(50, 13, 30, 0.02, 0.75, 'log2') 0.12288065843621394
(80, 15, 31, 0.02, 1.0, 'log2') 0.12252608456891811
(40, 11, 30, 0.06, 0.5, 'log2') 0.12246774636288772
(40, 8, 14, 0.1, 0.5, 'log2') 0.12162383816293063
(40, 36, 18, 0.06, 0.75, 'log2') 0.12148544755628778
(10, 38, 30, 0.08, 0.5, 'log2') 0.11991218441273323
(90, 4, 35, 0.08, 0.75, 'log2') 0.11987462523848451
(30, 9, 34, 0.1, 0.5, 'log2') 0.1196471553610502
(50, 10, 30, 0.1, 0.5, 'log2') 0.11840865516296895
(90, 20, 40, 0.06, 0.75, 'log2') 0.11822355834927585
(60, 3, 40, 0.06, 0.75, 'log2') 0.1181512834516657
(50, 9, 24, 0.06, 0.5, 'log2') 0.11705657283410763
(60, 4, 38, 0.1, 0.5, 'log2') 0.11647764449291159
(80, 7, None, 0.1, 0.5, 'log2') 0.116380250954719
(80, 8, 29, 0.02, 0.5, 'log2') 0.11480859267419452
(80, 3, 28, 0.1, 0.5, 'log2') 0.11437125748502995
(70, 23, 23, 0.1, 0.75, 'log2') 0.11178815178815185
(60, 3, 33, 0.1, 0.5, 'log2') 0.11085286103542241
(80, 9, 28, 0.08, 0.75, 'log2') 0.10726304288445773
(50, 4, 37, 0.06, 0.75, 'log2') 0.10448002189381507
(90, 14, 39, 0.1, 0.5, 'log2') 0.10300928454396506