exe: 0.118
var: 0.047

(70, 31, 30, 0.1, 1.0, 'log2') 0.2359724137931038
(70, 34, 22, 0.08, 0.75, 'log2') 0.2259064327485381
(50, 43, 12, 0.1, 1.0, 'log2') 0.2188127982037609
(70, 19, 14, 0.06, 1.0, 'log2') 0.2144843049327356
(50, 15, 22, 0.1, 1.0, 'log2') 0.21372451790633634
(90, 39, 40, 0.04, 1.0, 'log2') 0.21158174692049284
(90, 24, 35, 0.1, 1.0, 'log2') 0.211433662280702
(60, 15, 10, 0.08, 1.0, 'log2') 0.21138291855203614
(90, 26, 33, 0.06, 1.0, 'log2') 0.21134695004140253
(80, 33, 21, 0.04, 1.0, 'log2') 0.2077943661971832
(80, 8, 10, 0.08, 1.0, 'log2') 0.20689174107142874
(60, 45, 22, 0.1, 1.0, 'log2') 0.204488035614914
(60, 24, 33, 0.08, 1.0, 'log2') 0.20084530386740354
(60, 9, 18, 0.1, 1.0, 'log2') 0.2006311745334799
(90, 22, 18, 0.06, 0.75, 'log2') 0.20047460449625323
(60, 16, 38, 0.08, 0.75, 'log2') 0.20024626452684022
(70, 45, 39, 0.06, 1.0, 'log2') 0.19978175713486301
(90, 37, 18, 0.06, 1.0, 'log2') 0.19957624756063597
(60, 47, 17, 0.06, 1.0, 'log2') 0.19941060903732813
(90, 44, 34, 0.06, 1.0, 'log2') 0.19894912427022532
(70, 46, 25, 0.06, 1.0, 'log2') 0.1982509080748814
(70, 23, 26, 0.1, 1.0, 'log2') 0.19709632900910862
(70, 14, 19, 0.08, 0.75, 'log2') 0.19692604856512164
(80, 31, 34, 0.06, 0.75, 'log2') 0.1966163732886281
(80, 32, 20, 0.08, 1.0, 'log2') 0.19595697122101138
(50, 20, 28, 0.1, 0.75, 'log2') 0.1954752008866723
(40, 14, 36, 0.06, 1.0, 'log2') 0.19543746494671888
(80, 10, 10, 0.1, 1.0, 'log2') 0.19491081382385747
(80, 40, 21, 0.06, 0.75, 'log2') 0.19433670601461503
(50, 50, 17, 0.1, 0.75, 'log2') 0.192838330064444
(70, 27, 32, 0.06, 0.75, 'log2') 0.19189114134962543
(30, 27, 32, 0.1, 1.0, 'log2') 0.1916188353301755
(70, 44, 37, 0.06, 1.0, 'log2') 0.19148199832542592
(80, 24, 37, 0.1, 1.0, 'log2') 0.19117421124828557
(70, 46, 27, 0.06, 0.75, 'log2') 0.1907168758716877
(70, 37, 32, 0.06, 0.5, 'log2') 0.19057562076749435
(90, 34, 35, 0.08, 0.75, 'log2') 0.19004416229643942
(70, 18, 40, 0.1, 1.0, 'log2') 0.18978653530377695
(90, 43, 22, 0.08, 0.75, 'log2') 0.18978025034770532
(40, 31, 26, 0.1, 0.75, 'log2') 0.18910510175634246
(80, 11, 33, 0.06, 0.75, 'log2') 0.1887406587323554
(80, 47, 38, 0.06, 0.5, 'log2') 0.18803154041115183
(60, 15, 33, 0.1, 0.75, 'log2') 0.18772727272727277
(70, 40, 11, 0.08, 1.0, 'log2') 0.18755960729312762
(20, 20, 33, 0.1, 1.0, 'log2') 0.1867761692650334
(40, 42, 39, 0.08, 0.75, 'log2') 0.18642335766423376
(70, 26, 30, 0.1, 1.0, 'log2') 0.18629875518672215
(50, 46, 30, 0.1, 0.75, 'log2') 0.18561925967158374
(70, 6, 16, 0.08, 1.0, 'log2') 0.18473972602739774
(80, 39, 37, 0.04, 1.0, 'log2') 0.18428169014084503
(80, 41, 25, 0.06, 0.75, 'log2') 0.18377790178571432
(90, 19, 37, 0.08, 1.0, 'log2') 0.18356612592796273
(60, 7, 14, 0.1, 1.0, 'log2') 0.18353232462173313
(60, 40, 21, 0.06, 1.0, 'log2') 0.18328828828828844
(50, 40, 22, 0.1, 1.0, 'log2') 0.1829936128853097
(60, 25, 23, 0.1, 0.75, 'log2') 0.18294655220160638
(50, 37, 32, 0.08, 0.75, 'log2') 0.18282044121753704
(70, 11, 12, 0.06, 1.0, 'log2') 0.18273999440246308
(50, 16, 17, 0.06, 1.0, 'log2') 0.1824001117630623
(50, 43, 18, 0.1, 0.75, 'log2') 0.18231199329046707
(70, 29, 40, 0.08, 1.0, 'log2') 0.18223702470163772
(80, 30, 14, 0.04, 0.75, 'log2') 0.182034090909091
(30, 18, 22, 0.08, 1.0, 'log2') 0.18175827257431282
(80, 28, 35, 0.04, 1.0, 'log2') 0.18173778775968555
(80, 12, 25, 0.1, 1.0, 'log2') 0.18170858392564274
(90, 23, 32, 0.04, 0.75, 'log2') 0.1815810055865922
(40, 6, 15, 0.1, 1.0, 'log2') 0.18152777777777818
(60, 32, 40, 0.08, 0.75, 'log2') 0.18074622694242598
(90, 34, None, 0.1, 0.75, 'log2') 0.18038832277609487
(70, 7, 10, 0.08, 1.0, 'log2') 0.17839006696428575
(90, 7, 14, 0.08, 1.0, 'log2') 0.17820110192837482
(40, 19, 14, 0.08, 1.0, 'log2') 0.1780638834407397
(80, 43, 31, 0.08, 0.75, 'log2') 0.1780256911477241
(70, 14, 19, 0.06, 1.0, 'log2') 0.17774086378737544
(80, 15, 23, 0.04, 0.75, 'log2') 0.17758041958041976
(90, 28, 32, 0.1, 1.0, 'log2') 0.17739846322722286
(90, 32, 37, 0.1, 0.75, 'log2') 0.17664833654110557
(80, 50, 21, 0.04, 0.75, 'log2') 0.17634512022630844
(60, 20, 35, 0.06, 1.0, 'log2') 0.17617451523545719
(50, 49, 34, 0.06, 0.75, 'log2') 0.17607264472190692
(30, 49, 40, 0.1, 0.5, 'log2') 0.1754591406908172
(80, 8, 12, 0.08, 1.0, 'log2') 0.17512215435868958
(50, 22, 11, 0.08, 1.0, 'log2') 0.1747995482778093
(90, 45, 10, 0.08, 0.75, 'log2') 0.17469930069930065
(60, 13, 16, 0.06, 0.75, 'log2') 0.1746117318435755
(90, 21, 31, 0.04, 1.0, 'log2') 0.17397774687065357
(50, 50, 35, 0.08, 0.5, 'log2') 0.1735555555555555
(50, 50, 36, 0.08, 0.5, 'log2') 0.1735555555555555
(60, 46, 28, 0.06, 0.5, 'log2') 0.1735156470256556
(70, 10, None, 0.1, 0.75, 'log2') 0.17343271334792165
(80, 26, 10, 0.06, 0.75, 'log2') 0.17308102046537707
(70, 33, 13, 0.04, 0.5, 'log2') 0.1728514626526555
(90, 27, 15, 0.06, 1.0, 'log2') 0.17259743875278383
(60, 45, 22, 0.06, 0.75, 'log2') 0.17249508288845197
(60, 40, 24, 0.08, 0.75, 'log2') 0.17240658114891252
(50, 19, 26, 0.1, 0.75, 'log2') 0.17237648357714624
(60, 24, 20, 0.04, 0.5, 'log2') 0.17213638936049797
(60, 16, None, 0.08, 0.75, 'log2') 0.1720324979344534
(90, 12, 37, 0.04, 1.0, 'log2') 0.1719175428887659
(30, 8, 24, 0.08, 1.0, 'log2') 0.1718803894297636
(80, 15, 21, 0.04, 0.75, 'log2') 0.17163082937726892
(70, 38, 15, 0.1, 0.75, 'log2') 0.17134556574923565
(90, 26, 26, 0.08, 0.5, 'log2') 0.17122078636238655
(80, 25, 12, 0.04, 0.75, 'log2') 0.17121418439716315
(60, 45, 39, 0.06, 0.75, 'log2') 0.17119134588367527
(30, 18, 39, 0.1, 1.0, 'log2') 0.17090984974958254
(80, 37, 16, 0.04, 0.5, 'log2') 0.1706472583380441
(50, 17, 28, 0.06, 0.5, 'log2') 0.17060315670800452
(90, 17, 34, 0.04, 1.0, 'log2') 0.17004158580537845
(50, 20, 11, 0.08, 0.75, 'log2') 0.16989876265466813
(80, 42, 28, 0.04, 1.0, 'log2') 0.16939231204070093
(30, 6, 37, 0.1, 0.75, 'log2') 0.1691825990579109
(70, 36, 32, 0.08, 0.75, 'log2') 0.16898863951233045
(40, 42, 18, 0.1, 0.75, 'log2') 0.1688901345291478
(90, 36, 19, 0.06, 1.0, 'log2') 0.16879007527181472
(60, 13, 34, 0.08, 0.75, 'log2') 0.16860522696011
(90, 25, 15, 0.06, 0.5, 'log2') 0.168460677301987
(80, 12, 15, 0.1, 0.5, 'log2') 0.16828878478919826
(60, 22, 10, 0.1, 1.0, 'log2') 0.16810364145658246
(50, 25, 15, 0.04, 1.0, 'log2') 0.16805492638731598
(90, 13, 33, 0.02, 1.0, 'log2') 0.167011526567332
(30, 20, 30, 0.1, 1.0, 'log2') 0.16694529297417382
(80, 38, 29, 0.08, 0.5, 'log2') 0.16689722222222253
(70, 26, 21, 0.04, 1.0, 'log2') 0.1667348081769812
(80, 21, 36, 0.1, 1.0, 'log2') 0.16646398247055613
(50, 43, 15, 0.08, 0.5, 'log2') 0.1664442567567568
(40, 45, 32, 0.08, 1.0, 'log2') 0.16614417435037707
(40, 44, 14, 0.06, 1.0, 'log2') 0.16610797060486152
(70, 45, 27, 0.08, 0.75, 'log2') 0.1657462269424261
(80, 40, 25, 0.04, 0.75, 'log2') 0.16547383309759542
(40, 35, 29, 0.06, 1.0, 'log2') 0.1652946151677473
(30, 42, 19, 0.08, 0.75, 'log2') 0.16517290249433086
(80, 35, None, 0.06, 0.75, 'log2') 0.16515438108483993
(80, 30, 23, 0.06, 0.5, 'log2') 0.1650111607142857
(60, 8, 18, 0.06, 0.75, 'log2') 0.16476640711902113
(60, 18, 40, 0.08, 0.75, 'log2') 0.16475586206896564
(50, 19, 25, 0.08, 0.75, 'log2') 0.16468032106282862
(90, 41, 23, 0.06, 0.75, 'log2') 0.16456066945606687
(70, 32, 14, 0.08, 0.75, 'log2') 0.16437412489498737
(70, 20, 35, 0.08, 1.0, 'log2') 0.16430027548209358
(80, 44, 30, 0.1, 1.0, 'log2') 0.16368958851146104
(60, 34, 34, 0.08, 1.0, 'log2') 0.1634698996655519
(60, 27, 36, 0.08, 0.5, 'log2') 0.16340845854201447
(90, 17, 28, 0.06, 0.75, 'log2') 0.16320077326705335
(30, 39, 38, 0.1, 0.75, 'log2') 0.1626181102362205
(60, 13, 35, 0.1, 0.75, 'log2') 0.16245609220636661
(50, 44, 14, 0.1, 0.75, 'log2') 0.16222067039106142
(80, 21, 33, 0.04, 0.75, 'log2') 0.16208763605916826
(30, 49, 28, 0.08, 0.5, 'log2') 0.1612810383747177
(60, 17, 29, 0.08, 0.75, 'log2') 0.16085706386508142
(60, 24, 18, 0.06, 0.5, 'log2') 0.16010626398210295
(40, 47, 16, 0.06, 0.75, 'log2') 0.15969636776390456
(30, 6, 38, 0.06, 1.0, 'log2') 0.15958414194621545
(40, 49, 31, 0.1, 0.75, 'log2') 0.1591824776785715
(40, 44, 36, 0.08, 0.75, 'log2') 0.15914815856058484
(90, 11, 23, 0.04, 1.0, 'log2') 0.15912850402442416
(40, 34, 27, 0.08, 0.75, 'log2') 0.15911484593837533
(30, 18, 28, 0.1, 1.0, 'log2') 0.15887652947719677
(50, 15, 34, 0.08, 0.75, 'log2') 0.1587430939226518
(60, 29, 36, 0.08, 0.75, 'log2') 0.15869541029207232
(50, 32, 11, 0.1, 0.75, 'log2') 0.15849241998877026
(30, 33, 30, 0.08, 0.75, 'log2') 0.1584074282498593
(40, 37, 31, 0.06, 0.75, 'log2') 0.15831820760068058
(40, 10, 14, 0.1, 1.0, 'log2') 0.15819922308546058
(80, 26, 29, 0.08, 0.5, 'log2') 0.15818510283490833
(50, 24, 24, 0.1, 0.5, 'log2') 0.15803278688524583
(80, 19, 26, 0.08, 0.5, 'log2') 0.15793027116768113
(70, 32, 36, 0.06, 0.5, 'log2') 0.15756453423120093
(80, 9, 39, 0.08, 0.75, 'log2') 0.15755957271980278
(30, 17, 33, 0.06, 1.0, 'log2') 0.15747052217855131
(70, 7, 33, 0.08, 0.75, 'log2') 0.1573639595296695
(40, 6, 26, 0.06, 1.0, 'log2') 0.15720580033463466
(50, 28, 37, 0.1, 0.5, 'log2') 0.1568542769573696
(60, 35, 30, 0.1, 0.75, 'log2') 0.15590418166712813
(60, 17, 14, 0.06, 0.5, 'log2') 0.15526743209185087
(90, 14, 29, 0.04, 0.5, 'log2') 0.1550842223469961
(60, 49, 29, 0.08, 0.5, 'log2') 0.1545980888139403
(40, 38, 32, 0.1, 1.0, 'log2') 0.15445715880547004
(70, 27, 37, 0.08, 0.75, 'log2') 0.15432537479178246
(30, 45, 25, 0.08, 0.75, 'log2') 0.15405968468468467
(30, 19, 25, 0.08, 0.75, 'log2') 0.15396595032096014
(80, 12, 27, 0.06, 0.75, 'log2') 0.15391675854465267
(70, 42, 12, 0.08, 0.5, 'log2') 0.15386599383235205
(50, 11, 32, 0.04, 0.75, 'log2') 0.1537643436887768
(50, 14, 40, 0.06, 0.75, 'log2') 0.15366880401449684
(60, 25, 28, 0.06, 0.5, 'log2') 0.15344031531531518
(30, 33, 40, 0.06, 1.0, 'log2') 0.1532743611345126
(80, 40, None, 0.1, 0.5, 'log2') 0.15318005540166202
(50, 12, 28, 0.04, 0.75, 'log2') 0.15310973898400207
(70, 17, 10, 0.04, 0.5, 'log2') 0.15304992867332373
(90, 20, 32, 0.02, 1.0, 'log2') 0.15294349170649413
(40, 22, 25, 0.06, 1.0, 'log2') 0.15287114845938382
(20, 23, 23, 0.1, 1.0, 'log2') 0.15257812499999987
(80, 18, 11, 0.08, 0.75, 'log2') 0.1521350823332402
(30, 39, 29, 0.1, 1.0, 'log2') 0.15196089385474854
(90, 11, 24, 0.02, 1.0, 'log2') 0.15191238416175232
(60, 26, 32, 0.04, 0.75, 'log2') 0.15160507757404781
(70, 17, None, 0.08, 0.75, 'log2') 0.15151598676956987
(20, 19, 21, 0.1, 0.75, 'log2') 0.15136708860759493
(90, 40, 17, 0.04, 0.75, 'log2') 0.15121195039458854
(50, 37, 22, 0.08, 0.75, 'log2') 0.15114125874125864
(50, 7, 38, 0.08, 0.75, 'log2') 0.15091083676268852
(60, 9, 24, 0.08, 0.75, 'log2') 0.15053024026512016
(50, 6, 18, 0.06, 0.5, 'log2') 0.1501391594767602
(90, 15, 25, 0.08, 0.5, 'log2') 0.14967777471770882
(80, 33, 33, 0.06, 0.5, 'log2') 0.14965382467895016
(80, 22, 13, 0.1, 0.5, 'log2') 0.14940393678957598
(60, 25, 37, 0.1, 0.75, 'log2') 0.14905461602439712
(80, 33, 19, 0.1, 0.5, 'log2') 0.14881163434903036
(80, 4, 20, 0.06, 0.75, 'log2') 0.14852472527472516
(90, 23, 15, 0.1, 0.75, 'log2') 0.1483637368711996
(50, 3, 40, 0.04, 1.0, 'log2') 0.14829551743220798
(40, 8, 28, 0.1, 1.0, 'log2') 0.1479543579873522
(80, 41, 32, 0.06, 0.5, 'log2') 0.14774120956399436
(50, 21, 34, 0.04, 1.0, 'log2') 0.1474471682163988
(50, 34, 40, 0.08, 0.5, 'log2') 0.14720393811533045
(50, 39, 21, 0.04, 1.0, 'log2') 0.14704718847131945
(70, 16, 20, 0.08, 0.75, 'log2') 0.14683540802213005
(80, 24, 22, 0.1, 0.75, 'log2') 0.1459647188533626
(80, 11, None, 0.08, 0.5, 'log2') 0.14582093663911835
(30, 14, 33, 0.08, 0.75, 'log2') 0.1454979079497909
(80, 44, 35, 0.06, 0.5, 'log2') 0.14544895104895092
(70, 22, 33, 0.1, 0.75, 'log2') 0.1454002192982455
(90, 48, 14, 0.02, 1.0, 'log2') 0.14426541631145198
(40, 33, 18, 0.06, 1.0, 'log2') 0.14416525662718538
(80, 15, 37, 0.06, 0.5, 'log2') 0.14358328721638072
(30, 40, 33, 0.08, 0.5, 'log2') 0.14285029602480964
(90, 47, 12, 0.08, 0.5, 'log2') 0.14261791794585546
(80, 44, 39, 0.1, 0.5, 'log2') 0.14258414464534083
(90, 45, 40, 0.02, 1.0, 'log2') 0.1422523285351396
(20, 49, 34, 0.08, 1.0, 'log2') 0.14202975856260522
(30, 4, 40, 0.08, 0.5, 'log2') 0.14199165507649497
(60, 37, 16, 0.04, 1.0, 'log2') 0.1417950169875425
(40, 40, 11, 0.06, 0.75, 'log2') 0.14158775163028067
(90, 31, 37, 0.08, 0.5, 'log2') 0.14146138942706873
(90, 27, None, 0.02, 0.75, 'log2') 0.1414040033831407
(80, 38, 36, 0.02, 0.75, 'log2') 0.14113475177304954
(40, 10, 23, 0.1, 0.75, 'log2') 0.14112894299944642
(40, 27, 32, 0.06, 0.5, 'log2') 0.1408300506471581
(70, 6, 35, 0.06, 1.0, 'log2') 0.14047136201699076
(50, 22, 27, 0.08, 0.5, 'log2') 0.14029829941455255
(40, 6, 27, 0.08, 1.0, 'log2') 0.14015405777166423
(60, 48, 15, 0.04, 0.75, 'log2') 0.14005367231638413
(50, 35, 19, 0.06, 0.75, 'log2') 0.13907584269662926
(50, 41, 36, 0.04, 0.5, 'log2') 0.139046136427965
(30, 34, 21, 0.08, 0.5, 'log2') 0.13822103185790793
(40, 39, 35, 0.1, 0.5, 'log2') 0.13818999437886434
(70, 26, 16, 0.06, 0.5, 'log2') 0.13793788472299928
(60, 27, 29, 0.06, 0.5, 'log2') 0.13790005614823134
(80, 45, 34, 0.08, 0.5, 'log2') 0.13774094707520879
(70, 5, 33, 0.08, 1.0, 'log2') 0.13759213759213745
(30, 26, 33, 0.08, 0.75, 'log2') 0.13727247032221587
(80, 7, 10, 0.04, 0.5, 'log2') 0.1368602334187304
(60, 8, 10, 0.04, 0.75, 'log2') 0.13684374999999993
(70, 11, 15, 0.1, 0.5, 'log2') 0.13672737306843252
(90, 42, 29, 0.02, 1.0, 'log2') 0.13672516275120297
(50, 11, 17, 0.06, 0.5, 'log2') 0.13644581695676578
(50, 24, 17, 0.08, 0.75, 'log2') 0.13638702460850102
(30, 13, 32, 0.06, 0.75, 'log2') 0.1363185890257558
(40, 14, 12, 0.06, 0.75, 'log2') 0.13605426794799325
(90, 40, None, 0.02, 1.0, 'log2') 0.13580028129395225
(90, 32, 13, 0.02, 0.75, 'log2') 0.13576933975630484
(90, 6, 30, 0.08, 1.0, 'log2') 0.13576807639836275
(70, 46, 10, 0.04, 0.5, 'log2') 0.13573789173789175
(50, 44, 38, 0.08, 0.5, 'log2') 0.13546625595071407
(90, 4, 31, 0.06, 0.75, 'log2') 0.13536885245901645
(50, 10, 30, 0.08, 0.5, 'log2') 0.1351093274287295
(30, 10, 33, 0.08, 0.75, 'log2') 0.13443575418994408
(80, 50, 35, 0.1, 0.75, 'log2') 0.13388827433628323
(30, 43, 36, 0.06, 0.75, 'log2') 0.13373163841807906
(80, 16, 39, 0.02, 1.0, 'log2') 0.1334085778781039
(20, 26, 20, 0.08, 1.0, 'log2') 0.1333417721518986
(90, 10, 24, 0.02, 1.0, 'log2') 0.13294695481335955
(40, 29, 22, 0.08, 0.75, 'log2') 0.13268940452893474
(30, 38, 17, 0.08, 0.5, 'log2') 0.13208921513269345
(50, 31, 15, 0.06, 0.5, 'log2') 0.13178561354019744
(30, 49, 22, 0.1, 0.5, 'log2') 0.13166666666666654
(30, 45, 35, 0.08, 0.5, 'log2') 0.13131009277481018
(50, 6, 37, 0.1, 0.5, 'log2') 0.1309467618002194
(20, 29, 24, 0.1, 0.5, 'log2') 0.1307778399552323
(60, 11, 16, 0.08, 0.5, 'log2') 0.13046775532798216
(40, 9, 27, 0.08, 1.0, 'log2') 0.12995588640749928
(50, 8, 27, 0.04, 0.75, 'log2') 0.12985178970917224
(70, 3, 17, 0.1, 0.75, 'log2') 0.12983333333333333
(20, 40, 19, 0.1, 1.0, 'log2') 0.1295749504108811
(80, 27, 37, 0.1, 0.5, 'log2') 0.12939645625692137
(90, 4, 30, 0.08, 0.75, 'log2') 0.1292757584039355
(60, 5, 38, 0.1, 1.0, 'log2') 0.12878308321964524
(60, 36, 26, 0.06, 0.5, 'log2') 0.12873595505617985
(30, 13, 27, 0.06, 1.0, 'log2') 0.1273215785054576
(40, 47, 24, 0.04, 1.0, 'log2') 0.12687853107344646
(70, 3, 38, 0.08, 1.0, 'log2') 0.12665939460049072
(30, 17, 31, 0.06, 0.75, 'log2') 0.126380659586361
(20, 8, 12, 0.1, 0.75, 'log2') 0.12593450028232633
(90, 24, 19, 0.02, 1.0, 'log2') 0.12564479638009052
(80, 24, 20, 0.02, 1.0, 'log2') 0.12550197405527358
(30, 46, 12, 0.1, 0.5, 'log2') 0.12548478015783524
(60, 11, 21, 0.04, 0.5, 'log2') 0.12548152295632703
(90, 3, 15, 0.08, 0.5, 'log2') 0.1248285322359395
(70, 37, 33, 0.02, 1.0, 'log2') 0.12480931015143015
(90, 18, 36, 0.08, 0.5, 'log2') 0.1246574585635359
(50, 46, 40, 0.04, 0.75, 'log2') 0.12437995469988683
(50, 46, None, 0.04, 0.75, 'log2') 0.12437995469988683
(20, 40, 15, 0.1, 1.0, 'log2') 0.12342268623024831
(90, 39, 24, 0.08, 0.5, 'log2') 0.12239009460211454
(60, 18, 13, 0.08, 0.5, 'log2') 0.12222999440402915
(40, 38, 12, 0.06, 0.75, 'log2') 0.12221186440677966
(70, 23, 31, 0.06, 0.5, 'log2') 0.12203408773400383
(20, 19, 31, 0.08, 1.0, 'log2') 0.12172307692307698
(90, 3, 16, 0.02, 1.0, 'log2') 0.12117086834733896
(60, 18, 31, 0.04, 0.5, 'log2') 0.12040406894602994
(70, 14, 34, 0.02, 1.0, 'log2') 0.1200757575757577
(60, 48, 26, 0.1, 0.5, 'log2') 0.12005580357142855
(60, 4, 24, 0.06, 1.0, 'log2') 0.11988995873452529
(70, 40, 34, 0.1, 0.5, 'log2') 0.11988604780433569
(70, 3, 27, 0.1, 1.0, 'log2') 0.11960207140910328
(30, 20, 36, 0.1, 0.5, 'log2') 0.11927697441601769
(20, 21, 15, 0.1, 0.75, 'log2') 0.1190269209197982
(90, 32, 27, 0.02, 0.75, 'log2') 0.1188438818565402
(20, 30, 33, 0.06, 0.75, 'log2') 0.11822585187271194
(30, 3, 12, 0.08, 1.0, 'log2') 0.11791023842917263
(40, 37, 10, 0.06, 0.75, 'log2') 0.1173908111174135
(30, 7, 19, 0.04, 1.0, 'log2') 0.1166928471248246
(20, 23, 19, 0.08, 0.5, 'log2') 0.11570541760722343
(30, 38, 37, 0.04, 1.0, 'log2') 0.11494483734087696
(70, 14, None, 0.02, 0.5, 'log2') 0.11493945367502119
(80, 50, 38, 0.02, 1.0, 'log2') 0.11455293783707077
(30, 19, 33, 0.06, 0.5, 'log2') 0.113933502395041
(80, 27, 13, 0.02, 0.75, 'log2') 0.11358474576271206
(80, 33, 28, 0.02, 0.75, 'log2') 0.11286889897843375
(80, 7, 21, 0.02, 0.5, 'log2') 0.11231834888323444
(20, 28, 36, 0.1, 0.75, 'log2') 0.11171115481876935
(40, 6, 36, 0.04, 0.75, 'log2') 0.11099832214765094
(20, 36, 23, 0.1, 0.5, 'log2') 0.11081073446327692
(90, 32, 27, 0.02, 0.5, 'log2') 0.11048483130138939
(20, 7, 10, 0.1, 1.0, 'log2') 0.10990076552310743
(40, 8, 17, 0.06, 0.5, 'log2') 0.10957589285714298
(80, 46, 11, 0.02, 0.75, 'log2') 0.10942840973401251
(70, 12, 37, 0.02, 0.75, 'log2') 0.10917346078155758
(60, 9, 11, 0.02, 0.75, 'log2') 0.10901704545454557
(60, 8, 39, 0.02, 0.75, 'log2') 0.10792447552447558
(30, 32, 19, 0.04, 0.5, 'log2') 0.10752329850324774
(60, 22, 40, 0.08, 0.5, 'log2') 0.1071305555555555
(20, 33, 26, 0.08, 0.75, 'log2') 0.10673206278026907
(90, 24, 13, 0.02, 0.5, 'log2') 0.10634429948950665
(90, 40, 15, 0.02, 0.5, 'log2') 0.1059272829763248
(90, 50, 24, 0.02, 0.5, 'log2') 0.10563316297558215
(30, 18, 11, 0.08, 0.5, 'log2') 0.10540395480225992
(20, 42, 20, 0.1, 0.75, 'log2') 0.10481304470059054
(50, 16, 37, 0.02, 1.0, 'log2') 0.10441748942172084
(30, 17, 33, 0.04, 1.0, 'log2') 0.10229623383923568
(40, 17, 21, 0.04, 1.0, 'log2') 0.10210600507471114
(60, 30, 33, 0.1, 0.5, 'log2') 0.10146117450598371
(30, 19, 14, 0.04, 1.0, 'log2') 0.09996048546429584
(30, 9, 24, 0.04, 1.0, 'log2') 0.09992434855701876
(80, 44, 39, 0.02, 1.0, 'log2') 0.09985015549901059
(60, 15, 38, 0.02, 0.75, 'log2') 0.09949051797339381
(70, 43, 21, 0.02, 0.5, 'log2') 0.0993155353592729
(30, 18, 23, 0.04, 1.0, 'log2') 0.09812886888013515
(30, 4, 21, 0.06, 0.75, 'log2') 0.09775948660714295
(70, 19, 39, 0.02, 0.5, 'log2') 0.09759049773755665
(70, 4, 37, 0.02, 0.75, 'log2') 0.09638345444382342
(30, 21, 12, 0.06, 0.75, 'log2') 0.09637599093997745
(20, 44, 34, 0.08, 1.0, 'log2') 0.09531276297335212
(20, 5, 11, 0.06, 0.5, 'log2') 0.09454006772009031
(90, 41, 38, 0.02, 0.5, 'log2') 0.09440421892816427
(40, 46, 34, 0.04, 0.5, 'log2') 0.09429300085009913
(30, 44, 39, 0.06, 0.75, 'log2') 0.09307975113122184
(70, 22, 12, 0.02, 0.5, 'log2') 0.0929742719819056
(30, 4, 16, 0.04, 0.5, 'log2') 0.09048314606741575
(20, 6, 10, 0.06, 1.0, 'log2') 0.0902517680339463
(50, 20, 35, 0.02, 1.0, 'log2') 0.09000562271577174
(10, 38, 37, 0.1, 0.75, 'log2') 0.08808361391694723
(20, 20, 32, 0.08, 0.5, 'log2') 0.08731221973094169
(50, 25, 39, 0.02, 0.75, 'log2') 0.08657014337925219
(30, 9, 39, 0.06, 0.5, 'log2') 0.08613764044943828
(10, 25, 24, 0.08, 1.0, 'log2') 0.08448922474111394
(60, 3, 36, 0.1, 0.5, 'log2') 0.08366520787746175
(30, 39, 32, 0.04, 0.5, 'log2') 0.0830273933916973
(20, 43, 32, 0.06, 0.75, 'log2') 0.0828438030560272
(10, 6, 33, 0.1, 1.0, 'log2') 0.0827977839335181
(60, 26, None, 0.02, 0.5, 'log2') 0.08245920090039395
(30, 5, 10, 0.04, 0.5, 'log2') 0.08180575334662499
(10, 20, 28, 0.1, 0.75, 'log2') 0.08032979318054782
(50, 4, 24, 0.02, 0.75, 'log2') 0.0803279147982063
(50, 11, 25, 0.02, 1.0, 'log2') 0.08029750210496779
(10, 26, 39, 0.1, 1.0, 'log2') 0.07968213783403659
(50, 42, 17, 0.02, 1.0, 'log2') 0.07923642533936652
(50, 6, None, 0.02, 1.0, 'log2') 0.07712576516416249
(50, 23, 28, 0.02, 0.75, 'log2') 0.07374295377677567
(10, 9, 14, 0.1, 0.75, 'log2') 0.07276888514462233
(40, 9, 27, 0.02, 0.75, 'log2') 0.07224581005586594
(50, 27, 25, 0.02, 0.75, 'log2') 0.07183309759547386
(70, 39, 12, 0.02, 0.5, 'log2') 0.07125707814269538
(30, 24, 31, 0.04, 0.5, 'log2') 0.07038702333523056
(30, 25, 18, 0.06, 0.5, 'log2') 0.06855972889014418
(10, 16, 37, 0.1, 1.0, 'log2') 0.06788752098489088
(50, 5, 27, 0.02, 1.0, 'log2') 0.06748249789974799
(30, 45, 37, 0.04, 0.5, 'log2') 0.06589452792741711
(60, 46, 35, 0.02, 0.5, 'log2') 0.06569892473118283
(60, 28, 36, 0.02, 0.5, 'log2') 0.06554588829637949
(30, 43, 11, 0.04, 0.5, 'log2') 0.06534732066912394
(70, 46, 11, 0.02, 0.5, 'log2') 0.06436173223889051
(20, 31, 28, 0.08, 0.5, 'log2') 0.0637151702786378
(50, 28, 18, 0.02, 0.75, 'log2') 0.06358356940509917
(10, 36, 19, 0.1, 1.0, 'log2') 0.06343258426966294
(20, 48, 36, 0.04, 1.0, 'log2') 0.06239830508474579
(10, 7, 36, 0.1, 0.75, 'log2') 0.06034674063800284
(10, 25, 32, 0.08, 0.75, 'log2') 0.05961538461538465
(20, 35, 27, 0.06, 0.5, 'log2') 0.05945104697226939
(50, 40, 35, 0.02, 1.0, 'log2') 0.05812324141812047
(20, 13, 16, 0.04, 0.5, 'log2') 0.05531980839673151
(40, 4, 16, 0.02, 1.0, 'log2') 0.05320404721753798
(10, 10, 13, 0.08, 1.0, 'log2') 0.052465560865898264
(50, 36, 23, 0.02, 0.75, 'log2') 0.050608622147083705
(30, 50, 22, 0.04, 0.5, 'log2') 0.05039466212379336
(20, 44, 17, 0.06, 0.75, 'log2') 0.049679144385026776
(20, 35, None, 0.04, 0.75, 'log2') 0.047724449463579954
(10, 9, 22, 0.1, 0.5, 'log2') 0.0468638888888889
(50, 36, 25, 0.02, 0.5, 'log2') 0.0457833380722207
(10, 12, 15, 0.06, 1.0, 'log2') 0.045774093846586164
(40, 6, 30, 0.02, 0.75, 'log2') 0.04392746696654492
(10, 46, 26, 0.1, 0.75, 'log2') 0.043488372093023295
(20, 4, 33, 0.04, 0.5, 'log2') 0.04329799107142857
(50, 48, 19, 0.02, 0.5, 'log2') 0.0416358463726885
(20, 12, 21, 0.06, 0.5, 'log2') 0.04123038116591932
(40, 14, 20, 0.02, 0.75, 'log2') 0.04093961625282171
(50, 24, 25, 0.02, 0.5, 'log2') 0.04062059238363898
(10, 9, 35, 0.06, 1.0, 'log2') 0.03966564502646979
(20, 50, 38, 0.06, 0.5, 'log2') 0.039334660221779935
(20, 27, 32, 0.04, 0.75, 'log2') 0.03782203389830514
(20, 27, 26, 0.04, 0.5, 'log2') 0.0377093872962339
(20, 39, 10, 0.04, 0.75, 'log2') 0.037609742282639545
(30, 48, 12, 0.04, 0.5, 'log2') 0.0365486976217441
(40, 26, 24, 0.02, 0.5, 'log2') 0.0359295774647888
(10, 36, 15, 0.08, 0.75, 'log2') 0.03468794125953123
(20, 8, 37, 0.04, 0.5, 'log2') 0.03461366806136682
(10, 28, 11, 0.08, 1.0, 'log2') 0.03350395927601809
(10, 48, 34, 0.1, 0.5, 'log2') 0.0331833520809899
(20, 7, 39, 0.04, 0.5, 'log2') 0.03221137757947575
(10, 7, 34, 0.08, 0.5, 'log2') 0.030907308877065262
(20, 43, 26, 0.04, 0.5, 'log2') 0.030774248440158858
(40, 22, 24, 0.02, 0.75, 'log2') 0.029349112426035523
(10, 5, 10, 0.08, 0.75, 'log2') 0.02925662204500139
(10, 47, 31, 0.08, 0.75, 'log2') 0.02767676767676774
(30, 9, 20, 0.02, 1.0, 'log2') 0.025095774647887384
(10, 3, 15, 0.1, 0.75, 'log2') 0.024288901282766336
(20, 22, None, 0.04, 0.75, 'log2') 0.023969101123595554
(10, 21, 13, 0.06, 1.0, 'log2') 0.02388984018264842
(40, 16, 17, 0.02, 0.5, 'log2') 0.023169907016060854
(10, 14, 36, 0.06, 0.5, 'log2') 0.020665920537213285
(10, 5, 37, 0.06, 0.75, 'log2') 0.019958147321428612
(30, 26, 38, 0.02, 1.0, 'log2') 0.01894573205200684
(10, 18, 32, 0.08, 0.75, 'log2') 0.016905500705218367
(30, 46, 19, 0.02, 1.0, 'log2') 0.016648679352456737
(10, 38, 38, 0.08, 0.75, 'log2') 0.016630681818181815
(30, 24, 17, 0.02, 1.0, 'log2') 0.01651300904977383
(10, 29, 28, 0.08, 1.0, 'log2') 0.015762426284751507
(40, 39, 10, 0.02, 0.75, 'log2') 0.015478087649402427
(30, 3, 27, 0.02, 0.5, 'log2') 0.011703682878830451
(20, 38, 40, 0.04, 0.75, 'log2') 0.011124611472167326
(30, 15, 24, 0.02, 1.0, 'log2') 0.011019431146156005
(10, 50, 17, 0.06, 0.75, 'log2') 0.008322928490351864
(40, 27, 10, 0.02, 0.5, 'log2') 0.008218554354012553
(30, 41, 18, 0.02, 0.75, 'log2') 0.007345783814374661
(10, 5, 23, 0.06, 0.75, 'log2') 0.0051521071727602405
(10, 11, 30, 0.06, 0.5, 'log2') 0.002921222315671449
(20, 44, 15, 0.04, 0.5, 'log2') 0.0006216139150271628
(30, 46, 18, 0.02, 0.5, 'log2') -0.002083689154568866
(10, 11, 37, 0.06, 0.5, 'log2') -0.002853945159485109
(30, 25, 17, 0.02, 0.5, 'log2') -0.0075704622322436375
(30, 32, 22, 0.02, 0.75, 'log2') -0.014200396263798478
(10, 32, 22, 0.06, 0.5, 'log2') -0.018817204301075446
(10, 10, 15, 0.04, 1.0, 'log2') -0.035318373071528915
(10, 17, 30, 0.04, 0.5, 'log2') -0.04031692133559723
(10, 38, 18, 0.04, 1.0, 'log2') -0.042335414301929865
(10, 32, 22, 0.04, 0.75, 'log2') -0.044236189402480426
(10, 12, 27, 0.04, 0.5, 'log2') -0.04495057893250504
(20, 21, 30, 0.02, 0.75, 'log2') -0.04778125000000022
(20, 22, 15, 0.02, 0.5, 'log2') -0.05190625000000018
(20, 32, 39, 0.02, 0.5, 'log2') -0.05576758758188571
(20, 49, 19, 0.02, 0.5, 'log2') -0.06389047347404467
(10, 12, 28, 0.02, 0.75, 'log2') -0.0737517590768366
(10, 6, 22, 0.02, 0.75, 'log2') -0.07434721440630285
(10, 12, 23, 0.02, 1.0, 'log2') -0.07646075375460482
(10, 50, 10, 0.04, 0.75, 'log2') -0.07684692417739637
(10, 6, 29, 0.02, 0.75, 'log2') -0.07768756998880194
(10, 41, 13, 0.04, 0.5, 'log2') -0.07992875463094914
(10, 9, None, 0.02, 0.5, 'log2') -0.08274084507042259
(10, 18, 24, 0.02, 0.5, 'log2') -0.08732561423326755
(10, 20, 15, 0.02, 0.5, 'log2') -0.08831635540464075
(10, 27, 32, 0.02, 1.0, 'log2') -0.09030977189524089
(10, 28, 29, 0.02, 0.75, 'log2') -0.09073782033230089
(10, 34, 10, 0.02, 0.75, 'log2') -0.09364662715213103
(10, 21, 24, 0.02, 1.0, 'log2') -0.09587153367289207
(10, 15, 23, 0.02, 0.5, 'log2') -0.09658853431234124
(10, 14, 13, 0.02, 0.75, 'log2') -0.09737732656514392
(10, 46, 16, 0.02, 1.0, 'log2') -0.09781541066892462
(10, 29, 15, 0.02, 0.5, 'log2') -0.1051342187058491
(10, 29, 13, 0.02, 0.5, 'log2') -0.10754455445544558